           0        -nan        -nan        -nan
           1    0.131788    0.131788           0
           2    0.103332     0.11756   0.0100607
           3    0.134448    0.123189  0.00813093
           4    0.133592     0.12579  0.00650082
           5    0.117956    0.124223  0.00538616
           6    0.099532    0.120108  0.00585309
           7    0.091108    0.115965  0.00631514
           8    0.117124     0.11611  0.00552741
           9    0.099332    0.114246  0.00521816
          10    0.093296    0.112151  0.00509958
          11    0.099384     0.11099  0.00476623
          12    0.125864     0.11223  0.00452734
          13    0.085748    0.110193  0.00461466
          14     0.11534     0.11056  0.00429967
          15    0.089028    0.109125  0.00424589
          16    0.137568    0.110902  0.00433673
          17    0.057564    0.107765  0.00509165
          18    0.122484    0.108583    0.004874
          19     0.10286    0.108281  0.00462677
          20    0.119452     0.10884  0.00442902
           0        -nan        -nan        -nan
           1    0.117956    0.117956           0
           2    0.099532    0.108744  0.00651387
           3    0.091108    0.102865   0.0064728
           4    0.117124     0.10643  0.00575302
           5    0.099332     0.10501  0.00477436
           6    0.093296    0.103058  0.00435959
           7    0.099384    0.102533  0.00376826
           8    0.125864    0.105449  0.00427945
           9    0.085748     0.10326  0.00432777
          10     0.11534    0.104468  0.00406008
          11    0.089028    0.103065  0.00392613
          12    0.137568     0.10594  0.00453108
          13    0.057564    0.102219  0.00550236
          14    0.122484    0.103666  0.00529632
          15     0.10286    0.103613   0.0049435
          16    0.119452    0.104602  0.00473262
          17    0.062032    0.102098  0.00507366
          18    0.131132    0.103711  0.00504167
          19    0.114144     0.10426  0.00480613
          20    0.138496    0.105972  0.00486111
           0        -nan        -nan        -nan
           1    0.131788    0.131788           0
           2    0.103332     0.11756   0.0100607
           3    0.134448    0.123189  0.00813093
           4    0.133592     0.12579  0.00650082
           5    0.117956    0.124223  0.00538616
           6    0.099532    0.120108  0.00585309
           7    0.091108    0.115965  0.00631514
           8    0.117124     0.11611  0.00552741
           9    0.099332    0.114246  0.00521816
          10    0.093296    0.112151  0.00509958
          11    0.099384     0.11099  0.00476623
          12    0.125864     0.11223  0.00452734
          13    0.085748    0.110193  0.00461466
          14     0.11534     0.11056  0.00429967
          15    0.089028    0.109125  0.00424589
          16    0.137568    0.110902  0.00433673
          17    0.057564    0.107765  0.00509165
          18    0.122484    0.108583    0.004874
          19     0.10286    0.108281  0.00462677
          20    0.119452     0.10884  0.00442902
           0        -nan        -nan        -nan
           1    0.103332    0.103332           0
           2    0.134448     0.11889   0.0110012
           3    0.133592    0.123791  0.00835465
           4    0.117956    0.122332  0.00639206
           5    0.099532    0.117772  0.00654097
           6    0.091108    0.113328  0.00679477
           7    0.117124     0.11387  0.00584569
           8    0.099332    0.112053  0.00539006
           9    0.093296    0.109969  0.00517843
          10    0.099384     0.10891  0.00476754
          11    0.125864    0.110452  0.00457647
          12    0.085748    0.108393  0.00463505
          13     0.11534    0.108927   0.0043092
          14    0.089028    0.107506  0.00422933
          15    0.137568     0.10951  0.00439665
          16    0.057564    0.106263  0.00518378
          17    0.122484    0.107218  0.00496589
          18     0.10286    0.106976   0.0046959
          19    0.119452    0.107632  0.00449443
          20    0.062032    0.105352  0.00481341
           0        -nan        -nan        -nan
           1    0.131132    0.131132           0
           2    0.114144    0.122638  0.00600616
           3    0.138496    0.127924  0.00588734
           4    0.136872    0.130161  0.00482181
           5    0.108696    0.125868  0.00544277
           6    0.099256    0.121433  0.00607993
           7    0.058408    0.112429  0.00983063
           8    0.114484    0.112686  0.00860516
           9    0.134248    0.115082  0.00797556
          10    0.096896    0.113263  0.00738243
          11    0.064816    0.108859  0.00791681
          12    0.132836    0.110857  0.00750499
          13    0.112448    0.110979  0.00692868
          14     0.12754    0.112162  0.00653397
          15    0.152244    0.114834  0.00662226
          16    0.093688    0.113513  0.00633888
          17    0.076752     0.11135  0.00632409
          18    0.121868    0.111935  0.00599969
          19    0.121028    0.112413  0.00570297
          20     0.13156    0.113371  0.00549759
          21    0.122744    0.113817  0.00525389
          22    0.095456    0.112982  0.00508093
          23     0.09152    0.112049  0.00494496
          24    0.093168    0.111262   0.0048011
          25     0.08658    0.110275  0.00470947
          26    0.102188    0.109964   0.0045386
          27    0.103748    0.109734  0.00437634
          28    0.097824    0.109309  0.00424066
          29    0.094608    0.108802  0.00412462
          30    0.106012    0.108709  0.00398818
          31     0.05452    0.106961  0.00422528
          32    0.115652    0.107232  0.00410196
          33    0.108436    0.107269  0.00397782
          34     0.12308    0.107734  0.00388791
          35     0.15768    0.109161  0.00403022
          36    0.136996    0.109934  0.00399175
          37    0.093328    0.109485  0.00390902
          38    0.115932    0.109655  0.00380983
          39    0.112652    0.109732  0.00371291
          40    0.085252     0.10912  0.00367018
           0        -nan        -nan        -nan
           1    0.131132    0.131132           0
           2    0.114144    0.122638  0.00600616
           3    0.138496    0.127924  0.00588734
           4    0.136872    0.130161  0.00482181
           5    0.108696    0.125868  0.00544277
           6    0.099256    0.121433  0.00607993
           7    0.058408    0.112429  0.00983063
           8    0.114484    0.112686  0.00860516
           9    0.134248    0.115082  0.00797556
          10    0.096896    0.113263  0.00738243
          11    0.064816    0.108859  0.00791681
          12    0.132836    0.110857  0.00750499
          13    0.112448    0.110979  0.00692868
          14     0.12754    0.112162  0.00653397
          15    0.152244    0.114834  0.00662226
          16    0.093688    0.113513  0.00633888
          17    0.076752     0.11135  0.00632409
          18    0.121868    0.111935  0.00599969
          19    0.121028    0.112413  0.00570297
          20     0.13156    0.113371  0.00549759
          21    0.122744    0.113817  0.00525389
          22    0.095456    0.112982  0.00508093
          23     0.09152    0.112049  0.00494496
          24    0.093168    0.111262   0.0048011
          25     0.08658    0.110275  0.00470947
          26    0.102188    0.109964   0.0045386
          27    0.103748    0.109734  0.00437634
          28    0.097824    0.109309  0.00424066
          29    0.094608    0.108802  0.00412462
          30    0.106012    0.108709  0.00398818
          31     0.05452    0.106961  0.00422528
          32    0.115652    0.107232  0.00410196
          33    0.108436    0.107269  0.00397782
          34     0.12308    0.107734  0.00388791
          35     0.15768    0.109161  0.00403022
          36    0.136996    0.109934  0.00399175
          37    0.093328    0.109485  0.00390902
          38    0.115932    0.109655  0.00380983
          39    0.112652    0.109732  0.00371291
          40    0.085252     0.10912  0.00367018
