           0        -nan        -nan        -nan
           1    0.200168    0.200168           0
           2    0.233096    0.216632   0.0116418
           3    0.198124    0.210463  0.00925257
           4    0.224788    0.214044    0.007601
           5      0.2003    0.211295  0.00655902
           6    0.216456    0.212155  0.00552196
           7      0.1921     0.20929   0.0054257
           8    0.226904    0.211492  0.00517496
           9    0.124588    0.201836   0.0101999
          10    0.187948    0.200447  0.00927399
          11     0.17528    0.198159  0.00870855
          12    0.222492    0.200187  0.00821551
          13    0.164112    0.197412  0.00803856
          14      0.2058    0.198011  0.00748668
          15    0.135856    0.193867  0.00805304
          16    0.229656    0.196104  0.00785422
          17      0.1577    0.193845  0.00771025
          18    0.235288    0.196148  0.00761791
          19    0.185232    0.195573   0.0072386
          20    0.256292    0.198609   0.0074863
           0        -nan        -nan        -nan
           1      0.2003      0.2003           0
           2    0.216456    0.208378  0.00571201
           3      0.1921    0.202952  0.00584197
           4    0.226904     0.20894  0.00678892
           5    0.124588     0.19207    0.016037
           6    0.187948    0.191383   0.0133789
           7     0.17528    0.189082   0.0116637
           8    0.222492    0.193258   0.0109278
           9    0.164112     0.19002   0.0101822
          10      0.2058    0.191598  0.00928545
          11    0.135856    0.186531  0.00972628
          12    0.229656    0.190124  0.00955666
          13      0.1577     0.18763  0.00914122
          14    0.235288    0.191034  0.00910006
          15    0.185232    0.190647  0.00850161
          16    0.256292     0.19475  0.00890538
          17    0.139008    0.191471  0.00896489
          18    0.233324    0.193796  0.00876318
          19    0.234936    0.195962  0.00856528
          20    0.249696    0.198648  0.00854802
           0        -nan        -nan        -nan
           1    0.200168    0.200168           0
           2    0.233096    0.216632   0.0116418
           3    0.198124    0.210463  0.00925257
           4    0.224788    0.214044    0.007601
           5      0.2003    0.211295  0.00655902
           6    0.216456    0.212155  0.00552196
           7      0.1921     0.20929   0.0054257
           8    0.226904    0.211492  0.00517496
           9    0.124588    0.201836   0.0101999
          10    0.187948    0.200447  0.00927399
          11     0.17528    0.198159  0.00870855
          12    0.222492    0.200187  0.00821551
          13    0.164112    0.197412  0.00803856
          14      0.2058    0.198011  0.00748668
          15    0.135856    0.193867  0.00805304
          16    0.229656    0.196104  0.00785422
          17      0.1577    0.193845  0.00771025
          18    0.235288    0.196148  0.00761791
          19    0.185232    0.195573   0.0072386
          20    0.256292    0.198609   0.0074863
           0        -nan        -nan        -nan
           1    0.233096    0.233096           0
           2    0.198124     0.21561   0.0123645
           3    0.224788    0.218669  0.00861315
           4      0.2003    0.214077  0.00758597
           5    0.216456    0.214553  0.00608368
           6      0.1921    0.210811  0.00611325
           7    0.226904     0.21311  0.00565574
           8    0.124588    0.202044   0.0114728
           9    0.187948    0.200478   0.0103044
          10     0.17528    0.197958  0.00957708
          11    0.222492    0.200189  0.00896238
          12    0.164112    0.197182  0.00870516
          13      0.2058    0.197845  0.00806074
          14    0.135856    0.193417  0.00861567
          15    0.229656    0.195833  0.00837317
          16      0.1577     0.19345  0.00818201
          17    0.235288    0.195911  0.00806235
          18    0.185232    0.195318  0.00763624
          19    0.256292    0.198527  0.00787987
          20    0.139008    0.195551  0.00802819
           0        -nan        -nan        -nan
           1    0.233324    0.233324           0
           2    0.234936     0.23413 0.000569928
           3    0.249696    0.239319  0.00425353
           4    0.227896    0.236463  0.00403648
           5    0.254752    0.240121  0.00459687
           6     0.23942    0.240004  0.00383221
           7    0.139984    0.225715   0.0136304
           8    0.196816    0.222103    0.012396
           9     0.26056    0.226376   0.0117321
          10    0.216224    0.225361   0.0106027
          11    0.204548    0.223469  0.00980618
          12    0.192716    0.220906  0.00931785
          13    0.214064     0.22038  0.00861594
          14    0.282344    0.224806  0.00906635
          15    0.266928    0.227614  0.00888618
          16    0.200416    0.225914  0.00849182
          17     0.15048    0.221477   0.0090779
          18    0.208824    0.220774  0.00860075
          19    0.199632    0.219661  0.00821974
          20    0.222008    0.219778  0.00780959
          21    0.220616    0.219818  0.00743781
          22    0.193948    0.218642  0.00719208
          23    0.180836    0.216999  0.00706473
          24    0.182824    0.215575  0.00691238
          25    0.156912    0.213228  0.00702287
          26     0.17926    0.211922  0.00687321
          27    0.255552    0.213538  0.00680596
          28    0.196528     0.21293  0.00658994
          29    0.151548    0.210814    0.006694
          30    0.185724    0.209977   0.0065229
          31    0.114112    0.206885  0.00700728
          32    0.219656    0.207284  0.00679966
          33      0.2391    0.208248  0.00666161
          34    0.178336    0.207368  0.00652352
          35    0.247124    0.208504  0.00643526
          36    0.309252    0.211303    0.006838
          37    0.151932    0.209698  0.00683886
          38    0.248876    0.210729  0.00673616
          39    0.200032    0.210455  0.00656902
          40    0.175976    0.209593   0.0064611
