           0        -nan        -nan        -nan
           1    0.388348    0.388348           0
           2     0.44093    0.414639   0.0185908
           3    0.462897    0.430725   0.0180586
           4    0.471263    0.440859   0.0161391
           5     0.46705    0.446098    0.013735
           6    0.425304    0.442632    0.011875
           7    0.423027    0.439831   0.0105037
           8    0.431557    0.438797   0.0092415
           9    0.447089    0.439718  0.00826046
          10    0.432809    0.439027  0.00746326
          11    0.428255    0.438048  0.00684873
          12    0.407636    0.435514  0.00673061
          13    0.445709    0.436298  0.00625839
          14    0.423956    0.435416  0.00587312
          15     0.47099    0.437788  0.00594114
          16    0.436276    0.437693  0.00557057
          17    0.427634    0.437102  0.00527423
          18    0.423888    0.436368  0.00503205
          19    0.417535    0.435376  0.00486384
          20    0.452734    0.436244  0.00469744
           0        -nan        -nan        -nan
           1     0.46705     0.46705           0
           2    0.425304    0.446177   0.0147595
           3    0.423027    0.438461    0.011684
           4    0.431557    0.436735  0.00888958
           5    0.447089    0.438805   0.0073489
           6    0.432809    0.437806  0.00619168
           7    0.428255    0.436442  0.00545541
           8    0.407636    0.432841  0.00584216
           9    0.445709    0.434271  0.00536513
          10    0.423956    0.433239  0.00492677
          11     0.47099    0.436671  0.00554686
          12    0.436276    0.436638  0.00508472
          13    0.427634    0.435945  0.00474053
          14    0.423888    0.435084  0.00447948
          15    0.417535    0.433914  0.00433093
          16    0.452734     0.43509  0.00421695
          17    0.444198    0.435626  0.00400277
          18    0.441427    0.435948  0.00379335
          19     0.41497    0.434844  0.00375094
          20    0.432685    0.434736  0.00356495
           0        -nan        -nan        -nan
           1    0.388348    0.388348           0
           2     0.44093    0.414639   0.0185908
           3    0.462897    0.430725   0.0180586
           4    0.471263    0.440859   0.0161391
           5     0.46705    0.446098    0.013735
           6    0.425304    0.442632    0.011875
           7    0.423027    0.439831   0.0105037
           8    0.431557    0.438797   0.0092415
           9    0.447089    0.439718  0.00826046
          10    0.432809    0.439027  0.00746326
          11    0.428255    0.438048  0.00684873
          12    0.407636    0.435514  0.00673061
          13    0.445709    0.436298  0.00625839
          14    0.423956    0.435416  0.00587312
          15     0.47099    0.437788  0.00594114
          16    0.436276    0.437693  0.00557057
          17    0.427634    0.437102  0.00527423
          18    0.423888    0.436368  0.00503205
          19    0.417535    0.435376  0.00486384
          20    0.452734    0.436244  0.00469744
           0        -nan        -nan        -nan
           1    0.388348    0.388348           0
           2     0.44093    0.414639   0.0185908
           3    0.462897    0.430725   0.0180586
           4    0.471263    0.440859   0.0161391
           5     0.46705    0.446098    0.013735
           6    0.425304    0.442632    0.011875
           7    0.423027    0.439831   0.0105037
           8    0.431557    0.438797   0.0092415
           9    0.447089    0.439718  0.00826046
          10    0.432809    0.439027  0.00746326
          11    0.428255    0.438048  0.00684873
          12    0.407636    0.435514  0.00673061
          13    0.445709    0.436298  0.00625839
          14    0.423956    0.435416  0.00587312
          15     0.47099    0.437788  0.00594114
          16    0.436276    0.437693  0.00557057
          17    0.427634    0.437102  0.00527423
          18    0.423888    0.436368  0.00503205
          19    0.417535    0.435376  0.00486384
          20    0.452734    0.436244  0.00469744
           0        -nan        -nan        -nan
           1    0.388348    0.388348           0
           2     0.44093    0.414639   0.0185908
           3    0.462897    0.430725   0.0180586
           4    0.471263    0.440859   0.0161391
           5     0.46705    0.446098    0.013735
           6    0.425304    0.442632    0.011875
           7    0.423027    0.439831   0.0105037
           8    0.431557    0.438797   0.0092415
           9    0.447089    0.439718  0.00826046
          10    0.432809    0.439027  0.00746326
          11    0.428255    0.438048  0.00684873
          12    0.407636    0.435514  0.00673061
          13    0.445709    0.436298  0.00625839
          14    0.423956    0.435416  0.00587312
          15     0.47099    0.437788  0.00594114
          16    0.436276    0.437693  0.00557057
          17    0.427634    0.437102  0.00527423
          18    0.423888    0.436368  0.00503205
          19    0.417535    0.435376  0.00486384
          20    0.452734    0.436244  0.00469744
          21    0.444198    0.436623  0.00448899
          22    0.441427    0.436841  0.00429026
          23     0.41497     0.43589  0.00420779
          24    0.432685    0.435757  0.00403458
          25    0.416676    0.434994  0.00394473
          26    0.432785    0.434909  0.00379393
          27     0.43273    0.434828  0.00365427
          28    0.475421    0.436278  0.00380047
          29    0.441329    0.436452  0.00367341
          30    0.437348    0.436482  0.00355109
          31    0.442139    0.436664  0.00344122
          32    0.451334    0.437123  0.00336408
          33    0.433878    0.437024  0.00326357
          34    0.422854    0.436608  0.00319409
          35    0.435693    0.436582  0.00310293
          36    0.451454    0.436995  0.00304412
          37    0.421578    0.436578  0.00299022
          38    0.413145    0.435961  0.00297444
          39    0.445854    0.436215  0.00290897
          40    0.445732    0.436453  0.00284596
