           0        -nan        -nan        -nan
           1     27.7893     27.7893           0
           2     22.4899     25.1396     1.87361
           3     23.9419     24.7404     1.29091
           4     26.0058     25.0567      1.0062
           5     22.4909     24.5436    0.926618
           6     26.3119     24.8383    0.817708
           7     21.7556     24.3979    0.810853
           8      22.013     24.0998     0.76233
           9     23.1211      23.991    0.685338
          10     29.0526     24.4972    0.781678
          11     21.6734     24.2405    0.751588
          12     20.5979     23.9369    0.747745
          13     24.1865     23.9561    0.690472
          14     21.4817     23.7794    0.663389
          15     22.9044     23.7211    0.621722
          16     29.6218     24.0899     0.68355
          17     22.0769     23.9714    0.653517
          18     28.2894     24.2113     0.65977
          19      26.864     24.3509    0.639647
          20     24.4542     24.3561    0.607685
           0        -nan        -nan        -nan
           1     22.4909     22.4909           0
           2     26.3119     24.4014      1.3509
           3     21.7556     23.5195     1.15309
           4      22.013     23.1428     0.92428
           5     23.1211     23.1385    0.739434
           6     29.0526     24.1242     1.09057
           7     21.6734     23.7741    0.989375
           8     20.5979     23.3771       0.942
           9     24.1865      23.467    0.841615
          10     21.4817     23.2685    0.780518
          11     22.9044     23.2354    0.710264
          12     29.6218     23.7676    0.826761
          13     22.0769     23.6375    0.773325
          14     28.2894     23.9698    0.786239
          15      26.864     24.1627    0.757128
          16     24.4542     24.1809    0.710026
          17     25.9837      24.287    0.676133
          18     18.9613     23.9911    0.700321
          19     22.0909     23.8911    0.670565
          20     29.3148     24.1623    0.689696
           0        -nan        -nan        -nan
           1     27.7893     27.7893           0
           2     22.4899     25.1396     1.87361
           3     23.9419     24.7404     1.29091
           4     26.0058     25.0567      1.0062
           5     22.4909     24.5436    0.926618
           6     26.3119     24.8383    0.817708
           7     21.7556     24.3979    0.810853
           8      22.013     24.0998     0.76233
           9     23.1211      23.991    0.685338
          10     29.0526     24.4972    0.781678
          11     21.6734     24.2405    0.751588
          12     20.5979     23.9369    0.747745
          13     24.1865     23.9561    0.690472
          14     21.4817     23.7794    0.663389
          15     22.9044     23.7211    0.621722
          16     29.6218     24.0899     0.68355
          17     22.0769     23.9714    0.653517
          18     28.2894     24.2113     0.65977
          19      26.864     24.3509    0.639647
          20     24.4542     24.3561    0.607685
           0        -nan        -nan        -nan
           1     27.7893     27.7893           0
           2     22.4899     25.1396     1.87361
           3     23.9419     24.7404     1.29091
           4     26.0058     25.0567      1.0062
           5     22.4909     24.5436    0.926618
           6     26.3119     24.8383    0.817708
           7     21.7556     24.3979    0.810853
           8      22.013     24.0998     0.76233
           9     23.1211      23.991    0.685338
          10     29.0526     24.4972    0.781678
          11     21.6734     24.2405    0.751588
          12     20.5979     23.9369    0.747745
          13     24.1865     23.9561    0.690472
          14     21.4817     23.7794    0.663389
          15     22.9044     23.7211    0.621722
          16     29.6218     24.0899     0.68355
          17     22.0769     23.9714    0.653517
          18     28.2894     24.2113     0.65977
          19      26.864     24.3509    0.639647
          20     24.4542     24.3561    0.607685
           0        -nan        -nan        -nan
           1     27.7893     27.7893           0
           2     22.4899     25.1396     1.87361
           3     23.9419     24.7404     1.29091
           4     26.0058     25.0567      1.0062
           5     22.4909     24.5436    0.926618
           6     26.3119     24.8383    0.817708
           7     21.7556     24.3979    0.810853
           8      22.013     24.0998     0.76233
           9     23.1211      23.991    0.685338
          10     29.0526     24.4972    0.781678
          11     21.6734     24.2405    0.751588
          12     20.5979     23.9369    0.747745
          13     24.1865     23.9561    0.690472
          14     21.4817     23.7794    0.663389
          15     22.9044     23.7211    0.621722
          16     29.6218     24.0899     0.68355
          17     22.0769     23.9714    0.653517
          18     28.2894     24.2113     0.65977
          19      26.864     24.3509    0.639647
          20     24.4542     24.3561    0.607685
          21     25.9837     24.4336    0.583669
          22     18.9613     24.1849    0.607836
          23     22.0909     24.0938    0.588187
          24     29.3148     24.3114    0.602567
          25     20.7572     24.1692    0.594999
          26     22.9114     24.1208    0.574077
          27     21.8841      24.038    0.558761
          28     25.5362     24.0915    0.541361
          29     22.5298     24.0376    0.525365
          30     22.7042     23.9932    0.509729
          31     28.5206     24.1392    0.513783
          32      30.311     24.3321    0.532699
          33     18.4559      24.154    0.545507
          34     23.4693     24.1339    0.529834
          35     21.5934     24.0613    0.519644
          36     26.4391     24.1274     0.50939
          37     27.6594     24.2228    0.504488
          38     21.2491     24.1446    0.497244
          39     22.6491     24.1062    0.485971
          40     30.1167     24.2565    0.496508
