           0        -nan        -nan        -nan
           1   -0.722248   -0.722248           0
           2   -0.719048   -0.720648  0.00113137
           3   -0.720304   -0.720533 0.000760036
           4    -0.72632    -0.72198  0.00137643
           5    -0.72392   -0.722368  0.00115454
           6   -0.724544   -0.722731  0.00101748
           7   -0.722568   -0.722707 0.000872393
           8   -0.721088   -0.722505 0.000786479
           9   -0.721488   -0.722392 0.000707163
          10     -0.7186   -0.722013  0.00073108
          11    -0.72072   -0.721895 0.000673999
          12   -0.725056   -0.722159 0.000667317
          13   -0.716472   -0.721721   0.0007457
          14   -0.720272   -0.721618 0.000699584
          15    -0.72156   -0.721614 0.000652955
          16   -0.717696   -0.721369 0.000656456
          17   -0.719872   -0.721281 0.000623719
          18   -0.717712   -0.721083 0.000619782
          19    -0.72044   -0.721049 0.000588084
          20   -0.722064     -0.7211 0.000560866
           0        -nan        -nan        -nan
           1    -0.72392    -0.72392           0
           2   -0.724544   -0.724232 0.000220617
           3   -0.722568   -0.723677 0.000476167
           4   -0.721088    -0.72303 0.000664695
           5   -0.721488   -0.722722 0.000599043
           6     -0.7186   -0.722035  0.00080152
           7    -0.72072   -0.721847 0.000708679
           8   -0.725056   -0.722248 0.000724788
           9   -0.716472   -0.721606 0.000883844
          10   -0.720272   -0.721473 0.000805467
          11    -0.72156   -0.721481 0.000732282
          12   -0.717696   -0.721165 0.000736052
          13   -0.719872   -0.721066 0.000686123
          14   -0.717712   -0.720826 0.000677646
          15    -0.72044   -0.720801 0.000632959
          16   -0.722064    -0.72088 0.000598304
          17   -0.719664   -0.720808 0.000567366
          18   -0.720488    -0.72079 0.000536124
          19   -0.723704   -0.720944 0.000529387
          20   -0.719496   -0.720871 0.000507841
           0        -nan        -nan        -nan
           1   -0.722248   -0.722248           0
           2   -0.719048   -0.720648  0.00113137
           3   -0.720304   -0.720533 0.000760036
           4    -0.72632    -0.72198  0.00137643
           5    -0.72392   -0.722368  0.00115454
           6   -0.724544   -0.722731  0.00101748
           7   -0.722568   -0.722707 0.000872393
           8   -0.721088   -0.722505 0.000786479
           9   -0.721488   -0.722392 0.000707163
          10     -0.7186   -0.722013  0.00073108
          11    -0.72072   -0.721895 0.000673999
          12   -0.725056   -0.722159 0.000667317
          13   -0.716472   -0.721721   0.0007457
          14   -0.720272   -0.721618 0.000699584
          15    -0.72156   -0.721614 0.000652955
          16   -0.717696   -0.721369 0.000656456
          17   -0.719872   -0.721281 0.000623719
          18   -0.717712   -0.721083 0.000619782
          19    -0.72044   -0.721049 0.000588084
          20   -0.722064     -0.7211 0.000560866
           0        -nan        -nan        -nan
           1   -0.722248   -0.722248           0
           2   -0.719048   -0.720648  0.00113137
           3   -0.720304   -0.720533 0.000760036
           4    -0.72632    -0.72198  0.00137643
           5    -0.72392   -0.722368  0.00115454
           6   -0.724544   -0.722731  0.00101748
           7   -0.722568   -0.722707 0.000872393
           8   -0.721088   -0.722505 0.000786479
           9   -0.721488   -0.722392 0.000707163
          10     -0.7186   -0.722013  0.00073108
          11    -0.72072   -0.721895 0.000673999
          12   -0.725056   -0.722159 0.000667317
          13   -0.716472   -0.721721   0.0007457
          14   -0.720272   -0.721618 0.000699584
          15    -0.72156   -0.721614 0.000652955
          16   -0.717696   -0.721369 0.000656456
          17   -0.719872   -0.721281 0.000623719
          18   -0.717712   -0.721083 0.000619782
          19    -0.72044   -0.721049 0.000588084
          20   -0.722064     -0.7211 0.000560866
           0        -nan        -nan        -nan
           1   -0.722248   -0.722248           0
           2   -0.719048   -0.720648  0.00113137
           3   -0.720304   -0.720533 0.000760036
           4    -0.72632    -0.72198  0.00137643
           5    -0.72392   -0.722368  0.00115454
           6   -0.724544   -0.722731  0.00101748
           7   -0.722568   -0.722707 0.000872393
           8   -0.721088   -0.722505 0.000786479
           9   -0.721488   -0.722392 0.000707163
          10     -0.7186   -0.722013  0.00073108
          11    -0.72072   -0.721895 0.000673999
          12   -0.725056   -0.722159 0.000667317
          13   -0.716472   -0.721721   0.0007457
          14   -0.720272   -0.721618 0.000699584
          15    -0.72156   -0.721614 0.000652955
          16   -0.717696   -0.721369 0.000656456
          17   -0.719872   -0.721281 0.000623719
          18   -0.717712   -0.721083 0.000619782
          19    -0.72044   -0.721049 0.000588084
          20   -0.722064     -0.7211 0.000560866
          21   -0.719664   -0.721031 0.000538308
          22   -0.720488   -0.721007 0.000514406
          23   -0.723704   -0.721124 0.000505233
          24   -0.719496   -0.721056 0.000488713
          25   -0.717864   -0.720928 0.000485557
          26   -0.724128   -0.721051 0.000482225
          27   -0.720296   -0.721023 0.000465176
          28   -0.721272   -0.721032 0.000448647
          29     -0.7212   -0.721038 0.000433214
          30   -0.724928   -0.721168 0.000437748
          31   -0.724088   -0.721262 0.000433645
          32   -0.717536   -0.721145 0.000435445
          33   -0.721648   -0.721161 0.000422516
          34   -0.721552   -0.721172 0.000410245
          35     -0.7216   -0.721184 0.000398706
          36      -0.723   -0.721235 0.000390807
          37   -0.721608   -0.721245 0.000380375
          38    -0.71788   -0.721156 0.000380533
          39    -0.72196   -0.721177 0.000371333
          40   -0.722064   -0.721199 0.000362711
           0        -nan        -nan        -nan
           1   -0.722248   -0.722248           0
           2   -0.719048   -0.720648  0.00113137
           3   -0.720304   -0.720533 0.000760036
           4    -0.72632    -0.72198  0.00137643
           5    -0.72392   -0.722368  0.00115454
           6   -0.724544   -0.722731  0.00101748
           7   -0.722568   -0.722707 0.000872393
           8   -0.721088   -0.722505 0.000786479
           9   -0.721488   -0.722392 0.000707163
          10     -0.7186   -0.722013  0.00073108
          11    -0.72072   -0.721895 0.000673999
          12   -0.725056   -0.722159 0.000667317
          13   -0.716472   -0.721721   0.0007457
          14   -0.720272   -0.721618 0.000699584
          15    -0.72156   -0.721614 0.000652955
          16   -0.717696   -0.721369 0.000656456
          17   -0.719872   -0.721281 0.000623719
          18   -0.717712   -0.721083 0.000619782
          19    -0.72044   -0.721049 0.000588084
          20   -0.722064     -0.7211 0.000560866
          21   -0.719664   -0.721031 0.000538308
          22   -0.720488   -0.721007 0.000514406
          23   -0.723704   -0.721124 0.000505233
          24   -0.719496   -0.721056 0.000488713
          25   -0.717864   -0.720928 0.000485557
          26   -0.724128   -0.721051 0.000482225
          27   -0.720296   -0.721023 0.000465176
          28   -0.721272   -0.721032 0.000448647
          29     -0.7212   -0.721038 0.000433214
          30   -0.724928   -0.721168 0.000437748
          31   -0.724088   -0.721262 0.000433645
          32   -0.717536   -0.721145 0.000435445
          33   -0.721648   -0.721161 0.000422516
          34   -0.721552   -0.721172 0.000410245
          35     -0.7216   -0.721184 0.000398706
          36      -0.723   -0.721235 0.000390807
          37   -0.721608   -0.721245 0.000380375
          38    -0.71788   -0.721156 0.000380533
          39    -0.72196   -0.721177 0.000371333
          40   -0.722064   -0.721199 0.000362711
