           0        -nan        -nan        -nan
           1   -0.895048   -0.895048           0
           2    -0.89032   -0.892684   0.0016716
           3   -0.891696   -0.892355  0.00114638
           4   -0.895536    -0.89315  0.00110166
           5     -0.8866    -0.89184  0.00146616
           6   -0.893856   -0.892176  0.00125971
           7   -0.886392    -0.89135  0.00132328
           8   -0.888176   -0.890953  0.00121589
           9   -0.889672   -0.890811  0.00108909
          10   -0.899592   -0.891689  0.00128637
          11   -0.887992   -0.891353  0.00121254
          12   -0.885032   -0.890826  0.00122055
          13   -0.889232   -0.890703   0.0011328
          14   -0.884008   -0.890225  0.00114841
          15   -0.886776   -0.889995  0.00109463
          16   -0.901776   -0.890732  0.00124955
          17     -0.8904   -0.890712   0.0011762
          18   -0.900344   -0.891247  0.00122655
          19   -0.897024   -0.891551  0.00119909
          20     -0.8904   -0.891494  0.00114051
           0        -nan        -nan        -nan
           1     -0.8866     -0.8866           0
           2   -0.893856   -0.890228  0.00256538
           3   -0.886392   -0.888949  0.00200374
           4   -0.888176   -0.888756   0.0015121
           5   -0.889672   -0.888939  0.00122073
           6   -0.899592   -0.890715  0.00191357
           7   -0.887992   -0.890326  0.00167927
           8   -0.885032   -0.889664  0.00159441
           9   -0.889232   -0.889616  0.00141798
          10   -0.884008   -0.889055  0.00138263
          11   -0.886776   -0.888848  0.00127237
          12   -0.901776   -0.889925  0.00155701
          13     -0.8904   -0.889962  0.00143767
          14   -0.900344   -0.890703  0.00151421
          15   -0.897024   -0.891125  0.00147072
          16     -0.8904   -0.891079   0.0013795
          17   -0.893304    -0.89121  0.00130454
          18   -0.884408   -0.890832  0.00128564
          19   -0.889688   -0.890772  0.00121939
          20   -0.895792   -0.891023  0.00118397
           0        -nan        -nan        -nan
           1   -0.895048   -0.895048           0
           2    -0.89032   -0.892684   0.0016716
           3   -0.891696   -0.892355  0.00114638
           4   -0.895536    -0.89315  0.00110166
           5     -0.8866    -0.89184  0.00146616
           6   -0.893856   -0.892176  0.00125971
           7   -0.886392    -0.89135  0.00132328
           8   -0.888176   -0.890953  0.00121589
           9   -0.889672   -0.890811  0.00108909
          10   -0.899592   -0.891689  0.00128637
          11   -0.887992   -0.891353  0.00121254
          12   -0.885032   -0.890826  0.00122055
          13   -0.889232   -0.890703   0.0011328
          14   -0.884008   -0.890225  0.00114841
          15   -0.886776   -0.889995  0.00109463
          16   -0.901776   -0.890732  0.00124955
          17     -0.8904   -0.890712   0.0011762
          18   -0.900344   -0.891247  0.00122655
          19   -0.897024   -0.891551  0.00119909
          20     -0.8904   -0.891494  0.00114051
           0        -nan        -nan        -nan
           1   -0.895048   -0.895048           0
           2    -0.89032   -0.892684   0.0016716
           3   -0.891696   -0.892355  0.00114638
           4   -0.895536    -0.89315  0.00110166
           5     -0.8866    -0.89184  0.00146616
           6   -0.893856   -0.892176  0.00125971
           7   -0.886392    -0.89135  0.00132328
           8   -0.888176   -0.890953  0.00121589
           9   -0.889672   -0.890811  0.00108909
          10   -0.899592   -0.891689  0.00128637
          11   -0.887992   -0.891353  0.00121254
          12   -0.885032   -0.890826  0.00122055
          13   -0.889232   -0.890703   0.0011328
          14   -0.884008   -0.890225  0.00114841
          15   -0.886776   -0.889995  0.00109463
          16   -0.901776   -0.890732  0.00124955
          17     -0.8904   -0.890712   0.0011762
          18   -0.900344   -0.891247  0.00122655
          19   -0.897024   -0.891551  0.00119909
          20     -0.8904   -0.891494  0.00114051
           0        -nan        -nan        -nan
           1   -0.895048   -0.895048           0
           2    -0.89032   -0.892684   0.0016716
           3   -0.891696   -0.892355  0.00114638
           4   -0.895536    -0.89315  0.00110166
           5     -0.8866    -0.89184  0.00146616
           6   -0.893856   -0.892176  0.00125971
           7   -0.886392    -0.89135  0.00132328
           8   -0.888176   -0.890953  0.00121589
           9   -0.889672   -0.890811  0.00108909
          10   -0.899592   -0.891689  0.00128637
          11   -0.887992   -0.891353  0.00121254
          12   -0.885032   -0.890826  0.00122055
          13   -0.889232   -0.890703   0.0011328
          14   -0.884008   -0.890225  0.00114841
          15   -0.886776   -0.889995  0.00109463
          16   -0.901776   -0.890732  0.00124955
          17     -0.8904   -0.890712   0.0011762
          18   -0.900344   -0.891247  0.00122655
          19   -0.897024   -0.891551  0.00119909
          20     -0.8904   -0.891494  0.00114051
          21   -0.893304    -0.89158  0.00108946
          22   -0.884408   -0.891254  0.00108762
          23   -0.889688   -0.891186  0.00104246
          24   -0.895792   -0.891378  0.00101654
          25   -0.885528   -0.891144  0.00100244
          26   -0.891328   -0.891151 0.000963912
          27   -0.888192   -0.891041  0.00093442
          28   -0.892048   -0.891077 0.000901739
          29   -0.891616   -0.891096 0.000870836
          30   -0.890992   -0.891092 0.000841815
          31   -0.898384   -0.891327 0.000846884
          32    -0.90264   -0.891681 0.000891154
          33   -0.883696   -0.891439 0.000896398
          34     -0.8912   -0.891432 0.000870061
          35     -0.8874   -0.891317 0.000852794
          36   -0.895288   -0.891427  0.00083621
          37   -0.900024   -0.891659 0.000845273
          38     -0.8832   -0.891437  0.00085184
          39   -0.890912   -0.891423 0.000830104
          40   -0.898376   -0.891597 0.000827349
