           0        -nan        -nan        -nan
           1   -0.553528   -0.553528           0
           2   -0.552032    -0.55278 0.000528916
           3   -0.552592   -0.552717 0.000356304
           4   -0.557528    -0.55392  0.00107527
           5   -0.557184   -0.554573  0.00103966
           6   -0.555016   -0.554647 0.000869005
           7   -0.555224   -0.554729 0.000748765
           8   -0.557888   -0.555124  0.00075211
           9   -0.553264   -0.554917 0.000696358
          10    -0.55252   -0.554678 0.000666713
          11   -0.556184   -0.554815 0.000620007
          12   -0.555416   -0.554865 0.000570362
          13   -0.553784   -0.554782 0.000532512
          14   -0.554872   -0.554788 0.000494514
          15   -0.552872    -0.55466 0.000477759
          16   -0.554264   -0.554636  0.00044854
          17   -0.555736     -0.5547 0.000426802
          18   -0.551656   -0.554531 0.000435311
          19   -0.554312    -0.55452 0.000412553
          20   -0.554336    -0.55451 0.000392027
           0        -nan        -nan        -nan
           1   -0.557184   -0.557184           0
           2   -0.555016     -0.5561 0.000766504
           3   -0.555224   -0.555808 0.000563885
           4   -0.557888   -0.556328 0.000617783
           5   -0.553264   -0.555715 0.000738024
           6    -0.55252   -0.555183 0.000783949
           7   -0.556184   -0.555326 0.000684883
           8   -0.555416   -0.555337 0.000599365
           9   -0.553784   -0.555164 0.000557055
          10   -0.554872   -0.555135 0.000502116
          11   -0.552872   -0.554929 0.000496837
          12   -0.554264   -0.554874 0.000458519
          13   -0.555736    -0.55494 0.000428015
          14   -0.551656   -0.554706 0.000457235
          15   -0.554312   -0.554679 0.000427505
          16   -0.554336   -0.554658 0.000401325
          17   -0.556496   -0.554766 0.000392011
          18    -0.55544   -0.554804 0.000372016
          19   -0.555128   -0.554821 0.000352828
          20   -0.556248   -0.554892 0.000342328
           0        -nan        -nan        -nan
           1   -0.553528   -0.553528           0
           2   -0.552032    -0.55278 0.000528916
           3   -0.552592   -0.552717 0.000356304
           4   -0.557528    -0.55392  0.00107527
           5   -0.557184   -0.554573  0.00103966
           6   -0.555016   -0.554647 0.000869005
           7   -0.555224   -0.554729 0.000748765
           8   -0.557888   -0.555124  0.00075211
           9   -0.553264   -0.554917 0.000696358
          10    -0.55252   -0.554678 0.000666713
          11   -0.556184   -0.554815 0.000620007
          12   -0.555416   -0.554865 0.000570362
          13   -0.553784   -0.554782 0.000532512
          14   -0.554872   -0.554788 0.000494514
          15   -0.552872    -0.55466 0.000477759
          16   -0.554264   -0.554636  0.00044854
          17   -0.555736     -0.5547 0.000426802
          18   -0.551656   -0.554531 0.000435311
          19   -0.554312    -0.55452 0.000412553
          20   -0.554336    -0.55451 0.000392027
           0        -nan        -nan        -nan
           1   -0.553528   -0.553528           0
           2   -0.552032    -0.55278 0.000528916
           3   -0.552592   -0.552717 0.000356304
           4   -0.557528    -0.55392  0.00107527
           5   -0.557184   -0.554573  0.00103966
           6   -0.555016   -0.554647 0.000869005
           7   -0.555224   -0.554729 0.000748765
           8   -0.557888   -0.555124  0.00075211
           9   -0.553264   -0.554917 0.000696358
          10    -0.55252   -0.554678 0.000666713
          11   -0.556184   -0.554815 0.000620007
          12   -0.555416   -0.554865 0.000570362
          13   -0.553784   -0.554782 0.000532512
          14   -0.554872   -0.554788 0.000494514
          15   -0.552872    -0.55466 0.000477759
          16   -0.554264   -0.554636  0.00044854
          17   -0.555736     -0.5547 0.000426802
          18   -0.551656   -0.554531 0.000435311
          19   -0.554312    -0.55452 0.000412553
          20   -0.554336    -0.55451 0.000392027
           0        -nan        -nan        -nan
           1   -0.553528   -0.553528           0
           2   -0.552032    -0.55278 0.000528916
           3   -0.552592   -0.552717 0.000356304
           4   -0.557528    -0.55392  0.00107527
           5   -0.557184   -0.554573  0.00103966
           6   -0.555016   -0.554647 0.000869005
           7   -0.555224   -0.554729 0.000748765
           8   -0.557888   -0.555124  0.00075211
           9   -0.553264   -0.554917 0.000696358
          10    -0.55252   -0.554678 0.000666713
          11   -0.556184   -0.554815 0.000620007
          12   -0.555416   -0.554865 0.000570362
          13   -0.553784   -0.554782 0.000532512
          14   -0.554872   -0.554788 0.000494514
          15   -0.552872    -0.55466 0.000477759
          16   -0.554264   -0.554636  0.00044854
          17   -0.555736     -0.5547 0.000426802
          18   -0.551656   -0.554531 0.000435311
          19   -0.554312    -0.55452 0.000412553
          20   -0.554336    -0.55451 0.000392027
          21   -0.556496   -0.554605 0.000384593
          22    -0.55544   -0.554643 0.000368979
          23   -0.555128   -0.554664 0.000353539
          24   -0.556248    -0.55473 0.000344914
          25   -0.552632   -0.554646 0.000341174
          26   -0.551104    -0.55451 0.000354209
          27   -0.551832   -0.554411 0.000354703
          28   -0.555448   -0.554448 0.000343965
          29   -0.556032   -0.554502 0.000336414
          30   -0.556256   -0.554561  0.00033024
          31   -0.554728   -0.554566 0.000319631
          32   -0.553792   -0.554542 0.000310557
          33    -0.55756   -0.554633 0.000314324
          34   -0.553176   -0.554591 0.000307988
          35   -0.553552   -0.554561 0.000300615
          36   -0.556144   -0.554605 0.000295463
          37   -0.554872   -0.554612 0.000287566
          38   -0.548752   -0.554458 0.000318677
          39     -0.5562   -0.554503 0.000313621
          40   -0.556208   -0.554545 0.000308665
           0        -nan        -nan        -nan
           1   -0.553528   -0.553528           0
           2   -0.552032    -0.55278 0.000528916
           3   -0.552592   -0.552717 0.000356304
           4   -0.557528    -0.55392  0.00107527
           5   -0.557184   -0.554573  0.00103966
           6   -0.555016   -0.554647 0.000869005
           7   -0.555224   -0.554729 0.000748765
           8   -0.557888   -0.555124  0.00075211
           9   -0.553264   -0.554917 0.000696358
          10    -0.55252   -0.554678 0.000666713
          11   -0.556184   -0.554815 0.000620007
          12   -0.555416   -0.554865 0.000570362
          13   -0.553784   -0.554782 0.000532512
          14   -0.554872   -0.554788 0.000494514
          15   -0.552872    -0.55466 0.000477759
          16   -0.554264   -0.554636  0.00044854
          17   -0.555736     -0.5547 0.000426802
          18   -0.551656   -0.554531 0.000435311
          19   -0.554312    -0.55452 0.000412553
          20   -0.554336    -0.55451 0.000392027
          21   -0.556496   -0.554605 0.000384593
          22    -0.55544   -0.554643 0.000368979
          23   -0.555128   -0.554664 0.000353539
          24   -0.556248    -0.55473 0.000344914
          25   -0.552632   -0.554646 0.000341174
          26   -0.551104    -0.55451 0.000354209
          27   -0.551832   -0.554411 0.000354703
          28   -0.555448   -0.554448 0.000343965
          29   -0.556032   -0.554502 0.000336414
          30   -0.556256   -0.554561  0.00033024
          31   -0.554728   -0.554566 0.000319631
          32   -0.553792   -0.554542 0.000310557
          33    -0.55756   -0.554633 0.000314324
          34   -0.553176   -0.554591 0.000307988
          35   -0.553552   -0.554561 0.000300615
          36   -0.556144   -0.554605 0.000295463
          37   -0.554872   -0.554612 0.000287566
          38   -0.548752   -0.554458 0.000318677
          39     -0.5562   -0.554503 0.000313621
          40   -0.556208   -0.554545 0.000308665
