           0        -nan        -nan        -nan
           1     0.39511     0.39511           0
           2    0.406072    0.400591  0.00387546
           3    0.395421    0.398868  0.00294195
           4    0.391341    0.396986  0.00274295
           5    0.399497    0.397488  0.00223987
           6    0.390393    0.396306  0.00215624
           7    0.395734    0.396224  0.00184975
           8    0.394371    0.395992  0.00163297
           9    0.406652    0.397177  0.00183138
          10    0.409889    0.398448  0.00204234
          11    0.389479    0.397633  0.00201285
          12     0.39495    0.397409  0.00185748
          13    0.387664     0.39666  0.00185972
          14    0.397432    0.396715   0.0017277
          15    0.387179    0.396079  0.00172552
          16    0.411708    0.397056  0.00187387
          17    0.386908    0.396459  0.00185628
          18    0.403248    0.396836  0.00179106
          19    0.379655    0.395932  0.00191149
          20    0.382925    0.395281  0.00192337
           0        -nan        -nan        -nan
           1    0.399497    0.399497           0
           2    0.390393    0.394945  0.00321882
           3    0.395734    0.395208   0.0021566
           4    0.394371    0.394999  0.00162757
           5    0.406652     0.39733  0.00245786
           6    0.409889    0.399423   0.0028012
           7    0.389479    0.398002   0.0027376
           8     0.39495    0.397621  0.00242184
           9    0.387664    0.396515  0.00239212
          10    0.397432    0.396606  0.00215466
          11    0.387179    0.395749   0.0021224
          12    0.411708    0.397079  0.00232515
          13    0.386908    0.396297  0.00227411
          14    0.403248    0.396793   0.0021652
          15    0.379655    0.395651  0.00230267
          16    0.382925    0.394855    0.002292
          17    0.397218    0.394994  0.00216139
          18    0.383831    0.394374  0.00212842
          19    0.385337    0.393899  0.00206886
          20    0.401232    0.394265  0.00199765
           0        -nan        -nan        -nan
           1     0.39511     0.39511           0
           2    0.406072    0.400591  0.00387546
           3    0.395421    0.398868  0.00294195
           4    0.391341    0.396986  0.00274295
           5    0.399497    0.397488  0.00223987
           6    0.390393    0.396306  0.00215624
           7    0.395734    0.396224  0.00184975
           8    0.394371    0.395992  0.00163297
           9    0.406652    0.397177  0.00183138
          10    0.409889    0.398448  0.00204234
          11    0.389479    0.397633  0.00201285
          12     0.39495    0.397409  0.00185748
          13    0.387664     0.39666  0.00185972
          14    0.397432    0.396715   0.0017277
          15    0.387179    0.396079  0.00172552
          16    0.411708    0.397056  0.00187387
          17    0.386908    0.396459  0.00185628
          18    0.403248    0.396836  0.00179106
          19    0.379655    0.395932  0.00191149
          20    0.382925    0.395281  0.00192337
           0        -nan        -nan        -nan
           1     0.39511     0.39511           0
           2    0.406072    0.400591  0.00387546
           3    0.395421    0.398868  0.00294195
           4    0.391341    0.396986  0.00274295
           5    0.399497    0.397488  0.00223987
           6    0.390393    0.396306  0.00215624
           7    0.395734    0.396224  0.00184975
           8    0.394371    0.395992  0.00163297
           9    0.406652    0.397177  0.00183138
          10    0.409889    0.398448  0.00204234
          11    0.389479    0.397633  0.00201285
          12     0.39495    0.397409  0.00185748
          13    0.387664     0.39666  0.00185972
          14    0.397432    0.396715   0.0017277
          15    0.387179    0.396079  0.00172552
          16    0.411708    0.397056  0.00187387
          17    0.386908    0.396459  0.00185628
          18    0.403248    0.396836  0.00179106
          19    0.379655    0.395932  0.00191149
          20    0.382925    0.395281  0.00192337
           0        -nan        -nan        -nan
           1     0.39511     0.39511           0
           2    0.406072    0.400591  0.00387546
           3    0.395421    0.398868  0.00294195
           4    0.391341    0.396986  0.00274295
           5    0.399497    0.397488  0.00223987
           6    0.390393    0.396306  0.00215624
           7    0.395734    0.396224  0.00184975
           8    0.394371    0.395992  0.00163297
           9    0.406652    0.397177  0.00183138
          10    0.409889    0.398448  0.00204234
          11    0.389479    0.397633  0.00201285
          12     0.39495    0.397409  0.00185748
          13    0.387664     0.39666  0.00185972
          14    0.397432    0.396715   0.0017277
          15    0.387179    0.396079  0.00172552
          16    0.411708    0.397056  0.00187387
          17    0.386908    0.396459  0.00185628
          18    0.403248    0.396836  0.00179106
          19    0.379655    0.395932  0.00191149
          20    0.382925    0.395281  0.00192337
          21    0.397218    0.395374  0.00183399
          22    0.383831    0.394849  0.00182413
          23    0.385337    0.394435  0.00179109
          24    0.401232    0.394719  0.00173871
          25     0.39878    0.394881  0.00167673
          26    0.402443    0.395172  0.00163727
          27    0.392777    0.395083  0.00157903
          28    0.386525    0.394778  0.00155194
          29       0.396     0.39482    0.001499
          30    0.380352    0.394338  0.00152464
          31    0.392671    0.394284   0.0014764
          32    0.402843    0.394551  0.00145429
          33    0.394837     0.39456  0.00141025
          34    0.413891    0.395128  0.00147894
          35    0.390929    0.395008  0.00144155
          36    0.406213     0.39532  0.00143471
          37    0.379768    0.394899  0.00145621
          38    0.404707    0.395157  0.00144057
          39    0.385322    0.394905  0.00142554
          40    0.398422    0.394993  0.00139261
