           0        -nan        -nan        -nan
           1    0.417156    0.417156           0
           2    0.449956    0.433556   0.0115966
           3    0.389074    0.418729   0.0143643
           4    0.385376     0.41039   0.0129695
           5    0.335325    0.395377   0.0169696
           6    0.394638    0.395254   0.0141417
           7    0.430559    0.400298   0.0129897
           8    0.445862    0.405993   0.0125527
           9    0.415077    0.407002   0.0111985
          10    0.401605    0.406463   0.0100916
          11    0.400622    0.405932  0.00918815
          12    0.416955     0.40685  0.00846827
          13    0.365681    0.403684  0.00838813
          14     0.40129    0.403513  0.00779072
          15    0.440847    0.406002  0.00765862
          16    0.422764    0.407049  0.00725126
          17    0.381106    0.405523  0.00698346
          18    0.395608    0.404972  0.00661718
          19    0.401831    0.404807  0.00627097
          20    0.412571    0.405195  0.00596943
           0        -nan        -nan        -nan
           1    0.335325    0.335325           0
           2    0.394638    0.364982   0.0209703
           3    0.430559    0.386841   0.0226713
           4    0.445862    0.401596   0.0212699
           5    0.415077    0.404292   0.0171859
           6    0.401605    0.403844   0.0143274
           7    0.400622    0.403384    0.012288
           8    0.416955     0.40508   0.0108685
           9    0.365681    0.400703   0.0105056
          10     0.40129    0.400761   0.0094552
          11    0.440847    0.404406  0.00927134
          12    0.422764    0.405935  0.00862403
          13    0.381106    0.404025  0.00816941
          14    0.395608    0.403424  0.00760797
          15    0.401831    0.403318  0.00710151
          16    0.412571    0.403896  0.00668118
          17    0.432473    0.405577  0.00649619
          18    0.396604    0.405079  0.00615439
          19     0.40939    0.405306  0.00583465
          20    0.432959    0.406688  0.00570439
           0        -nan        -nan        -nan
           1    0.417156    0.417156           0
           2    0.449956    0.433556   0.0115966
           3    0.389074    0.418729   0.0143643
           4    0.385376     0.41039   0.0129695
           5    0.335325    0.395377   0.0169696
           6    0.394638    0.395254   0.0141417
           7    0.430559    0.400298   0.0129897
           8    0.445862    0.405993   0.0125527
           9    0.415077    0.407002   0.0111985
          10    0.401605    0.406463   0.0100916
          11    0.400622    0.405932  0.00918815
          12    0.416955     0.40685  0.00846827
          13    0.365681    0.403684  0.00838813
          14     0.40129    0.403513  0.00779072
          15    0.440847    0.406002  0.00765862
          16    0.422764    0.407049  0.00725126
          17    0.381106    0.405523  0.00698346
          18    0.395608    0.404972  0.00661718
          19    0.401831    0.404807  0.00627097
          20    0.412571    0.405195  0.00596943
           0        -nan        -nan        -nan
           1    0.417156    0.417156           0
           2    0.449956    0.433556   0.0115966
           3    0.389074    0.418729   0.0143643
           4    0.385376     0.41039   0.0129695
           5    0.335325    0.395377   0.0169696
           6    0.394638    0.395254   0.0141417
           7    0.430559    0.400298   0.0129897
           8    0.445862    0.405993   0.0125527
           9    0.415077    0.407002   0.0111985
          10    0.401605    0.406463   0.0100916
          11    0.400622    0.405932  0.00918815
          12    0.416955     0.40685  0.00846827
          13    0.365681    0.403684  0.00838813
          14     0.40129    0.403513  0.00779072
          15    0.440847    0.406002  0.00765862
          16    0.422764    0.407049  0.00725126
          17    0.381106    0.405523  0.00698346
          18    0.395608    0.404972  0.00661718
          19    0.401831    0.404807  0.00627097
          20    0.412571    0.405195  0.00596943
           0        -nan        -nan        -nan
           1    0.417156    0.417156           0
           2    0.449956    0.433556   0.0115966
           3    0.389074    0.418729   0.0143643
           4    0.385376     0.41039   0.0129695
           5    0.335325    0.395377   0.0169696
           6    0.394638    0.395254   0.0141417
           7    0.430559    0.400298   0.0129897
           8    0.445862    0.405993   0.0125527
           9    0.415077    0.407002   0.0111985
          10    0.401605    0.406463   0.0100916
          11    0.400622    0.405932  0.00918815
          12    0.416955     0.40685  0.00846827
          13    0.365681    0.403684  0.00838813
          14     0.40129    0.403513  0.00779072
          15    0.440847    0.406002  0.00765862
          16    0.422764    0.407049  0.00725126
          17    0.381106    0.405523  0.00698346
          18    0.395608    0.404972  0.00661718
          19    0.401831    0.404807  0.00627097
          20    0.412571    0.405195  0.00596943
          21    0.432473    0.406494  0.00582477
          22    0.396604    0.406044  0.00557733
          23     0.40939     0.40619  0.00533674
          24    0.432959    0.407305  0.00522963
          25    0.455751    0.409243  0.00536748
          26    0.415282    0.409475  0.00516606
          27    0.426976    0.410124  0.00501522
          28    0.392072    0.409479  0.00487737
          29    0.391622    0.408863   0.0047479
          30    0.465686    0.410757  0.00495306
          31    0.459718    0.412337   0.0050388
          32     0.40469    0.412098    0.004887
          33    0.440979    0.412973  0.00481664
          34    0.348955     0.41109  0.00502955
          35    0.396762    0.410681  0.00490248
          36    0.396249     0.41028  0.00478266
          37    0.385602    0.409613  0.00469968
          38    0.408779    0.409591  0.00457605
          39    0.412309    0.409661  0.00445925
          40    0.405659    0.409561  0.00434889
