           0        -nan        -nan        -nan
           1    0.173252    0.173252           0
           2    0.158084    0.165668   0.0053627
           3     0.17378    0.168372   0.0042019
           4    0.192872    0.174497  0.00616994
           5    0.132464     0.16609  0.00899446
           6    0.154908    0.164227  0.00768605
           7    0.125684    0.158721  0.00832997
           8    0.151208    0.157781  0.00734147
           9    0.121488    0.153749  0.00755251
          10    0.135476    0.151922  0.00701483
          11    0.118492    0.148883  0.00700456
          12    0.156596    0.149525  0.00645027
          13     0.12442    0.147594  0.00623649
          14      0.1555    0.148159  0.00581654
          15    0.112232    0.145764  0.00590133
          16    0.170392    0.147303  0.00572973
          17     0.09892    0.144457  0.00605844
          18    0.176376     0.14623  0.00597574
          19      0.1435    0.146087  0.00566296
          20    0.165948     0.14708  0.00546619
           0        -nan        -nan        -nan
           1    0.132464    0.132464           0
           2    0.154908    0.143686  0.00793515
           3    0.125684    0.137685  0.00721044
           4    0.151208    0.141066   0.0061495
           5    0.121488     0.13715  0.00603887
           6    0.135476    0.136871  0.00503884
           7    0.118492    0.134246  0.00495609
           8    0.156596     0.13704  0.00506315
           9     0.12442    0.135637  0.00469072
          10      0.1555    0.137624   0.0046231
          11    0.112232    0.135315  0.00474422
          12    0.170392    0.138238  0.00517155
          13     0.09892    0.135214   0.0055886
          14    0.176376    0.138154  0.00591245
          15      0.1435     0.13851  0.00552902
          16    0.165948    0.140225   0.0054429
          17    0.075996    0.136447    0.006299
          18     0.16968    0.138293  0.00621374
          19      0.1548    0.139162  0.00594712
          20     0.16954    0.140681  0.00584051
           0        -nan        -nan        -nan
           1    0.173252    0.173252           0
           2    0.158084    0.165668   0.0053627
           3     0.17378    0.168372   0.0042019
           4    0.192872    0.174497  0.00616994
           5    0.132464     0.16609  0.00899446
           6    0.154908    0.164227  0.00768605
           7    0.125684    0.158721  0.00832997
           8    0.151208    0.157781  0.00734147
           9    0.121488    0.153749  0.00755251
          10    0.135476    0.151922  0.00701483
          11    0.118492    0.148883  0.00700456
          12    0.156596    0.149525  0.00645027
          13     0.12442    0.147594  0.00623649
          14      0.1555    0.148159  0.00581654
          15    0.112232    0.145764  0.00590133
          16    0.170392    0.147303  0.00572973
          17     0.09892    0.144457  0.00605844
          18    0.176376     0.14623  0.00597574
          19      0.1435    0.146087  0.00566296
          20    0.165948     0.14708  0.00546619
           0        -nan        -nan        -nan
           1    0.158084    0.158084           0
           2     0.17378    0.165932  0.00554937
           3    0.192872    0.174912  0.00821262
           4    0.132464      0.1643   0.0110635
           5    0.154908    0.162422  0.00900881
           6    0.125684    0.156299   0.0093596
           7    0.151208    0.155571  0.00805072
           8    0.121488    0.151311  0.00809355
           9    0.135476    0.149552  0.00738303
          10    0.118492    0.146446  0.00726875
          11    0.156596    0.147368  0.00666627
          12     0.12442    0.145456  0.00637915
          13      0.1555    0.146229  0.00593505
          14    0.112232      0.1438  0.00598732
          15    0.170392    0.145573  0.00584473
          16     0.09892    0.142657  0.00616399
          17    0.176376    0.144641   0.0061122
          18      0.1435    0.144577  0.00577296
          19    0.165948    0.145702  0.00557762
          20    0.075996    0.142217  0.00629417
           0        -nan        -nan        -nan
           1     0.16968     0.16968           0
           2      0.1548     0.16224  0.00526087
           3     0.16954    0.164673  0.00403091
           4     0.18116    0.168795  0.00467768
           5    0.161836    0.167403  0.00394377
           6    0.137756    0.162462  0.00558096
           7    0.104736    0.154215  0.00900969
           8     0.15272    0.154028  0.00788541
           9    0.160188    0.154713  0.00703889
          10     0.14148     0.15339  0.00645819
          11    0.126412    0.150937  0.00631962
          12    0.174392    0.152892  0.00608775
          13     0.12528    0.150768  0.00597851
          14     0.16712    0.151936  0.00566442
          15    0.187652    0.154317  0.00576557
          16    0.102312    0.151066  0.00625465
          17    0.127912    0.149704   0.0060332
          18    0.152328     0.14985  0.00569979
          19     0.16906    0.150861  0.00548874
          20    0.175076    0.152072  0.00534617
          21    0.151224    0.152032  0.00509174
          22    0.115948    0.150391  0.00511765
          23    0.121676    0.149143  0.00504514
          24     0.12944    0.148322  0.00490126
          25     0.12862    0.147534  0.00476815
          26    0.107492    0.145994  0.00482707
          27    0.167064    0.146774  0.00471095
          28    0.111008    0.145497   0.0047127
          29     0.10226    0.144006  0.00478021
          30    0.131292    0.143582  0.00463962
          31    0.092172    0.141924  0.00477716
          32    0.186612     0.14332  0.00482768
          33    0.163548    0.143933  0.00472014
          34     0.12488    0.143373  0.00461446
          35    0.193004    0.144791  0.00469545
          36    0.195748    0.146206   0.0047736
          37     0.13706    0.145959  0.00465098
          38    0.172436    0.146656  0.00458048
          39    0.165496    0.147139  0.00448844
          40    0.118552    0.146424  0.00443276
           0        -nan        -nan        -nan
           1     0.16968     0.16968           0
           2      0.1548     0.16224  0.00526087
           3     0.16954    0.164673  0.00403091
           4     0.18116    0.168795  0.00467768
           5    0.161836    0.167403  0.00394377
           6    0.137756    0.162462  0.00558096
           7    0.104736    0.154215  0.00900969
           8     0.15272    0.154028  0.00788541
           9    0.160188    0.154713  0.00703889
          10     0.14148     0.15339  0.00645819
          11    0.126412    0.150937  0.00631962
          12    0.174392    0.152892  0.00608775
          13     0.12528    0.150768  0.00597851
          14     0.16712    0.151936  0.00566442
          15    0.187652    0.154317  0.00576557
          16    0.102312    0.151066  0.00625465
          17    0.127912    0.149704   0.0060332
          18    0.152328     0.14985  0.00569979
          19     0.16906    0.150861  0.00548874
          20    0.175076    0.152072  0.00534617
          21    0.151224    0.152032  0.00509174
          22    0.115948    0.150391  0.00511765
          23    0.121676    0.149143  0.00504514
          24     0.12944    0.148322  0.00490126
          25     0.12862    0.147534  0.00476815
          26    0.107492    0.145994  0.00482707
          27    0.167064    0.146774  0.00471095
          28    0.111008    0.145497   0.0047127
          29     0.10226    0.144006  0.00478021
          30    0.131292    0.143582  0.00463962
          31    0.092172    0.141924  0.00477716
          32    0.186612     0.14332  0.00482768
          33    0.163548    0.143933  0.00472014
          34     0.12488    0.143373  0.00461446
          35    0.193004    0.144791  0.00469545
          36    0.195748    0.146206   0.0047736
          37     0.13706    0.145959  0.00465098
          38    0.172436    0.146656  0.00458048
          39    0.165496    0.147139  0.00448844
          40    0.118552    0.146424  0.00443276
