           0        -nan        -nan        -nan
           1    0.293404    0.293404           0
           2    0.293577    0.293491 6.09673e-05
           3    0.300981    0.295987  0.00203892
           4    0.292507    0.295117  0.00170471
           5    0.286527    0.293399  0.00205455
           6    0.295248    0.293707  0.00173506
           7     0.29442    0.293809  0.00149018
           8    0.290998    0.293458   0.0013447
           9    0.290244    0.293101   0.0012418
          10    0.291371    0.292928  0.00112961
          11    0.295098    0.293125    0.001044
          12    0.292792    0.293097 0.000957369
          13     0.29241    0.293044 0.000885183
          14    0.304358    0.293852  0.00113224
          15     0.29892     0.29419  0.00110601
          16    0.301153    0.294625  0.00111922
          17     0.29491    0.294642  0.00105351
          18    0.294828    0.294652  0.00099503
          19    0.296966    0.294774  0.00095008
          20    0.291616    0.294616 0.000915605
           0        -nan        -nan        -nan
           1    0.286527    0.286527           0
           2    0.295248    0.290887   0.0030831
           3     0.29442    0.292065  0.00226915
           4    0.290998    0.291798  0.00171747
           5    0.290244    0.291487  0.00140183
           6    0.291371    0.291468  0.00116832
           7    0.295098    0.291986  0.00111055
           8    0.292792    0.292087 0.000976284
           9     0.29241    0.292123 0.000868467
          10    0.304358    0.293346  0.00139932
          11     0.29892    0.293853  0.00136074
          12    0.301153    0.294461  0.00137662
          13     0.29491    0.294496  0.00127116
          14    0.294828     0.29452  0.00118058
          15    0.296966    0.294683  0.00111308
          16    0.291616    0.294491  0.00105989
          17     0.28809    0.294115  0.00106233
          18    0.295671    0.294201  0.00100682
          19    0.290348    0.293998 0.000974044
          20    0.294154    0.294006 0.000925373
           0        -nan        -nan        -nan
           1    0.293404    0.293404           0
           2    0.293577    0.293491 6.09673e-05
           3    0.300981    0.295987  0.00203892
           4    0.292507    0.295117  0.00170471
           5    0.286527    0.293399  0.00205455
           6    0.295248    0.293707  0.00173506
           7     0.29442    0.293809  0.00149018
           8    0.290998    0.293458   0.0013447
           9    0.290244    0.293101   0.0012418
          10    0.291371    0.292928  0.00112961
          11    0.295098    0.293125    0.001044
          12    0.292792    0.293097 0.000957369
          13     0.29241    0.293044 0.000885183
          14    0.304358    0.293852  0.00113224
          15     0.29892     0.29419  0.00110601
          16    0.301153    0.294625  0.00111922
          17     0.29491    0.294642  0.00105351
          18    0.294828    0.294652  0.00099503
          19    0.296966    0.294774  0.00095008
          20    0.291616    0.294616 0.000915605
           0        -nan        -nan        -nan
           1    0.293404    0.293404           0
           2    0.293577    0.293491 6.09673e-05
           3    0.300981    0.295987  0.00203892
           4    0.292507    0.295117  0.00170471
           5    0.286527    0.293399  0.00205455
           6    0.295248    0.293707  0.00173506
           7     0.29442    0.293809  0.00149018
           8    0.290998    0.293458   0.0013447
           9    0.290244    0.293101   0.0012418
          10    0.291371    0.292928  0.00112961
          11    0.295098    0.293125    0.001044
          12    0.292792    0.293097 0.000957369
          13     0.29241    0.293044 0.000885183
          14    0.304358    0.293852  0.00113224
          15     0.29892     0.29419  0.00110601
          16    0.301153    0.294625  0.00111922
          17     0.29491    0.294642  0.00105351
          18    0.294828    0.294652  0.00099503
          19    0.296966    0.294774  0.00095008
          20    0.291616    0.294616 0.000915605
           0        -nan        -nan        -nan
           1    0.293404    0.293404           0
           2    0.293577    0.293491 6.09673e-05
           3    0.300981    0.295987  0.00203892
           4    0.292507    0.295117  0.00170471
           5    0.286527    0.293399  0.00205455
           6    0.295248    0.293707  0.00173506
           7     0.29442    0.293809  0.00149018
           8    0.290998    0.293458   0.0013447
           9    0.290244    0.293101   0.0012418
          10    0.291371    0.292928  0.00112961
          11    0.295098    0.293125    0.001044
          12    0.292792    0.293097 0.000957369
          13     0.29241    0.293044 0.000885183
          14    0.304358    0.293852  0.00113224
          15     0.29892     0.29419  0.00110601
          16    0.301153    0.294625  0.00111922
          17     0.29491    0.294642  0.00105351
          18    0.294828    0.294652  0.00099503
          19    0.296966    0.294774  0.00095008
          20    0.291616    0.294616 0.000915605
          21     0.28809    0.294306 0.000923246
          22    0.295671    0.294368 0.000883365
          23    0.290348    0.294193 0.000862075
          24    0.294154    0.294191 0.000826157
          25    0.299273    0.294394 0.000817737
          26    0.288045     0.29415 0.000821945
          27    0.294516    0.294164 0.000791614
          28      0.2871    0.293912 0.000802539
          29    0.301568    0.294176 0.000817139
          30    0.294532    0.294187 0.000789987
          31    0.294563      0.2942 0.000764597
          32    0.294588    0.294212 0.000740799
          33    0.301185    0.294423 0.000747881
          34    0.285944    0.294174 0.000766338
          35    0.291232     0.29409 0.000749036
          36    0.283401    0.293793 0.000784867
          37    0.288298    0.293644 0.000777575
          38    0.286796    0.293464 0.000777715
          39     0.29554    0.293517 0.000759592
          40    0.302939    0.293753 0.000776268
           0        -nan        -nan        -nan
           1    0.293404    0.293404           0
           2    0.293577    0.293491 6.09673e-05
           3    0.300981    0.295987  0.00203892
           4    0.292507    0.295117  0.00170471
           5    0.286527    0.293399  0.00205455
           6    0.295248    0.293707  0.00173506
           7     0.29442    0.293809  0.00149018
           8    0.290998    0.293458   0.0013447
           9    0.290244    0.293101   0.0012418
          10    0.291371    0.292928  0.00112961
          11    0.295098    0.293125    0.001044
          12    0.292792    0.293097 0.000957369
          13     0.29241    0.293044 0.000885183
          14    0.304358    0.293852  0.00113224
          15     0.29892     0.29419  0.00110601
          16    0.301153    0.294625  0.00111922
          17     0.29491    0.294642  0.00105351
          18    0.294828    0.294652  0.00099503
          19    0.296966    0.294774  0.00095008
          20    0.291616    0.294616 0.000915605
          21     0.28809    0.294306 0.000923246
          22    0.295671    0.294368 0.000883365
          23    0.290348    0.294193 0.000862075
          24    0.294154    0.294191 0.000826157
          25    0.299273    0.294394 0.000817737
          26    0.288045     0.29415 0.000821945
          27    0.294516    0.294164 0.000791614
          28      0.2871    0.293912 0.000802539
          29    0.301568    0.294176 0.000817139
          30    0.294532    0.294187 0.000789987
          31    0.294563      0.2942 0.000764597
          32    0.294588    0.294212 0.000740799
          33    0.301185    0.294423 0.000747881
          34    0.285944    0.294174 0.000766338
          35    0.291232     0.29409 0.000749036
          36    0.283401    0.293793 0.000784867
          37    0.288298    0.293644 0.000777575
          38    0.286796    0.293464 0.000777715
          39     0.29554    0.293517 0.000759592
          40    0.302939    0.293753 0.000776268
