           0        -nan        -nan        -nan
           1   -0.682416   -0.682416           0
           2    -0.68156   -0.681988 0.000302642
           3     -0.6798   -0.681259 0.000628749
           4   -0.685888   -0.682416  0.00110767
           5    -0.68588   -0.683109   0.0010813
           6    -0.68556   -0.683517 0.000975212
           7   -0.684176   -0.683611 0.000840423
           8    -0.68232    -0.68345 0.000750714
           9   -0.682968   -0.683396 0.000669209
          10    -0.68212   -0.683269 0.000614341
          11   -0.685128   -0.683438 0.000581277
          12   -0.683368   -0.683432 0.000532866
          13   -0.677432    -0.68297  0.00066225
          14   -0.684296   -0.683065 0.000621677
          15   -0.684224   -0.683142 0.000585013
          16   -0.680232    -0.68296 0.000576035
          17    -0.68084   -0.682836 0.000555492
          18    -0.68116   -0.682743 0.000532376
          19   -0.683744   -0.682795 0.000506958
          20   -0.681672   -0.682739 0.000484711
           0        -nan        -nan        -nan
           1    -0.68588    -0.68588           0
           2    -0.68556    -0.68572 0.000113137
           3   -0.684176   -0.685205 0.000426939
           4    -0.68232   -0.684484 0.000701977
           5   -0.682968   -0.684181 0.000623633
           6    -0.68212   -0.683837 0.000606951
           7   -0.685128   -0.684022 0.000547534
           8   -0.683368    -0.68394 0.000485152
           9   -0.677432   -0.683217 0.000806699
          10   -0.684296   -0.683325 0.000733211
          11   -0.684224   -0.683407 0.000671097
          12   -0.680232   -0.683142 0.000665274
          13    -0.68084   -0.682965  0.00063723
          14    -0.68116   -0.682836 0.000604615
          15   -0.683744   -0.682897 0.000567329
          16   -0.681672    -0.68282 0.000537008
          17   -0.682824    -0.68282  0.00050542
          18    -0.68392   -0.682881  0.00048102
          19   -0.684008   -0.682941 0.000459343
          20   -0.683624   -0.682975 0.000437645
           0        -nan        -nan        -nan
           1   -0.682416   -0.682416           0
           2    -0.68156   -0.681988 0.000302642
           3     -0.6798   -0.681259 0.000628749
           4   -0.685888   -0.682416  0.00110767
           5    -0.68588   -0.683109   0.0010813
           6    -0.68556   -0.683517 0.000975212
           7   -0.684176   -0.683611 0.000840423
           8    -0.68232    -0.68345 0.000750714
           9   -0.682968   -0.683396 0.000669209
          10    -0.68212   -0.683269 0.000614341
          11   -0.685128   -0.683438 0.000581277
          12   -0.683368   -0.683432 0.000532866
          13   -0.677432    -0.68297  0.00066225
          14   -0.684296   -0.683065 0.000621677
          15   -0.684224   -0.683142 0.000585013
          16   -0.680232    -0.68296 0.000576035
          17    -0.68084   -0.682836 0.000555492
          18    -0.68116   -0.682743 0.000532376
          19   -0.683744   -0.682795 0.000506958
          20   -0.681672   -0.682739 0.000484711
           0        -nan        -nan        -nan
           1   -0.682416   -0.682416           0
           2    -0.68156   -0.681988 0.000302642
           3     -0.6798   -0.681259 0.000628749
           4   -0.685888   -0.682416  0.00110767
           5    -0.68588   -0.683109   0.0010813
           6    -0.68556   -0.683517 0.000975212
           7   -0.684176   -0.683611 0.000840423
           8    -0.68232    -0.68345 0.000750714
           9   -0.682968   -0.683396 0.000669209
          10    -0.68212   -0.683269 0.000614341
          11   -0.685128   -0.683438 0.000581277
          12   -0.683368   -0.683432 0.000532866
          13   -0.677432    -0.68297  0.00066225
          14   -0.684296   -0.683065 0.000621677
          15   -0.684224   -0.683142 0.000585013
          16   -0.680232    -0.68296 0.000576035
          17    -0.68084   -0.682836 0.000555492
          18    -0.68116   -0.682743 0.000532376
          19   -0.683744   -0.682795 0.000506958
          20   -0.681672   -0.682739 0.000484711
           0        -nan        -nan        -nan
           1   -0.682416   -0.682416           0
           2    -0.68156   -0.681988 0.000302642
           3     -0.6798   -0.681259 0.000628749
           4   -0.685888   -0.682416  0.00110767
           5    -0.68588   -0.683109   0.0010813
           6    -0.68556   -0.683517 0.000975212
           7   -0.684176   -0.683611 0.000840423
           8    -0.68232    -0.68345 0.000750714
           9   -0.682968   -0.683396 0.000669209
          10    -0.68212   -0.683269 0.000614341
          11   -0.685128   -0.683438 0.000581277
          12   -0.683368   -0.683432 0.000532866
          13   -0.677432    -0.68297  0.00066225
          14   -0.684296   -0.683065 0.000621677
          15   -0.684224   -0.683142 0.000585013
          16   -0.680232    -0.68296 0.000576035
          17    -0.68084   -0.682836 0.000555492
          18    -0.68116   -0.682743 0.000532376
          19   -0.683744   -0.682795 0.000506958
          20   -0.681672   -0.682739 0.000484711
          21   -0.682824   -0.682743 0.000461647
          22    -0.68392   -0.682797 0.000443751
          23   -0.684008   -0.682849 0.000427571
          24   -0.683624   -0.682882 0.000410972
          25     -0.6808   -0.682798  0.00040288
          26   -0.682376   -0.682782 0.000387712
          27   -0.681424   -0.682732 0.000376601
          28   -0.680864   -0.682665 0.000369012
          29   -0.683328   -0.682688 0.000356995
          30    -0.68432   -0.682742 0.000349215
          31   -0.683992   -0.682783 0.000340269
          32   -0.681544   -0.682744  0.00033183
          33   -0.683488   -0.682767 0.000322539
          34   -0.684936    -0.68283 0.000319302
          35   -0.683232   -0.682842 0.000310385
          36    -0.68588   -0.682926 0.000313027
          37   -0.683328   -0.682937 0.000304755
          38    -0.67824   -0.682813 0.000320824
          39   -0.682632   -0.682809 0.000312632
          40   -0.684272   -0.682845 0.000306949
           0        -nan        -nan        -nan
           1   -0.682416   -0.682416           0
           2    -0.68156   -0.681988 0.000302642
           3     -0.6798   -0.681259 0.000628749
           4   -0.685888   -0.682416  0.00110767
           5    -0.68588   -0.683109   0.0010813
           6    -0.68556   -0.683517 0.000975212
           7   -0.684176   -0.683611 0.000840423
           8    -0.68232    -0.68345 0.000750714
           9   -0.682968   -0.683396 0.000669209
          10    -0.68212   -0.683269 0.000614341
          11   -0.685128   -0.683438 0.000581277
          12   -0.683368   -0.683432 0.000532866
          13   -0.677432    -0.68297  0.00066225
          14   -0.684296   -0.683065 0.000621677
          15   -0.684224   -0.683142 0.000585013
          16   -0.680232    -0.68296 0.000576035
          17    -0.68084   -0.682836 0.000555492
          18    -0.68116   -0.682743 0.000532376
          19   -0.683744   -0.682795 0.000506958
          20   -0.681672   -0.682739 0.000484711
          21   -0.682824   -0.682743 0.000461647
          22    -0.68392   -0.682797 0.000443751
          23   -0.684008   -0.682849 0.000427571
          24   -0.683624   -0.682882 0.000410972
          25     -0.6808   -0.682798  0.00040288
          26   -0.682376   -0.682782 0.000387712
          27   -0.681424   -0.682732 0.000376601
          28   -0.680864   -0.682665 0.000369012
          29   -0.683328   -0.682688 0.000356995
          30    -0.68432   -0.682742 0.000349215
          31   -0.683992   -0.682783 0.000340269
          32   -0.681544   -0.682744  0.00033183
          33   -0.683488   -0.682767 0.000322539
          34   -0.684936    -0.68283 0.000319302
          35   -0.683232   -0.682842 0.000310385
          36    -0.68588   -0.682926 0.000313027
          37   -0.683328   -0.682937 0.000304755
          38    -0.67824   -0.682813 0.000320824
          39   -0.682632   -0.682809 0.000312632
          40   -0.684272   -0.682845 0.000306949
