           0        -nan        -nan        -nan
           1      0.0383      0.0383           0
           2    0.051732    0.045016  0.00474893
           3    0.046048     0.04536  0.00317839
           4    0.051924    0.047001  0.00277527
           5    0.052896     0.04818  0.00245792
           6     0.03196   0.0454767  0.00320709
           7     0.03642   0.0441829  0.00299857
           8     0.06242   0.0464625  0.00338101
           9    0.044344   0.0462271  0.00301353
          10     0.04332   0.0459364  0.00272616
          11    0.047828   0.0461084  0.00248375
          12    0.045064   0.0460213  0.00227829
          13    0.048712   0.0462283  0.00211242
          14    0.043992   0.0460686  0.00196756
          15      0.0453   0.0460173  0.00183706
          16    0.048044    0.046144   0.0017266
          17      0.0238   0.0448296  0.00206559
          18    0.031216   0.0440733   0.0020847
          19     0.03324   0.0435032  0.00205147
          20    0.026464   0.0426512  0.00211843
           0        -nan        -nan        -nan
           1    0.052896    0.052896           0
           2     0.03196    0.042428  0.00740199
           3     0.03642   0.0404253  0.00519853
           4     0.06242    0.045924   0.0061545
           5    0.044344    0.045608  0.00493171
           6     0.04332   0.0452267  0.00412447
           7    0.047828   0.0455983  0.00355196
           8    0.045064   0.0455315   0.0031086
           9    0.048712   0.0458849  0.00278321
          10    0.043992   0.0456956  0.00251132
          11      0.0453   0.0456596  0.00228327
          12    0.048044   0.0458583  0.00210163
          13      0.0238   0.0441615  0.00253399
          14    0.031216   0.0432369  0.00251605
          15     0.03324   0.0425704  0.00243498
          16    0.026464   0.0415638  0.00248217
          17    0.027152    0.040716   0.0024767
          18    0.059684   0.0417698  0.00255346
          19    0.047272   0.0420594  0.00243544
          20    0.056128   0.0427628  0.00241312
           0        -nan        -nan        -nan
           1      0.0383      0.0383           0
           2    0.051732    0.045016  0.00474893
           3    0.046048     0.04536  0.00317839
           4    0.051924    0.047001  0.00277527
           5    0.052896     0.04818  0.00245792
           6     0.03196   0.0454767  0.00320709
           7     0.03642   0.0441829  0.00299857
           8     0.06242   0.0464625  0.00338101
           9    0.044344   0.0462271  0.00301353
          10     0.04332   0.0459364  0.00272616
          11    0.047828   0.0461084  0.00248375
          12    0.045064   0.0460213  0.00227829
          13    0.048712   0.0462283  0.00211242
          14    0.043992   0.0460686  0.00196756
          15      0.0453   0.0460173  0.00183706
          16    0.048044    0.046144   0.0017266
          17      0.0238   0.0448296  0.00206559
          18    0.031216   0.0440733   0.0020847
          19     0.03324   0.0435032  0.00205147
          20    0.026464   0.0426512  0.00211843
           0        -nan        -nan        -nan
           1    0.051732    0.051732           0
           2    0.046048     0.04889   0.0020096
           3    0.051924   0.0499013  0.00157377
           4    0.052896     0.05065  0.00134668
           5     0.03196    0.046912  0.00351266
           6     0.03642   0.0451633  0.00333419
           7     0.06242   0.0476286  0.00365741
           8    0.044344    0.047218   0.0032232
           9     0.04332   0.0467849  0.00289402
          10    0.047828   0.0468892  0.00260649
          11    0.045064   0.0467233  0.00237481
          12    0.048712    0.046889  0.00218269
          13    0.043992   0.0466662  0.00202613
          14      0.0453   0.0465686  0.00188376
          15    0.048044   0.0466669  0.00176074
          16      0.0238   0.0452378    0.002154
          17    0.031216   0.0444129  0.00217949
          18     0.03324   0.0437922  0.00214498
          19    0.026464   0.0428802  0.00221751
          20    0.027152   0.0420938  0.00224175
           0        -nan        -nan        -nan
           1    0.059684    0.059684           0
           2    0.047272    0.053478   0.0043883
           3    0.056128   0.0543613  0.00301313
           4    0.042668    0.051438  0.00339357
           5    0.047208    0.050592  0.00281834
           6    0.041224   0.0490307  0.00274726
           7    0.021544    0.045104  0.00433141
           8    0.024508   0.0425295  0.00449038
           9    0.063464   0.0448556  0.00455423
          10    0.050456   0.0454156   0.0041331
          11    0.029716   0.0439884   0.0039962
          12    0.036624   0.0433747  0.00371001
          13    0.045816   0.0435625  0.00342937
          14    0.039212   0.0432517  0.00319846
          15    0.052844   0.0438912  0.00304849
          16    0.036228   0.0434123  0.00289534
          17    0.017916   0.0419125  0.00308914
          18    0.030996    0.041306  0.00297646
          19    0.053824   0.0419648   0.0028918
          20    0.051552   0.0424442  0.00278666
          21    0.037464    0.042207  0.00266403
          22    0.040384   0.0421242  0.00254423
          23    0.047608   0.0423626  0.00244476
          24    0.029032   0.0418072  0.00240516
          25    0.037448   0.0416328  0.00231527
          26    0.050808   0.0419857  0.00225295
          27      0.0435   0.0420418  0.00217021
          28    0.048988   0.0422899  0.00210683
          29    0.030112   0.0418699  0.00207561
          30    0.038712   0.0417647  0.00200909
          31    0.037304   0.0416208  0.00194943
          32    0.045888   0.0417541  0.00189306
          33    0.034932   0.0415474  0.00184695
          34    0.046544   0.0416944  0.00179846
          35    0.058576   0.0421767   0.0018106
          36    0.053376   0.0424878  0.00178683
          37    0.027948   0.0420948  0.00178123
          38    0.053804   0.0424029  0.00176081
          39    0.042248    0.042399  0.00171566
          40    0.029212   0.0420693  0.00170415
