           0        -nan        -nan        -nan
           1     2.55519     2.55519           0
           2     2.47336     2.51427    0.028931
           3     2.41607     2.48154   0.0329605
           4     2.42554     2.46754   0.0275339
           5     2.56658     2.48735   0.0282683
           6     2.47608     2.48547   0.0236192
           7     2.51678     2.48994   0.0206642
           8     2.61191     2.50519   0.0230289
           9     2.52348     2.50722   0.0205596
          10      2.5457     2.51107   0.0188603
          11     2.57933     2.51728    0.018138
          12     2.65755     2.52896   0.0200423
          13      2.5791     2.53282    0.018868
          14      2.5784     2.53608    0.017799
          15     2.46858     2.53158   0.0171718
          16     2.57653     2.53439   0.0163269
          17     2.50519     2.53267   0.0154565
          18     2.45704     2.52847   0.0151581
          19     2.52921     2.52851   0.0143604
          20      2.4358     2.52387   0.0143711
           0        -nan        -nan        -nan
           1     2.56658     2.56658           0
           2     2.47608     2.52133   0.0319971
           3     2.51678     2.51981   0.0213673
           4     2.61191     2.54284    0.025582
           5     2.52348     2.53897   0.0207565
           6      2.5457     2.54009   0.0173274
           7     2.57933      2.5457   0.0157329
           8     2.65755     2.55968   0.0189882
           9      2.5791     2.56184   0.0170007
          10      2.5784     2.56349   0.0153811
          11     2.46858     2.55486   0.0162236
          12     2.57653     2.55667   0.0149718
          13     2.50519     2.55271   0.0143343
          14     2.45704     2.54588   0.0148502
          15     2.52921     2.54476   0.0139017
          16      2.4358     2.53795   0.0146061
          17     2.44731     2.53262    0.014688
          18     2.51379     2.53158   0.0139092
          19     2.36313     2.52271   0.0157513
          20      2.3631     2.51473   0.0168647
           0        -nan        -nan        -nan
           1     2.55519     2.55519           0
           2     2.47336     2.51427    0.028931
           3     2.41607     2.48154   0.0329605
           4     2.42554     2.46754   0.0275339
           5     2.56658     2.48735   0.0282683
           6     2.47608     2.48547   0.0236192
           7     2.51678     2.48994   0.0206642
           8     2.61191     2.50519   0.0230289
           9     2.52348     2.50722   0.0205596
          10      2.5457     2.51107   0.0188603
          11     2.57933     2.51728    0.018138
          12     2.65755     2.52896   0.0200423
          13      2.5791     2.53282    0.018868
          14      2.5784     2.53608    0.017799
          15     2.46858     2.53158   0.0171718
          16     2.57653     2.53439   0.0163269
          17     2.50519     2.53267   0.0154565
          18     2.45704     2.52847   0.0151581
          19     2.52921     2.52851   0.0143604
          20      2.4358     2.52387   0.0143711
           0        -nan        -nan        -nan
           1     2.55519     2.55519           0
           2     2.47336     2.51427    0.028931
           3     2.41607     2.48154   0.0329605
           4     2.42554     2.46754   0.0275339
           5     2.56658     2.48735   0.0282683
           6     2.47608     2.48547   0.0236192
           7     2.51678     2.48994   0.0206642
           8     2.61191     2.50519   0.0230289
           9     2.52348     2.50722   0.0205596
          10      2.5457     2.51107   0.0188603
          11     2.57933     2.51728    0.018138
          12     2.65755     2.52896   0.0200423
          13      2.5791     2.53282    0.018868
          14      2.5784     2.53608    0.017799
          15     2.46858     2.53158   0.0171718
          16     2.57653     2.53439   0.0163269
          17     2.50519     2.53267   0.0154565
          18     2.45704     2.52847   0.0151581
          19     2.52921     2.52851   0.0143604
          20      2.4358     2.52387   0.0143711
           0        -nan        -nan        -nan
           1     2.55519     2.55519           0
           2     2.47336     2.51427    0.028931
           3     2.41607     2.48154   0.0329605
           4     2.42554     2.46754   0.0275339
           5     2.56658     2.48735   0.0282683
           6     2.47608     2.48547   0.0236192
           7     2.51678     2.48994   0.0206642
           8     2.61191     2.50519   0.0230289
           9     2.52348     2.50722   0.0205596
          10      2.5457     2.51107   0.0188603
          11     2.57933     2.51728    0.018138
          12     2.65755     2.52896   0.0200423
          13      2.5791     2.53282    0.018868
          14      2.5784     2.53608    0.017799
          15     2.46858     2.53158   0.0171718
          16     2.57653     2.53439   0.0163269
          17     2.50519     2.53267   0.0154565
          18     2.45704     2.52847   0.0151581
          19     2.52921     2.52851   0.0143604
          20      2.4358     2.52387   0.0143711
          21     2.44731     2.52023   0.0141417
          22     2.51379     2.51993   0.0135019
          23     2.36313     2.51311   0.0145346
          24      2.3631     2.50686   0.0152138
          25     2.45334     2.50472   0.0147551
          26     2.43501     2.50204   0.0144291
          27     2.51766     2.50262   0.0139063
          28     2.54505     2.50414    0.013492
          29     2.36057     2.49919   0.0139054
          30     2.58649      2.5021    0.013743
          31     2.57453     2.50443   0.0134969
          32     2.47536     2.50352   0.0131056
          33     2.57462     2.50568   0.0128844
          34     2.60151      2.5085     0.01281
          35     2.23116     2.50057   0.0146918
          36     2.46282     2.49952   0.0143211
          37     2.46058     2.49847   0.0139726
          38     2.47748     2.49792   0.0136158
          39      2.5244      2.4986   0.0132836
          40     2.42797     2.49683   0.0130684
           0        -nan        -nan        -nan
           1     2.55519     2.55519           0
           2     2.47336     2.51427    0.028931
           3     2.41607     2.48154   0.0329605
           4     2.42554     2.46754   0.0275339
           5     2.56658     2.48735   0.0282683
           6     2.47608     2.48547   0.0236192
           7     2.51678     2.48994   0.0206642
           8     2.61191     2.50519   0.0230289
           9     2.52348     2.50722   0.0205596
          10      2.5457     2.51107   0.0188603
          11     2.57933     2.51728    0.018138
          12     2.65755     2.52896   0.0200423
          13      2.5791     2.53282    0.018868
          14      2.5784     2.53608    0.017799
          15     2.46858     2.53158   0.0171718
          16     2.57653     2.53439   0.0163269
          17     2.50519     2.53267   0.0154565
          18     2.45704     2.52847   0.0151581
          19     2.52921     2.52851   0.0143604
          20      2.4358     2.52387   0.0143711
          21     2.44731     2.52023   0.0141417
          22     2.51379     2.51993   0.0135019
          23     2.36313     2.51311   0.0145346
          24      2.3631     2.50686   0.0152138
          25     2.45334     2.50472   0.0147551
          26     2.43501     2.50204   0.0144291
          27     2.51766     2.50262   0.0139063
          28     2.54505     2.50414    0.013492
          29     2.36057     2.49919   0.0139054
          30     2.58649      2.5021    0.013743
          31     2.57453     2.50443   0.0134969
          32     2.47536     2.50352   0.0131056
          33     2.57462     2.50568   0.0128844
          34     2.60151      2.5085     0.01281
          35     2.23116     2.50057   0.0146918
          36     2.46282     2.49952   0.0143211
          37     2.46058     2.49847   0.0139726
          38     2.47748     2.49792   0.0136158
          39      2.5244      2.4986   0.0132836
          40     2.42797     2.49683   0.0130684
