           0        -nan        -nan        -nan
           1     70.8424     70.8424           0
           2      70.823     70.8327  0.00683914
           3     74.5292     72.0649     1.00609
           4     69.0708     71.3163    0.994783
           5     78.9932     72.8517      1.5872
           6     75.0659     73.2207      1.3649
           7     64.5246     71.9784     1.64059
           8     72.8837     72.0916     1.43942
           9      68.089     71.6469     1.34643
          10     82.9211     72.7743     1.61629
          11     82.5399     73.6621     1.69574
          12       76.07     73.8627     1.56625
          13     79.5862      74.303     1.50638
          14     88.9457     75.3489     1.72406
          15     83.8092     75.9129     1.69888
          16        67.2     75.3684      1.6777
          17     83.5151     75.8476     1.64603
          18     77.4488     75.9365     1.55699
          19     75.1253     75.8938     1.47563
          20     79.8418     76.0912     1.41499
           0        -nan        -nan        -nan
           1     78.9932     78.9932           0
           2     75.0659     77.0295     1.38849
           3     64.5246     72.8612     3.52705
           4     72.8837     72.8668     2.64529
           5      68.089     71.9113     2.28231
           6     82.9211     73.7463     2.53441
           7     82.5399     75.0025      2.4641
           8       76.07     75.1359      2.1597
           9     79.5862     75.6304     1.97553
          10     88.9457     76.9619     2.18103
          11     83.8092     77.5844     2.06968
          12        67.2      76.719     2.07022
          13     83.5151     77.2418     1.97588
          14     77.4488     77.2566      1.8348
          15     75.1253     77.1145     1.71797
          16     79.8418      77.285     1.61903
          17     76.3751     77.2314     1.52468
          18     78.3243     77.2922     1.44118
          19     78.2482     77.3425     1.36621
          20      81.652      77.558     1.31478
           0        -nan        -nan        -nan
           1     70.8424     70.8424           0
           2      70.823     70.8327  0.00683914
           3     74.5292     72.0649     1.00609
           4     69.0708     71.3163    0.994783
           5     78.9932     72.8517      1.5872
           6     75.0659     73.2207      1.3649
           7     64.5246     71.9784     1.64059
           8     72.8837     72.0916     1.43942
           9      68.089     71.6469     1.34643
          10     82.9211     72.7743     1.61629
          11     82.5399     73.6621     1.69574
          12       76.07     73.8627     1.56625
          13     79.5862      74.303     1.50638
          14     88.9457     75.3489     1.72406
          15     83.8092     75.9129     1.69888
          16        67.2     75.3684      1.6777
          17     83.5151     75.8476     1.64603
          18     77.4488     75.9365     1.55699
          19     75.1253     75.8938     1.47563
          20     79.8418     76.0912     1.41499
           0        -nan        -nan        -nan
           1     70.8424     70.8424           0
           2      70.823     70.8327  0.00683914
           3     74.5292     72.0649     1.00609
           4     69.0708     71.3163    0.994783
           5     78.9932     72.8517      1.5872
           6     75.0659     73.2207      1.3649
           7     64.5246     71.9784     1.64059
           8     72.8837     72.0916     1.43942
           9      68.089     71.6469     1.34643
          10     82.9211     72.7743     1.61629
          11     82.5399     73.6621     1.69574
          12       76.07     73.8627     1.56625
          13     79.5862      74.303     1.50638
          14     88.9457     75.3489     1.72406
          15     83.8092     75.9129     1.69888
          16        67.2     75.3684      1.6777
          17     83.5151     75.8476     1.64603
          18     77.4488     75.9365     1.55699
          19     75.1253     75.8938     1.47563
          20     79.8418     76.0912     1.41499
           0        -nan        -nan        -nan
           1     70.8424     70.8424           0
           2      70.823     70.8327  0.00683914
           3     74.5292     72.0649     1.00609
           4     69.0708     71.3163    0.994783
           5     78.9932     72.8517      1.5872
           6     75.0659     73.2207      1.3649
           7     64.5246     71.9784     1.64059
           8     72.8837     72.0916     1.43942
           9      68.089     71.6469     1.34643
          10     82.9211     72.7743     1.61629
          11     82.5399     73.6621     1.69574
          12       76.07     73.8627     1.56625
          13     79.5862      74.303     1.50638
          14     88.9457     75.3489     1.72406
          15     83.8092     75.9129     1.69888
          16        67.2     75.3684      1.6777
          17     83.5151     75.8476     1.64603
          18     77.4488     75.9365     1.55699
          19     75.1253     75.8938     1.47563
          20     79.8418     76.0912     1.41499
          21     76.3751     76.1048     1.34767
          22     78.3243     76.2056     1.29019
          23     78.2482     76.2945     1.23714
          24      81.652     76.5177     1.20557
          25     71.3201     76.3098     1.17513
          26     80.7875      76.482     1.14249
          27      86.656     76.8588     1.16065
          28     72.2212     76.6932     1.13096
          29     67.3748     76.3719     1.13669
          30     86.9439     76.7243     1.15213
          31     79.5999      76.817     1.11869
          32     86.6525     77.1244     1.12516
          33     76.6489       77.11     1.09116
          34     82.1652     77.2587     1.06915
          35     65.8913     76.9339     1.08681
          36     81.0082     77.0471      1.0625
          37     75.7881      77.013     1.03433
          38      83.787     77.1913     1.02236
          39     79.2054     77.2429    0.997445
          40      78.095     77.2642    0.972737
           0        -nan        -nan        -nan
           1     70.8424     70.8424           0
           2      70.823     70.8327  0.00683914
           3     74.5292     72.0649     1.00609
           4     69.0708     71.3163    0.994783
           5     78.9932     72.8517      1.5872
           6     75.0659     73.2207      1.3649
           7     64.5246     71.9784     1.64059
           8     72.8837     72.0916     1.43942
           9      68.089     71.6469     1.34643
          10     82.9211     72.7743     1.61629
          11     82.5399     73.6621     1.69574
          12       76.07     73.8627     1.56625
          13     79.5862      74.303     1.50638
          14     88.9457     75.3489     1.72406
          15     83.8092     75.9129     1.69888
          16        67.2     75.3684      1.6777
          17     83.5151     75.8476     1.64603
          18     77.4488     75.9365     1.55699
          19     75.1253     75.8938     1.47563
          20     79.8418     76.0912     1.41499
          21     76.3751     76.1048     1.34767
          22     78.3243     76.2056     1.29019
          23     78.2482     76.2945     1.23714
          24      81.652     76.5177     1.20557
          25     71.3201     76.3098     1.17513
          26     80.7875      76.482     1.14249
          27      86.656     76.8588     1.16065
          28     72.2212     76.6932     1.13096
          29     67.3748     76.3719     1.13669
          30     86.9439     76.7243     1.15213
          31     79.5999      76.817     1.11869
          32     86.6525     77.1244     1.12516
          33     76.6489       77.11     1.09116
          34     82.1652     77.2587     1.06915
          35     65.8913     76.9339     1.08681
          36     81.0082     77.0471      1.0625
          37     75.7881      77.013     1.03433
          38      83.787     77.1913     1.02236
          39     79.2054     77.2429    0.997445
          40      78.095     77.2642    0.972737
