           0        -nan        -nan        -nan
           1   -0.964592   -0.964592           0
           2   -0.965456   -0.965024  0.00030547
           3   -0.968472   -0.966173 0.000960269
           4   -0.964664   -0.965796  0.00079087
           5   -0.975584   -0.967754  0.00186174
           6   -0.969424   -0.968032  0.00157212
           7   -0.959192   -0.966769  0.00178405
           8   -0.967144   -0.966816  0.00156166
           9   -0.962608   -0.966348  0.00145645
          10   -0.979112   -0.967625  0.00178449
          11   -0.978808   -0.968641   0.0018898
          12    -0.96844   -0.968625  0.00173239
          13   -0.972384   -0.968914  0.00162309
          14   -0.984288   -0.970012  0.00184155
          15   -0.980208   -0.970692  0.00183996
          16   -0.962624   -0.970187  0.00179272
          17    -0.98044   -0.970791  0.00178583
          18   -0.973136   -0.970921  0.00169136
          19   -0.969744   -0.970859  0.00160348
          20   -0.972744   -0.970953  0.00152607
           0        -nan        -nan        -nan
           1   -0.975584   -0.975584           0
           2   -0.969424   -0.972504  0.00217789
           3   -0.959192   -0.968067  0.00390317
           4   -0.967144   -0.967836  0.00293418
           5   -0.962608    -0.96679  0.00252679
           6   -0.979112   -0.968844  0.00281925
           7   -0.978808   -0.970267  0.00275249
           8    -0.96844   -0.970039  0.00241789
           9   -0.972384     -0.9703  0.00216323
          10   -0.984288   -0.971698  0.00235617
          11   -0.980208   -0.972472  0.00226541
          12   -0.962624   -0.971651   0.0022203
          13    -0.98044   -0.972327  0.00214997
          14   -0.973136   -0.972385  0.00199718
          15   -0.969744   -0.972209  0.00187178
          16   -0.972744   -0.972243  0.00175509
          17   -0.969544   -0.972084  0.00165901
          18    -0.97296   -0.972132  0.00156756
          19   -0.972728   -0.972164  0.00148537
          20   -0.974368   -0.972274  0.00141518
           0        -nan        -nan        -nan
           1   -0.964592   -0.964592           0
           2   -0.965456   -0.965024  0.00030547
           3   -0.968472   -0.966173 0.000960269
           4   -0.964664   -0.965796  0.00079087
           5   -0.975584   -0.967754  0.00186174
           6   -0.969424   -0.968032  0.00157212
           7   -0.959192   -0.966769  0.00178405
           8   -0.967144   -0.966816  0.00156166
           9   -0.962608   -0.966348  0.00145645
          10   -0.979112   -0.967625  0.00178449
          11   -0.978808   -0.968641   0.0018898
          12    -0.96844   -0.968625  0.00173239
          13   -0.972384   -0.968914  0.00162309
          14   -0.984288   -0.970012  0.00184155
          15   -0.980208   -0.970692  0.00183996
          16   -0.962624   -0.970187  0.00179272
          17    -0.98044   -0.970791  0.00178583
          18   -0.973136   -0.970921  0.00169136
          19   -0.969744   -0.970859  0.00160348
          20   -0.972744   -0.970953  0.00152607
           0        -nan        -nan        -nan
           1   -0.964592   -0.964592           0
           2   -0.965456   -0.965024  0.00030547
           3   -0.968472   -0.966173 0.000960269
           4   -0.964664   -0.965796  0.00079087
           5   -0.975584   -0.967754  0.00186174
           6   -0.969424   -0.968032  0.00157212
           7   -0.959192   -0.966769  0.00178405
           8   -0.967144   -0.966816  0.00156166
           9   -0.962608   -0.966348  0.00145645
          10   -0.979112   -0.967625  0.00178449
          11   -0.978808   -0.968641   0.0018898
          12    -0.96844   -0.968625  0.00173239
          13   -0.972384   -0.968914  0.00162309
          14   -0.984288   -0.970012  0.00184155
          15   -0.980208   -0.970692  0.00183996
          16   -0.962624   -0.970187  0.00179272
          17    -0.98044   -0.970791  0.00178583
          18   -0.973136   -0.970921  0.00169136
          19   -0.969744   -0.970859  0.00160348
          20   -0.972744   -0.970953  0.00152607
           0        -nan        -nan        -nan
           1   -0.964592   -0.964592           0
           2   -0.965456   -0.965024  0.00030547
           3   -0.968472   -0.966173 0.000960269
           4   -0.964664   -0.965796  0.00079087
           5   -0.975584   -0.967754  0.00186174
           6   -0.969424   -0.968032  0.00157212
           7   -0.959192   -0.966769  0.00178405
           8   -0.967144   -0.966816  0.00156166
           9   -0.962608   -0.966348  0.00145645
          10   -0.979112   -0.967625  0.00178449
          11   -0.978808   -0.968641   0.0018898
          12    -0.96844   -0.968625  0.00173239
          13   -0.972384   -0.968914  0.00162309
          14   -0.984288   -0.970012  0.00184155
          15   -0.980208   -0.970692  0.00183996
          16   -0.962624   -0.970187  0.00179272
          17    -0.98044   -0.970791  0.00178583
          18   -0.973136   -0.970921  0.00169136
          19   -0.969744   -0.970859  0.00160348
          20   -0.972744   -0.970953  0.00152607
          21   -0.969544   -0.970886  0.00145488
          22    -0.97296    -0.97098   0.0013918
          23   -0.972728   -0.971056  0.00133336
          24   -0.974368   -0.971194  0.00128492
          25   -0.967736   -0.971056  0.00124095
          26    -0.97564   -0.971232  0.00120568
          27    -0.98068   -0.971582  0.00121074
          28    -0.96936   -0.971503  0.00117009
          29   -0.964272   -0.971254  0.00115601
          30   -0.982304   -0.971622  0.00117469
          31   -0.972656   -0.971655  0.00113727
          32   -0.981288   -0.971956  0.00114088
          33   -0.970008   -0.971897  0.00110783
          34    -0.97676    -0.97204  0.00108444
          35    -0.96232   -0.971763  0.00108844
          36    -0.97648   -0.971894  0.00106606
          37    -0.97196   -0.971895  0.00103725
          38   -0.979672     -0.9721  0.00102995
          39   -0.973816   -0.972144  0.00100448
          40   -0.972776    -0.97216  0.00097949
           0        -nan        -nan        -nan
           1   -0.964592   -0.964592           0
           2   -0.965456   -0.965024  0.00030547
           3   -0.968472   -0.966173 0.000960269
           4   -0.964664   -0.965796  0.00079087
           5   -0.975584   -0.967754  0.00186174
           6   -0.969424   -0.968032  0.00157212
           7   -0.959192   -0.966769  0.00178405
           8   -0.967144   -0.966816  0.00156166
           9   -0.962608   -0.966348  0.00145645
          10   -0.979112   -0.967625  0.00178449
          11   -0.978808   -0.968641   0.0018898
          12    -0.96844   -0.968625  0.00173239
          13   -0.972384   -0.968914  0.00162309
          14   -0.984288   -0.970012  0.00184155
          15   -0.980208   -0.970692  0.00183996
          16   -0.962624   -0.970187  0.00179272
          17    -0.98044   -0.970791  0.00178583
          18   -0.973136   -0.970921  0.00169136
          19   -0.969744   -0.970859  0.00160348
          20   -0.972744   -0.970953  0.00152607
          21   -0.969544   -0.970886  0.00145488
          22    -0.97296    -0.97098   0.0013918
          23   -0.972728   -0.971056  0.00133336
          24   -0.974368   -0.971194  0.00128492
          25   -0.967736   -0.971056  0.00124095
          26    -0.97564   -0.971232  0.00120568
          27    -0.98068   -0.971582  0.00121074
          28    -0.96936   -0.971503  0.00117009
          29   -0.964272   -0.971254  0.00115601
          30   -0.982304   -0.971622  0.00117469
          31   -0.972656   -0.971655  0.00113727
          32   -0.981288   -0.971956  0.00114088
          33   -0.970008   -0.971897  0.00110783
          34    -0.97676    -0.97204  0.00108444
          35    -0.96232   -0.971763  0.00108844
          36    -0.97648   -0.971894  0.00106606
          37    -0.97196   -0.971895  0.00103725
          38   -0.979672     -0.9721  0.00102995
          39   -0.973816   -0.972144  0.00100448
          40   -0.972776    -0.97216  0.00097949
