           0        -nan        -nan        -nan
           1     0.42319     0.42319           0
           2    0.416394    0.419792  0.00240281
           3    0.444278    0.427954  0.00685415
           4    0.430235    0.428524  0.00516428
           5    0.466042    0.436028  0.00788112
           6    0.422001     0.43369  0.00690565
           7    0.435857       0.434  0.00592606
           8    0.441018    0.434877  0.00524985
           9     0.43908    0.435344  0.00468726
          10    0.423201     0.43413  0.00437299
          11     0.41663    0.432539  0.00425499
          12    0.415388     0.43111  0.00413349
          13     0.44145    0.431905  0.00389131
          14     0.42603    0.431485  0.00363591
          15     0.43657    0.431824  0.00340929
          16    0.453416    0.433174  0.00345298
          17    0.423012    0.432576   0.0033012
          18    0.449788    0.433532  0.00325334
          19    0.433573    0.433534  0.00308211
          20    0.413181    0.432517  0.00309146
           0        -nan        -nan        -nan
           1    0.466042    0.466042           0
           2    0.422001    0.444022   0.0155711
           3    0.435857      0.4413   0.0106159
           4    0.441018    0.441229  0.00796217
           5     0.43908      0.4408  0.00638133
           6    0.423201    0.437867  0.00595379
           7     0.41663    0.434833  0.00582513
           8    0.415388    0.432402  0.00558112
           9     0.44145    0.433407  0.00505072
          10     0.42603     0.43267  0.00459922
          11     0.43657    0.433024  0.00419476
          12    0.453416    0.434724  0.00417524
          13    0.423012    0.433823  0.00395007
          14    0.449788    0.434963  0.00382899
          15    0.433573     0.43487  0.00357484
          16    0.413181    0.433515  0.00359928
          17    0.407426     0.43198  0.00370028
          18     0.43411    0.432098   0.0034966
          19    0.420627    0.431495   0.0033643
          20    0.427946    0.431317  0.00320076
           0        -nan        -nan        -nan
           1     0.42319     0.42319           0
           2    0.416394    0.419792  0.00240281
           3    0.444278    0.427954  0.00685415
           4    0.430235    0.428524  0.00516428
           5    0.466042    0.436028  0.00788112
           6    0.422001     0.43369  0.00690565
           7    0.435857       0.434  0.00592606
           8    0.441018    0.434877  0.00524985
           9     0.43908    0.435344  0.00468726
          10    0.423201     0.43413  0.00437299
          11     0.41663    0.432539  0.00425499
          12    0.415388     0.43111  0.00413349
          13     0.44145    0.431905  0.00389131
          14     0.42603    0.431485  0.00363591
          15     0.43657    0.431824  0.00340929
          16    0.453416    0.433174  0.00345298
          17    0.423012    0.432576   0.0033012
          18    0.449788    0.433532  0.00325334
          19    0.433573    0.433534  0.00308211
          20    0.413181    0.432517  0.00309146
           0        -nan        -nan        -nan
           1     0.42319     0.42319           0
           2    0.416394    0.419792  0.00240281
           3    0.444278    0.427954  0.00685415
           4    0.430235    0.428524  0.00516428
           5    0.466042    0.436028  0.00788112
           6    0.422001     0.43369  0.00690565
           7    0.435857       0.434  0.00592606
           8    0.441018    0.434877  0.00524985
           9     0.43908    0.435344  0.00468726
          10    0.423201     0.43413  0.00437299
          11     0.41663    0.432539  0.00425499
          12    0.415388     0.43111  0.00413349
          13     0.44145    0.431905  0.00389131
          14     0.42603    0.431485  0.00363591
          15     0.43657    0.431824  0.00340929
          16    0.453416    0.433174  0.00345298
          17    0.423012    0.432576   0.0033012
          18    0.449788    0.433532  0.00325334
          19    0.433573    0.433534  0.00308211
          20    0.413181    0.432517  0.00309146
           0        -nan        -nan        -nan
           1     0.42319     0.42319           0
           2    0.416394    0.419792  0.00240281
           3    0.444278    0.427954  0.00685415
           4    0.430235    0.428524  0.00516428
           5    0.466042    0.436028  0.00788112
           6    0.422001     0.43369  0.00690565
           7    0.435857       0.434  0.00592606
           8    0.441018    0.434877  0.00524985
           9     0.43908    0.435344  0.00468726
          10    0.423201     0.43413  0.00437299
          11     0.41663    0.432539  0.00425499
          12    0.415388     0.43111  0.00413349
          13     0.44145    0.431905  0.00389131
          14     0.42603    0.431485  0.00363591
          15     0.43657    0.431824  0.00340929
          16    0.453416    0.433174  0.00345298
          17    0.423012    0.432576   0.0033012
          18    0.449788    0.433532  0.00325334
          19    0.433573    0.433534  0.00308211
          20    0.413181    0.432517  0.00309146
          21    0.407426    0.431322  0.00316672
          22     0.43411    0.431449  0.00302531
          23    0.420627    0.430978  0.00293014
          24    0.427946    0.430852  0.00281077
          25    0.453328    0.431751  0.00283849
          26    0.437894    0.431987  0.00273913
          27    0.419638     0.43153  0.00267559
          28    0.442343    0.431916  0.00260776
          29    0.433123    0.431958  0.00251817
          30    0.447048    0.432461  0.00248396
          31    0.442203    0.432775  0.00242363
          32    0.422545    0.432455  0.00236888
          33    0.434872    0.432528  0.00229823
          34    0.441046    0.432779  0.00224425
          35    0.432532    0.432772  0.00218014
          36    0.422086    0.432475  0.00213969
          37    0.417225    0.432063  0.00212119
          38     0.41641    0.431651  0.00210498
          39    0.449467    0.432108  0.00209999
          40    0.438557    0.432269  0.00205367
           0        -nan        -nan        -nan
           1     0.42319     0.42319           0
           2    0.416394    0.419792  0.00240281
           3    0.444278    0.427954  0.00685415
           4    0.430235    0.428524  0.00516428
           5    0.466042    0.436028  0.00788112
           6    0.422001     0.43369  0.00690565
           7    0.435857       0.434  0.00592606
           8    0.441018    0.434877  0.00524985
           9     0.43908    0.435344  0.00468726
          10    0.423201     0.43413  0.00437299
          11     0.41663    0.432539  0.00425499
          12    0.415388     0.43111  0.00413349
          13     0.44145    0.431905  0.00389131
          14     0.42603    0.431485  0.00363591
          15     0.43657    0.431824  0.00340929
          16    0.453416    0.433174  0.00345298
          17    0.423012    0.432576   0.0033012
          18    0.449788    0.433532  0.00325334
          19    0.433573    0.433534  0.00308211
          20    0.413181    0.432517  0.00309146
          21    0.407426    0.431322  0.00316672
          22     0.43411    0.431449  0.00302531
          23    0.420627    0.430978  0.00293014
          24    0.427946    0.430852  0.00281077
          25    0.453328    0.431751  0.00283849
          26    0.437894    0.431987  0.00273913
          27    0.419638     0.43153  0.00267559
          28    0.442343    0.431916  0.00260776
          29    0.433123    0.431958  0.00251817
          30    0.447048    0.432461  0.00248396
          31    0.442203    0.432775  0.00242363
          32    0.422545    0.432455  0.00236888
          33    0.434872    0.432528  0.00229823
          34    0.441046    0.432779  0.00224425
          35    0.432532    0.432772  0.00218014
          36    0.422086    0.432475  0.00213969
          37    0.417225    0.432063  0.00212119
          38     0.41641    0.431651  0.00210498
          39    0.449467    0.432108  0.00209999
          40    0.438557    0.432269  0.00205367
