           0        -nan        -nan        -nan
           1      4.7889      4.7889           0
           2     4.45242     4.62066    0.118964
           3     4.53651     4.59261     0.08255
           4     4.62775      4.6014   0.0623783
           5     4.41151     4.56342   0.0603659
           6     4.42887     4.54099   0.0543104
           7     4.27059     4.50236   0.0587038
           8     4.47189     4.49856   0.0514893
           9     4.41886      4.4897   0.0465235
          10     4.42906     4.48364   0.0422645
          11     4.46079     4.48156   0.0384732
          12     4.43339     4.47755   0.0354759
          13     4.16241     4.45331   0.0401844
          14      4.5534     4.46045   0.0379448
          15     4.26729     4.44758   0.0375367
          16     4.46771     4.44884   0.0352118
          17     4.49413      4.4515   0.0332411
          18     4.00895     4.42691   0.0394526
          19     4.18933     4.41441   0.0393079
          20     4.20189     4.40378   0.0387522
           0        -nan        -nan        -nan
           1     4.41151     4.41151           0
           2     4.42887     4.42019  0.00613769
           3     4.27059     4.37032   0.0409229
           4     4.47189     4.39572   0.0377569
           5     4.41886     4.40035   0.0304879
           6     4.42906     4.40513   0.0257795
           7     4.46079     4.41308   0.0232908
           8     4.43339     4.41562   0.0205173
           9     4.16241     4.38749   0.0321901
          10      4.5534     4.40408   0.0329707
          11     4.26729     4.39164   0.0322331
          12     4.46771     4.39798   0.0301638
          13     4.49413     4.40538   0.0287359
          14     4.00895     4.37706   0.0381648
          15     4.18933     4.36455   0.0376167
          16     4.20189     4.35438   0.0366136
          17     4.30343     4.35138   0.0345823
          18     4.33915      4.3507   0.0326678
          19     4.26338     4.34611     0.03127
          20     4.23089     4.34035   0.0302325
           0        -nan        -nan        -nan
           1      4.7889      4.7889           0
           2     4.45242     4.62066    0.118964
           3     4.53651     4.59261     0.08255
           4     4.62775      4.6014   0.0623783
           5     4.41151     4.56342   0.0603659
           6     4.42887     4.54099   0.0543104
           7     4.27059     4.50236   0.0587038
           8     4.47189     4.49856   0.0514893
           9     4.41886      4.4897   0.0465235
          10     4.42906     4.48364   0.0422645
          11     4.46079     4.48156   0.0384732
          12     4.43339     4.47755   0.0354759
          13     4.16241     4.45331   0.0401844
          14      4.5534     4.46045   0.0379448
          15     4.26729     4.44758   0.0375367
          16     4.46771     4.44884   0.0352118
          17     4.49413      4.4515   0.0332411
          18     4.00895     4.42691   0.0394526
          19     4.18933     4.41441   0.0393079
          20     4.20189     4.40378   0.0387522
           0        -nan        -nan        -nan
           1      4.7889      4.7889           0
           2     4.45242     4.62066    0.118964
           3     4.53651     4.59261     0.08255
           4     4.62775      4.6014   0.0623783
           5     4.41151     4.56342   0.0603659
           6     4.42887     4.54099   0.0543104
           7     4.27059     4.50236   0.0587038
           8     4.47189     4.49856   0.0514893
           9     4.41886      4.4897   0.0465235
          10     4.42906     4.48364   0.0422645
          11     4.46079     4.48156   0.0384732
          12     4.43339     4.47755   0.0354759
          13     4.16241     4.45331   0.0401844
          14      4.5534     4.46045   0.0379448
          15     4.26729     4.44758   0.0375367
          16     4.46771     4.44884   0.0352118
          17     4.49413      4.4515   0.0332411
          18     4.00895     4.42691   0.0394526
          19     4.18933     4.41441   0.0393079
          20     4.20189     4.40378   0.0387522
           0        -nan        -nan        -nan
           1      4.7889      4.7889           0
           2     4.45242     4.62066    0.118964
           3     4.53651     4.59261     0.08255
           4     4.62775      4.6014   0.0623783
           5     4.41151     4.56342   0.0603659
           6     4.42887     4.54099   0.0543104
           7     4.27059     4.50236   0.0587038
           8     4.47189     4.49856   0.0514893
           9     4.41886      4.4897   0.0465235
          10     4.42906     4.48364   0.0422645
          11     4.46079     4.48156   0.0384732
          12     4.43339     4.47755   0.0354759
          13     4.16241     4.45331   0.0401844
          14      4.5534     4.46045   0.0379448
          15     4.26729     4.44758   0.0375367
          16     4.46771     4.44884   0.0352118
          17     4.49413      4.4515   0.0332411
          18     4.00895     4.42691   0.0394526
          19     4.18933     4.41441   0.0393079
          20     4.20189     4.40378   0.0387522
          21     4.30343       4.399   0.0372003
          22     4.33915     4.39628   0.0356087
          23     4.26338      4.3905   0.0345262
          24     4.23089     4.38385    0.033722
          25     4.38006      4.3837   0.0323735
          26     4.19125      4.3763   0.0319634
          27     4.47616        4.38   0.0309928
          28     4.30295     4.37725   0.0300079
          29     4.38998     4.37769   0.0289763
          30      4.7052      4.3886   0.0299966
          31     4.57125      4.3945    0.029602
          32     4.49526     4.39764   0.0288439
          33     4.36734     4.39673   0.0279844
          34     4.71394     4.40606   0.0286745
          35     4.57819     4.41097   0.0282738
          36     4.64711     4.41753   0.0282391
          37     4.25801     4.41322   0.0278031
          38     4.12929     4.40575   0.0280574
          39      4.3398     4.40406   0.0273889
          40     4.43131     4.40474   0.0267127
           0        -nan        -nan        -nan
           1      4.7889      4.7889           0
           2     4.45242     4.62066    0.118964
           3     4.53651     4.59261     0.08255
           4     4.62775      4.6014   0.0623783
           5     4.41151     4.56342   0.0603659
           6     4.42887     4.54099   0.0543104
           7     4.27059     4.50236   0.0587038
           8     4.47189     4.49856   0.0514893
           9     4.41886      4.4897   0.0465235
          10     4.42906     4.48364   0.0422645
          11     4.46079     4.48156   0.0384732
          12     4.43339     4.47755   0.0354759
          13     4.16241     4.45331   0.0401844
          14      4.5534     4.46045   0.0379448
          15     4.26729     4.44758   0.0375367
          16     4.46771     4.44884   0.0352118
          17     4.49413      4.4515   0.0332411
          18     4.00895     4.42691   0.0394526
          19     4.18933     4.41441   0.0393079
          20     4.20189     4.40378   0.0387522
          21     4.30343       4.399   0.0372003
          22     4.33915     4.39628   0.0356087
          23     4.26338      4.3905   0.0345262
          24     4.23089     4.38385    0.033722
          25     4.38006      4.3837   0.0323735
          26     4.19125      4.3763   0.0319634
          27     4.47616        4.38   0.0309928
          28     4.30295     4.37725   0.0300079
          29     4.38998     4.37769   0.0289763
          30      4.7052      4.3886   0.0299966
          31     4.57125      4.3945    0.029602
          32     4.49526     4.39764   0.0288439
          33     4.36734     4.39673   0.0279844
          34     4.71394     4.40606   0.0286745
          35     4.57819     4.41097   0.0282738
          36     4.64711     4.41753   0.0282391
          37     4.25801     4.41322   0.0278031
          38     4.12929     4.40575   0.0280574
          39      4.3398     4.40406   0.0273889
          40     4.43131     4.40474   0.0267127
