           0        -nan        -nan        -nan
           1     0.95828     0.95828           0
           2    0.952608    0.955444  0.00200535
           3    0.934512    0.948467  0.00585173
           4    0.918412    0.940953  0.00784875
           5      0.9615    0.945062  0.00727569
           6    0.934544    0.943309  0.00627072
           7    0.796688    0.922363   0.0201232
           8    0.952092    0.926079   0.0179477
           9    0.941572    0.927801   0.0160358
          10    0.945264    0.929547    0.014527
          11    0.857084     0.92296   0.0146239
          12    0.936596    0.924096   0.0134493
          13    0.647284    0.902803   0.0239301
          14    0.924688    0.904366   0.0222718
          15    0.856344    0.901165   0.0210159
          16    0.896884    0.900897   0.0197041
          17    0.910932    0.901487   0.0185539
          18    0.910724       0.902   0.0175302
          19     0.95596     0.90484    0.016836
          20    0.977188    0.908458   0.0163782
           0        -nan        -nan        -nan
           1      0.9615      0.9615           0
           2    0.934544    0.948022  0.00953039
           3    0.796688    0.897577   0.0416751
           4    0.952092    0.911206   0.0334105
           5    0.941572    0.917279   0.0272748
           6    0.945264    0.921943   0.0231244
           7    0.857084    0.912678   0.0215976
           8    0.936596    0.915668   0.0191037
           9    0.647284    0.885847   0.0328452
          10    0.924688    0.889731   0.0297894
          11    0.856344    0.886696   0.0272355
          12    0.896884    0.887545   0.0249791
          13    0.910932    0.889344   0.0231223
          14    0.910724    0.890871   0.0215211
          15     0.95596     0.89521   0.0205191
          16    0.977188    0.900334   0.0198661
          17    0.852648    0.897529   0.0188945
          18    0.873756    0.896208   0.0178909
          19    0.979716    0.900603   0.0174808
          20      0.9461    0.902878   0.0167541
           0        -nan        -nan        -nan
           1     0.95828     0.95828           0
           2    0.952608    0.955444  0.00200535
           3    0.934512    0.948467  0.00585173
           4    0.918412    0.940953  0.00784875
           5      0.9615    0.945062  0.00727569
           6    0.934544    0.943309  0.00627072
           7    0.796688    0.922363   0.0201232
           8    0.952092    0.926079   0.0179477
           9    0.941572    0.927801   0.0160358
          10    0.945264    0.929547    0.014527
          11    0.857084     0.92296   0.0146239
          12    0.936596    0.924096   0.0134493
          13    0.647284    0.902803   0.0239301
          14    0.924688    0.904366   0.0222718
          15    0.856344    0.901165   0.0210159
          16    0.896884    0.900897   0.0197041
          17    0.910932    0.901487   0.0185539
          18    0.910724       0.902   0.0175302
          19     0.95596     0.90484    0.016836
          20    0.977188    0.908458   0.0163782
           0        -nan        -nan        -nan
           1    0.952608    0.952608           0
           2    0.934512     0.94356   0.0063979
           3    0.918412    0.935177  0.00806465
           4      0.9615    0.941758  0.00831042
           5    0.934544    0.940315  0.00677242
           6    0.796688    0.916377   0.0225692
           7    0.952092    0.921479   0.0199134
           8    0.941572    0.923991   0.0175819
           9    0.945264    0.926355   0.0157864
          10    0.857084    0.919428    0.015654
          11    0.936596    0.920988   0.0143085
          12    0.647284     0.89818   0.0254738
          13    0.924688    0.900219   0.0235958
          14    0.856344    0.897085   0.0221175
          15    0.896884    0.897071    0.020643
          16    0.910932    0.897938    0.019371
          17    0.910724     0.89869   0.0182461
          18     0.95596    0.901872   0.0175076
          19    0.977188    0.905836    0.017029
          20    0.852648    0.903176   0.0163839
           0        -nan        -nan        -nan
           1    0.873756    0.873756           0
           2    0.979716    0.926736   0.0374625
           3      0.9461    0.933191    0.025525
           4    0.749348     0.88723   0.0441675
           5    0.935904    0.896965    0.036391
           6    0.963632    0.908076   0.0319772
           7     0.94992    0.914054   0.0279622
           8    0.850896    0.906159   0.0255571
           9    0.973412    0.913632   0.0237848
          10    0.458368    0.868105   0.0482039
          11     0.96952    0.877325   0.0446947
          12    0.951176    0.883479   0.0413917
          13    0.961248    0.889461   0.0386376
          14    0.930072    0.892362   0.0359865
          15    0.885052    0.891875   0.0335907
          16    0.939088    0.894826   0.0316206
          17    0.808852    0.889768   0.0301623
          18     0.81618     0.88568   0.0287623
          19    0.901276    0.886501   0.0272602
          20     0.93314    0.888833   0.0259968
          21    0.907752    0.889734   0.0247744
          22    0.937412    0.891901   0.0237429
          23    0.416532    0.871233   0.0304035
          24    0.940876    0.874134   0.0292749
          25    0.953652    0.877315   0.0282761
          26    0.968768    0.880833   0.0274065
          27    0.643888    0.872057   0.0277609
          28    0.919208    0.873741   0.0268205
          29     0.58458     0.86377   0.0276871
          30    0.768796    0.860604   0.0269446
          31    0.990368     0.86479   0.0263986
          32    0.898432    0.865841   0.0255946
          33    0.912848    0.867266   0.0248586
          34    0.975732    0.870456   0.0243313
          35    0.955244    0.872878   0.0237564
          36    0.970488     0.87559   0.0232507
          37    0.871352    0.875475   0.0226226
          38    0.920916    0.876671   0.0220588
          39    0.950552    0.878565   0.0215744
          40      0.9736    0.880941   0.0211655
           0        -nan        -nan        -nan
           1    0.873756    0.873756           0
           2    0.979716    0.926736   0.0374625
           3      0.9461    0.933191    0.025525
           4    0.749348     0.88723   0.0441675
           5    0.935904    0.896965    0.036391
           6    0.963632    0.908076   0.0319772
           7     0.94992    0.914054   0.0279622
           8    0.850896    0.906159   0.0255571
           9    0.973412    0.913632   0.0237848
          10    0.458368    0.868105   0.0482039
          11     0.96952    0.877325   0.0446947
          12    0.951176    0.883479   0.0413917
          13    0.961248    0.889461   0.0386376
          14    0.930072    0.892362   0.0359865
          15    0.885052    0.891875   0.0335907
          16    0.939088    0.894826   0.0316206
          17    0.808852    0.889768   0.0301623
          18     0.81618     0.88568   0.0287623
          19    0.901276    0.886501   0.0272602
          20     0.93314    0.888833   0.0259968
          21    0.907752    0.889734   0.0247744
          22    0.937412    0.891901   0.0237429
          23    0.416532    0.871233   0.0304035
          24    0.940876    0.874134   0.0292749
          25    0.953652    0.877315   0.0282761
          26    0.968768    0.880833   0.0274065
          27    0.643888    0.872057   0.0277609
          28    0.919208    0.873741   0.0268205
          29     0.58458     0.86377   0.0276871
          30    0.768796    0.860604   0.0269446
          31    0.990368     0.86479   0.0263986
          32    0.898432    0.865841   0.0255946
          33    0.912848    0.867266   0.0248586
          34    0.975732    0.870456   0.0243313
          35    0.955244    0.872878   0.0237564
          36    0.970488     0.87559   0.0232507
          37    0.871352    0.875475   0.0226226
          38    0.920916    0.876671   0.0220588
          39    0.950552    0.878565   0.0215744
          40      0.9736    0.880941   0.0211655
