           0        -nan        -nan        -nan
           1    0.018304    0.018304           0
           2    0.036908    0.027606  0.00657751
           3    0.031156   0.0287893  0.00449019
           4    0.032932    0.029825  0.00348503
           5     0.03106    0.030072  0.00279677
           6     0.02372   0.0290133  0.00252306
           7    0.018776   0.0275509  0.00255152
           8    0.039644   0.0290625  0.00264269
           9     0.03316   0.0295178  0.00238796
          10    0.024764   0.0290424  0.00219597
          11    0.029836   0.0291145  0.00199752
          12    0.031128   0.0292823  0.00183809
          13    0.023268   0.0288197  0.00175396
          14    0.021256   0.0282794  0.00170986
          15       0.028   0.0282608  0.00159597
          16    0.030984    0.028431  0.00150527
          17    0.016192   0.0277111  0.00157954
          18    0.023328   0.0274676  0.00151044
          19    0.019896   0.0270691  0.00148258
          20    0.024092   0.0269202   0.0014159
           0        -nan        -nan        -nan
           1     0.03106     0.03106           0
           2     0.02372     0.02739  0.00259508
           3    0.018776   0.0245187  0.00291367
           4    0.039644      0.0283   0.0039369
           5     0.03316    0.029272  0.00326731
           6    0.024764   0.0285207  0.00280781
           7    0.029836   0.0287086  0.00241298
           8    0.031128    0.029011  0.00213022
           9    0.023268   0.0283729  0.00198681
          10    0.021256   0.0276612  0.00191135
          11       0.028    0.027692  0.00173784
          12    0.030984   0.0279663  0.00161453
          13    0.016192   0.0270606  0.00172578
          14    0.023328    0.026794  0.00162297
          15    0.019896   0.0263341  0.00157858
          16    0.024092    0.026194  0.00148613
          17    0.010464   0.0252687  0.00166198
          18    0.037304   0.0259373  0.00169883
          19    0.024304   0.0258514  0.00161159
          20    0.031624     0.02614  0.00155665
           0        -nan        -nan        -nan
           1    0.018304    0.018304           0
           2    0.036908    0.027606  0.00657751
           3    0.031156   0.0287893  0.00449019
           4    0.032932    0.029825  0.00348503
           5     0.03106    0.030072  0.00279677
           6     0.02372   0.0290133  0.00252306
           7    0.018776   0.0275509  0.00255152
           8    0.039644   0.0290625  0.00264269
           9     0.03316   0.0295178  0.00238796
          10    0.024764   0.0290424  0.00219597
          11    0.029836   0.0291145  0.00199752
          12    0.031128   0.0292823  0.00183809
          13    0.023268   0.0288197  0.00175396
          14    0.021256   0.0282794  0.00170986
          15       0.028   0.0282608  0.00159597
          16    0.030984    0.028431  0.00150527
          17    0.016192   0.0277111  0.00157954
          18    0.023328   0.0274676  0.00151044
          19    0.019896   0.0270691  0.00148258
          20    0.024092   0.0269202   0.0014159
           0        -nan        -nan        -nan
           1    0.036908    0.036908           0
           2    0.031156    0.034032  0.00203364
           3    0.032932   0.0336653  0.00138842
           4     0.03106    0.033014  0.00118428
           5     0.02372   0.0311552  0.00191356
           6    0.018776    0.029092  0.00246783
           7    0.039644   0.0305994   0.0025342
           8     0.03316   0.0309195  0.00223754
           9    0.024764   0.0302356  0.00209084
          10    0.029836   0.0301956  0.00188214
          11    0.031128   0.0302804  0.00171295
          12    0.023268    0.029696   0.0016669
          13    0.021256   0.0290468   0.0016603
          14       0.028    0.028972  0.00154339
          15    0.030984   0.0291061  0.00144632
          16    0.016192    0.028299  0.00156501
          17    0.023328   0.0280066  0.00150002
          18    0.019896    0.027556  0.00148282
          19    0.024092   0.0273737  0.00141594
          20    0.010464   0.0265282   0.0015775
           0        -nan        -nan        -nan
           1    0.037304    0.037304           0
           2    0.024304    0.030804  0.00459619
           3    0.031624   0.0310773  0.00307225
           4    0.025684    0.029729  0.00258317
           5    0.030064    0.029796   0.0020674
           6    0.020412    0.028232  0.00223754
           7    0.012908   0.0260429  0.00279035
           8    0.022668    0.025621  0.00247324
           9    0.034608   0.0266196  0.00239153
          10    0.032956   0.0272532  0.00223475
          11    0.032844   0.0277615  0.00208858
          12    0.027788   0.0277637  0.00191454
          13    0.023732   0.0274535  0.00179221
          14    0.024916   0.0272723  0.00167333
          15     0.02652   0.0272221  0.00156253
          16    0.026132    0.027154  0.00146636
          17    0.015792   0.0264856  0.00152483
          18    0.026608   0.0264924  0.00144013
          19    0.030492   0.0267029  0.00137963
          20     0.03908   0.0273218  0.00144279
          21     0.02184   0.0270608   0.0013975
          22    0.023316   0.0268905   0.0013443
          23    0.017916   0.0265003  0.00134129
          24     0.02044   0.0262478  0.00130895
          25    0.018624   0.0259429  0.00129163
          26    0.033764   0.0262437   0.0012765
          27    0.025372   0.0262114  0.00122963
          28    0.037676   0.0266209  0.00125203
          29    0.021312   0.0264378  0.00122217
          30    0.029828   0.0265508  0.00118664
          31    0.017428   0.0262565  0.00118429
          32    0.027848   0.0263062  0.00114833
          33    0.018608    0.026073  0.00113698
          34    0.032664   0.0262668  0.00111994
          35     0.03542   0.0265283  0.00111806
          36    0.032016   0.0266808  0.00109734
          37    0.020696    0.026519  0.00107954
          38    0.039972   0.0268731  0.00110766
          39    0.022972    0.026773  0.00108377
          40    0.019464   0.0265903  0.00107197
           0        -nan        -nan        -nan
           1    0.037304    0.037304           0
           2    0.024304    0.030804  0.00459619
           3    0.031624   0.0310773  0.00307225
           4    0.025684    0.029729  0.00258317
           5    0.030064    0.029796   0.0020674
           6    0.020412    0.028232  0.00223754
           7    0.012908   0.0260429  0.00279035
           8    0.022668    0.025621  0.00247324
           9    0.034608   0.0266196  0.00239153
          10    0.032956   0.0272532  0.00223475
          11    0.032844   0.0277615  0.00208858
          12    0.027788   0.0277637  0.00191454
          13    0.023732   0.0274535  0.00179221
          14    0.024916   0.0272723  0.00167333
          15     0.02652   0.0272221  0.00156253
          16    0.026132    0.027154  0.00146636
          17    0.015792   0.0264856  0.00152483
          18    0.026608   0.0264924  0.00144013
          19    0.030492   0.0267029  0.00137963
          20     0.03908   0.0273218  0.00144279
          21     0.02184   0.0270608   0.0013975
          22    0.023316   0.0268905   0.0013443
          23    0.017916   0.0265003  0.00134129
          24     0.02044   0.0262478  0.00130895
          25    0.018624   0.0259429  0.00129163
          26    0.033764   0.0262437   0.0012765
          27    0.025372   0.0262114  0.00122963
          28    0.037676   0.0266209  0.00125203
          29    0.021312   0.0264378  0.00122217
          30    0.029828   0.0265508  0.00118664
          31    0.017428   0.0262565  0.00118429
          32    0.027848   0.0263062  0.00114833
          33    0.018608    0.026073  0.00113698
          34    0.032664   0.0262668  0.00111994
          35     0.03542   0.0265283  0.00111806
          36    0.032016   0.0266808  0.00109734
          37    0.020696    0.026519  0.00107954
          38    0.039972   0.0268731  0.00110766
          39    0.022972    0.026773  0.00108377
          40    0.019464   0.0265903  0.00107197
