           0        -nan        -nan        -nan
           1   -0.503392   -0.503392           0
           2      -0.501   -0.502196   0.0008457
           3   -0.504648   -0.503013 0.000873628
           4   -0.507296   -0.504084  0.00113537
           5    -0.50712   -0.504691  0.00105828
           6   -0.504352   -0.504635 0.000883407
           7   -0.504456   -0.504609 0.000757575
           8   -0.506648   -0.504864 0.000704443
           9   -0.504168   -0.504787 0.000630402
          10   -0.503912   -0.504699 0.000573398
          11   -0.503832    -0.50462 0.000526662
          12   -0.506032   -0.504738 0.000495737
          13   -0.504984   -0.504757 0.000457965
          14    -0.50388   -0.504694 0.000429515
          15   -0.502944   -0.504578 0.000416429
          16   -0.504576   -0.504578 0.000390402
          17    -0.50704   -0.504722 0.000393394
          18   -0.499808   -0.504449 0.000456552
          19   -0.504192   -0.504436 0.000432723
          20   -0.503016   -0.504365  0.00041687
           0        -nan        -nan        -nan
           1    -0.50712    -0.50712           0
           2   -0.504352   -0.505736 0.000978636
           3   -0.504456   -0.505309 0.000739608
           4   -0.506648   -0.505644 0.000625859
           5   -0.504168   -0.505349 0.000566041
           6   -0.503912   -0.505109 0.000519893
           7   -0.503832   -0.504927 0.000476571
           8   -0.506032   -0.505065 0.000436563
           9   -0.504984   -0.505056 0.000388148
          10    -0.50388   -0.504938 0.000366716
          11   -0.502944   -0.504757 0.000375534
          12   -0.504576   -0.504742 0.000344542
          13    -0.50704   -0.504919 0.000360545
          14   -0.499808   -0.504554 0.000485625
          15   -0.504192    -0.50453 0.000453848
          16   -0.503016   -0.504435  0.00043523
          17   -0.506728    -0.50457 0.000430022
          18   -0.505336   -0.504612 0.000408232
          19   -0.505864   -0.504678 0.000392025
          20   -0.505616   -0.504725 0.000375217
           0        -nan        -nan        -nan
           1   -0.503392   -0.503392           0
           2      -0.501   -0.502196   0.0008457
           3   -0.504648   -0.503013 0.000873628
           4   -0.507296   -0.504084  0.00113537
           5    -0.50712   -0.504691  0.00105828
           6   -0.504352   -0.504635 0.000883407
           7   -0.504456   -0.504609 0.000757575
           8   -0.506648   -0.504864 0.000704443
           9   -0.504168   -0.504787 0.000630402
          10   -0.503912   -0.504699 0.000573398
          11   -0.503832    -0.50462 0.000526662
          12   -0.506032   -0.504738 0.000495737
          13   -0.504984   -0.504757 0.000457965
          14    -0.50388   -0.504694 0.000429515
          15   -0.502944   -0.504578 0.000416429
          16   -0.504576   -0.504578 0.000390402
          17    -0.50704   -0.504722 0.000393394
          18   -0.499808   -0.504449 0.000456552
          19   -0.504192   -0.504436 0.000432723
          20   -0.503016   -0.504365  0.00041687
           0        -nan        -nan        -nan
           1   -0.503392   -0.503392           0
           2      -0.501   -0.502196   0.0008457
           3   -0.504648   -0.503013 0.000873628
           4   -0.507296   -0.504084  0.00113537
           5    -0.50712   -0.504691  0.00105828
           6   -0.504352   -0.504635 0.000883407
           7   -0.504456   -0.504609 0.000757575
           8   -0.506648   -0.504864 0.000704443
           9   -0.504168   -0.504787 0.000630402
          10   -0.503912   -0.504699 0.000573398
          11   -0.503832    -0.50462 0.000526662
          12   -0.506032   -0.504738 0.000495737
          13   -0.504984   -0.504757 0.000457965
          14    -0.50388   -0.504694 0.000429515
          15   -0.502944   -0.504578 0.000416429
          16   -0.504576   -0.504578 0.000390402
          17    -0.50704   -0.504722 0.000393394
          18   -0.499808   -0.504449 0.000456552
          19   -0.504192   -0.504436 0.000432723
          20   -0.503016   -0.504365  0.00041687
           0        -nan        -nan        -nan
           1   -0.503392   -0.503392           0
           2      -0.501   -0.502196   0.0008457
           3   -0.504648   -0.503013 0.000873628
           4   -0.507296   -0.504084  0.00113537
           5    -0.50712   -0.504691  0.00105828
           6   -0.504352   -0.504635 0.000883407
           7   -0.504456   -0.504609 0.000757575
           8   -0.506648   -0.504864 0.000704443
           9   -0.504168   -0.504787 0.000630402
          10   -0.503912   -0.504699 0.000573398
          11   -0.503832    -0.50462 0.000526662
          12   -0.506032   -0.504738 0.000495737
          13   -0.504984   -0.504757 0.000457965
          14    -0.50388   -0.504694 0.000429515
          15   -0.502944   -0.504578 0.000416429
          16   -0.504576   -0.504578 0.000390402
          17    -0.50704   -0.504722 0.000393394
          18   -0.499808   -0.504449 0.000456552
          19   -0.504192   -0.504436 0.000432723
          20   -0.503016   -0.504365  0.00041687
          21   -0.506728   -0.504477 0.000411928
          22   -0.505336   -0.504516 0.000395049
          23   -0.505864   -0.504575 0.000382193
          24   -0.505616   -0.504618 0.000368722
          25   -0.502576   -0.504537  0.00036291
          26   -0.502288    -0.50445 0.000359109
          27   -0.503688   -0.504422 0.000346917
          28   -0.503944   -0.504405 0.000334946
          29   -0.504792   -0.504418 0.000323662
          30   -0.504536   -0.504422 0.000312898
          31   -0.505536   -0.504458  0.00030486
          32   -0.503784   -0.504437  0.00029606
          33    -0.50592   -0.504482 0.000290479
          34   -0.503224   -0.504445 0.000284282
          35   -0.504056   -0.504434 0.000276377
          36   -0.505584   -0.504466  0.00027054
          37   -0.503904   -0.504451 0.000263654
          38   -0.501408   -0.504371 0.000268599
          39   -0.504888   -0.504384 0.000262039
          40   -0.505912   -0.504422 0.000258258
           0        -nan        -nan        -nan
           1   -0.503392   -0.503392           0
           2      -0.501   -0.502196   0.0008457
           3   -0.504648   -0.503013 0.000873628
           4   -0.507296   -0.504084  0.00113537
           5    -0.50712   -0.504691  0.00105828
           6   -0.504352   -0.504635 0.000883407
           7   -0.504456   -0.504609 0.000757575
           8   -0.506648   -0.504864 0.000704443
           9   -0.504168   -0.504787 0.000630402
          10   -0.503912   -0.504699 0.000573398
          11   -0.503832    -0.50462 0.000526662
          12   -0.506032   -0.504738 0.000495737
          13   -0.504984   -0.504757 0.000457965
          14    -0.50388   -0.504694 0.000429515
          15   -0.502944   -0.504578 0.000416429
          16   -0.504576   -0.504578 0.000390402
          17    -0.50704   -0.504722 0.000393394
          18   -0.499808   -0.504449 0.000456552
          19   -0.504192   -0.504436 0.000432723
          20   -0.503016   -0.504365  0.00041687
          21   -0.506728   -0.504477 0.000411928
          22   -0.505336   -0.504516 0.000395049
          23   -0.505864   -0.504575 0.000382193
          24   -0.505616   -0.504618 0.000368722
          25   -0.502576   -0.504537  0.00036291
          26   -0.502288    -0.50445 0.000359109
          27   -0.503688   -0.504422 0.000346917
          28   -0.503944   -0.504405 0.000334946
          29   -0.504792   -0.504418 0.000323662
          30   -0.504536   -0.504422 0.000312898
          31   -0.505536   -0.504458  0.00030486
          32   -0.503784   -0.504437  0.00029606
          33    -0.50592   -0.504482 0.000290479
          34   -0.503224   -0.504445 0.000284282
          35   -0.504056   -0.504434 0.000276377
          36   -0.505584   -0.504466  0.00027054
          37   -0.503904   -0.504451 0.000263654
          38   -0.501408   -0.504371 0.000268599
          39   -0.504888   -0.504384 0.000262039
          40   -0.505912   -0.504422 0.000258258
