           0        -nan        -nan        -nan
           1     1.89993     1.89993           0
           2      1.9255     1.91272  0.00903932
           3     1.93124     1.91889  0.00785715
           4      1.8237     1.89509   0.0214359
           5      1.9573     1.90754   0.0204431
           6     1.84616     1.89731   0.0194277
           7     1.82258     1.88663   0.0193644
           8      1.9727     1.89739   0.0197073
           9     1.85367     1.89253   0.0181065
          10     1.87763     1.89104   0.0163571
          11     1.96449     1.89772   0.0161756
          12     1.92726     1.90018   0.0150138
          13     1.90477     1.90053    0.013863
          14     1.83495     1.89585   0.0136413
          15      1.9105     1.89682   0.0127668
          16     1.96178     1.90088   0.0125979
          17     1.93826     1.90308   0.0120471
          18     1.85587     1.90046   0.0116599
          19     1.84616      1.8976   0.0113911
          20     1.85018     1.89523   0.0110656
           0        -nan        -nan        -nan
           1      1.9573      1.9573           0
           2     1.84616     1.90173   0.0392968
           3     1.82258     1.87535   0.0339174
           4      1.9727     1.89968    0.033036
           5     1.85367     1.89048   0.0276812
           6     1.87763     1.88834   0.0231504
           7     1.96449     1.89922   0.0222529
           8     1.92726     1.90272   0.0197454
           9     1.90477     1.90295   0.0175527
          10     1.83495     1.89615   0.0170638
          11      1.9105     1.89745   0.0155624
          12     1.96178     1.90281   0.0151607
          13     1.93826     1.90554   0.0142376
          14     1.85587     1.90199   0.0136555
          15     1.84616     1.89827   0.0132428
          16     1.85018     1.89527   0.0127517
          17     1.90125     1.89562   0.0120064
          18     1.90632     1.89621   0.0113541
          19     1.80607     1.89147   0.0117058
          20     1.83982     1.88889   0.0114018
           0        -nan        -nan        -nan
           1     1.89993     1.89993           0
           2      1.9255     1.91272  0.00903932
           3     1.93124     1.91889  0.00785715
           4      1.8237     1.89509   0.0214359
           5      1.9573     1.90754   0.0204431
           6     1.84616     1.89731   0.0194277
           7     1.82258     1.88663   0.0193644
           8      1.9727     1.89739   0.0197073
           9     1.85367     1.89253   0.0181065
          10     1.87763     1.89104   0.0163571
          11     1.96449     1.89772   0.0161756
          12     1.92726     1.90018   0.0150138
          13     1.90477     1.90053    0.013863
          14     1.83495     1.89585   0.0136413
          15      1.9105     1.89682   0.0127668
          16     1.96178     1.90088   0.0125979
          17     1.93826     1.90308   0.0120471
          18     1.85587     1.90046   0.0116599
          19     1.84616      1.8976   0.0113911
          20     1.85018     1.89523   0.0110656
           0        -nan        -nan        -nan
           1     1.89993     1.89993           0
           2      1.9255     1.91272  0.00903932
           3     1.93124     1.91889  0.00785715
           4      1.8237     1.89509   0.0214359
           5      1.9573     1.90754   0.0204431
           6     1.84616     1.89731   0.0194277
           7     1.82258     1.88663   0.0193644
           8      1.9727     1.89739   0.0197073
           9     1.85367     1.89253   0.0181065
          10     1.87763     1.89104   0.0163571
          11     1.96449     1.89772   0.0161756
          12     1.92726     1.90018   0.0150138
          13     1.90477     1.90053    0.013863
          14     1.83495     1.89585   0.0136413
          15      1.9105     1.89682   0.0127668
          16     1.96178     1.90088   0.0125979
          17     1.93826     1.90308   0.0120471
          18     1.85587     1.90046   0.0116599
          19     1.84616      1.8976   0.0113911
          20     1.85018     1.89523   0.0110656
           0        -nan        -nan        -nan
           1     1.89993     1.89993           0
           2      1.9255     1.91272  0.00903932
           3     1.93124     1.91889  0.00785715
           4      1.8237     1.89509   0.0214359
           5      1.9573     1.90754   0.0204431
           6     1.84616     1.89731   0.0194277
           7     1.82258     1.88663   0.0193644
           8      1.9727     1.89739   0.0197073
           9     1.85367     1.89253   0.0181065
          10     1.87763     1.89104   0.0163571
          11     1.96449     1.89772   0.0161756
          12     1.92726     1.90018   0.0150138
          13     1.90477     1.90053    0.013863
          14     1.83495     1.89585   0.0136413
          15      1.9105     1.89682   0.0127668
          16     1.96178     1.90088   0.0125979
          17     1.93826     1.90308   0.0120471
          18     1.85587     1.90046   0.0116599
          19     1.84616      1.8976   0.0113911
          20     1.85018     1.89523   0.0110656
          21     1.90125     1.89552   0.0105424
          22     1.90632     1.89601   0.0100746
          23     1.80607      1.8921   0.0103677
          24     1.83982     1.88992    0.010162
          25     1.89576     1.89015  0.00975817
          26     1.83338     1.88797  0.00962404
          27     1.84292      1.8863  0.00941113
          28     1.88225     1.88616  0.00907613
          29     1.78984     1.88284  0.00935112
          30      1.9624     1.88549  0.00940796
          31     1.91791     1.88653  0.00916241
          32     1.83538     1.88493  0.00901446
          33     1.98704     1.88803  0.00925709
          34     1.88813     1.88803  0.00898482
          35     1.78762     1.88516  0.00917468
          36     1.88098     1.88505  0.00892056
          37     1.87867     1.88487  0.00868113
          38     1.90098      1.8853  0.00846303
          39     1.94498     1.88683  0.00838326
          40     1.85123     1.88594  0.00822077
