           0        -nan        -nan        -nan
           1      13.894      13.894           0
           2     13.9725     13.9333   0.0277504
           3     15.9794     14.6153    0.557178
           4     14.4018     14.5619    0.420434
           5     14.7409     14.5977    0.337866
           6     15.0863     14.6791    0.291205
           7     13.9234     14.5712    0.268873
           8     14.7165     14.5893    0.235877
           9     16.2173     14.7702    0.270266
          10      17.671     15.0603    0.367282
          11     14.7009     15.0276    0.335343
          12     13.1808     14.8737    0.340888
          13     17.5812      15.082    0.372898
          14     13.8797     14.9961    0.356015
          15     16.1755     15.0747    0.340852
          16       15.61     15.1082    0.321186
          17      12.926     14.9798    0.326939
          18     15.9181      15.032    0.312903
          19     13.8364      14.969    0.302695
          20     15.1752     14.9793    0.287736
           0        -nan        -nan        -nan
           1     14.7409     14.7409           0
           2     15.0863     14.9136    0.122146
           3     13.9234     14.5835    0.281527
           4     14.7165     14.6168    0.213099
           5     16.2173     14.9369    0.333219
           6      17.671     15.3926    0.500151
           7     14.7009     15.2938    0.438353
           8     13.1808     15.0296    0.456238
           9     17.5812     15.3132    0.485709
          10     13.8797     15.1698    0.457803
          11     16.1755     15.2612    0.425215
          12       15.61     15.2903    0.390773
          13      12.926     15.1084    0.400807
          14     15.9181     15.1663    0.376327
          15     13.8364     15.0776     0.36153
          16     15.1752     15.0837    0.338986
          17     14.7462     15.0638    0.319626
          18     14.7177     15.0446    0.302447
          19     14.4653     15.0141    0.288062
          20     14.3852     14.9827     0.27537
           0        -nan        -nan        -nan
           1      13.894      13.894           0
           2     13.9725     13.9333   0.0277504
           3     15.9794     14.6153    0.557178
           4     14.4018     14.5619    0.420434
           5     14.7409     14.5977    0.337866
           6     15.0863     14.6791    0.291205
           7     13.9234     14.5712    0.268873
           8     14.7165     14.5893    0.235877
           9     16.2173     14.7702    0.270266
          10      17.671     15.0603    0.367282
          11     14.7009     15.0276    0.335343
          12     13.1808     14.8737    0.340888
          13     17.5812      15.082    0.372898
          14     13.8797     14.9961    0.356015
          15     16.1755     15.0747    0.340852
          16       15.61     15.1082    0.321186
          17      12.926     14.9798    0.326939
          18     15.9181      15.032    0.312903
          19     13.8364      14.969    0.302695
          20     15.1752     14.9793    0.287736
           0        -nan        -nan        -nan
           1      13.894      13.894           0
           2     13.9725     13.9333   0.0277504
           3     15.9794     14.6153    0.557178
           4     14.4018     14.5619    0.420434
           5     14.7409     14.5977    0.337866
           6     15.0863     14.6791    0.291205
           7     13.9234     14.5712    0.268873
           8     14.7165     14.5893    0.235877
           9     16.2173     14.7702    0.270266
          10      17.671     15.0603    0.367282
          11     14.7009     15.0276    0.335343
          12     13.1808     14.8737    0.340888
          13     17.5812      15.082    0.372898
          14     13.8797     14.9961    0.356015
          15     16.1755     15.0747    0.340852
          16       15.61     15.1082    0.321186
          17      12.926     14.9798    0.326939
          18     15.9181      15.032    0.312903
          19     13.8364      14.969    0.302695
          20     15.1752     14.9793    0.287736
           0        -nan        -nan        -nan
           1      13.894      13.894           0
           2     13.9725     13.9333   0.0277504
           3     15.9794     14.6153    0.557178
           4     14.4018     14.5619    0.420434
           5     14.7409     14.5977    0.337866
           6     15.0863     14.6791    0.291205
           7     13.9234     14.5712    0.268873
           8     14.7165     14.5893    0.235877
           9     16.2173     14.7702    0.270266
          10      17.671     15.0603    0.367282
          11     14.7009     15.0276    0.335343
          12     13.1808     14.8737    0.340888
          13     17.5812      15.082    0.372898
          14     13.8797     14.9961    0.356015
          15     16.1755     15.0747    0.340852
          16       15.61     15.1082    0.321186
          17      12.926     14.9798    0.326939
          18     15.9181      15.032    0.312903
          19     13.8364      14.969    0.302695
          20     15.1752     14.9793    0.287736
          21     14.7462     14.9682    0.274248
          22     14.7177     14.9569    0.262019
          23     14.4653     14.9355    0.251497
          24     14.3852     14.9126    0.242061
          25     13.5822     14.8593    0.238156
          26     13.4262     14.8042    0.235288
          27     16.1953     14.8557    0.232147
          28     14.7539     14.8521    0.223884
          29       16.57     14.9113    0.223864
          30     15.5463     14.9325      0.2174
          31     17.4112     15.0125     0.22461
          32     18.6807     15.1271    0.245104
          33     13.0976     15.0656    0.245271
          34     13.2117     15.0111    0.244043
          35     15.8504     15.0351    0.238246
          36     17.0986     15.0924    0.238423
          37     14.1341     15.0665    0.233382
          38     14.1547     15.0425     0.22847
          39     14.3211      15.024     0.22336
          40     15.2615     15.0299    0.217854
           0        -nan        -nan        -nan
           1      13.894      13.894           0
           2     13.9725     13.9333   0.0277504
           3     15.9794     14.6153    0.557178
           4     14.4018     14.5619    0.420434
           5     14.7409     14.5977    0.337866
           6     15.0863     14.6791    0.291205
           7     13.9234     14.5712    0.268873
           8     14.7165     14.5893    0.235877
           9     16.2173     14.7702    0.270266
          10      17.671     15.0603    0.367282
          11     14.7009     15.0276    0.335343
          12     13.1808     14.8737    0.340888
          13     17.5812      15.082    0.372898
          14     13.8797     14.9961    0.356015
          15     16.1755     15.0747    0.340852
          16       15.61     15.1082    0.321186
          17      12.926     14.9798    0.326939
          18     15.9181      15.032    0.312903
          19     13.8364      14.969    0.302695
          20     15.1752     14.9793    0.287736
          21     14.7462     14.9682    0.274248
          22     14.7177     14.9569    0.262019
          23     14.4653     14.9355    0.251497
          24     14.3852     14.9126    0.242061
          25     13.5822     14.8593    0.238156
          26     13.4262     14.8042    0.235288
          27     16.1953     14.8557    0.232147
          28     14.7539     14.8521    0.223884
          29       16.57     14.9113    0.223864
          30     15.5463     14.9325      0.2174
          31     17.4112     15.0125     0.22461
          32     18.6807     15.1271    0.245104
          33     13.0976     15.0656    0.245271
          34     13.2117     15.0111    0.244043
          35     15.8504     15.0351    0.238246
          36     17.0986     15.0924    0.238423
          37     14.1341     15.0665    0.233382
          38     14.1547     15.0425     0.22847
          39     14.3211      15.024     0.22336
          40     15.2615     15.0299    0.217854
