           0        -nan        -nan        -nan
           1    0.416391    0.416391           0
           2    0.356542    0.386467   0.0211596
           3    0.370925    0.381286   0.0147269
           4    0.382977    0.381709   0.0110512
           5     0.30394    0.366155   0.0164833
           6    0.365726    0.366084   0.0137363
           7    0.393085    0.369941   0.0123036
           8    0.369953    0.369942   0.0107657
           9    0.404912    0.373828   0.0102467
          10     0.28509    0.364954   0.0124866
          11    0.311972    0.360138   0.0122452
          12    0.414041     0.36463   0.0120205
          13    0.340015    0.362736    0.011244
          14    0.221731    0.352664   0.0142551
          15    0.274423    0.347448   0.0142271
          16    0.386719    0.349903   0.0135479
          17    0.265113    0.344915   0.0136382
          18    0.334129    0.344316   0.0128937
          19    0.367315    0.345526   0.0122718
          20    0.317982    0.344149   0.0117352
           0        -nan        -nan        -nan
           1     0.30394     0.30394           0
           2    0.365726    0.334833   0.0218446
           3    0.393085     0.35425   0.0215278
           4    0.369953    0.358176   0.0164999
           5    0.404912    0.367523   0.0156247
           6     0.28509    0.353784   0.0180785
           7    0.311972    0.347811   0.0164531
           8    0.414041     0.35609   0.0163471
           9    0.340015    0.354304    0.014628
          10    0.221731    0.341046   0.0182072
          11    0.274423     0.33499   0.0175305
          12    0.386719    0.339301   0.0165912
          13    0.265113    0.333594   0.0162668
          14    0.334129    0.333632   0.0151049
          15    0.367315    0.335878   0.0142639
          16    0.317982    0.334759   0.0134161
          17    0.355798    0.335997   0.0126839
          18     0.32276    0.335261   0.0120006
          19    0.318064    0.334356    0.011403
          20    0.360376    0.335657   0.0109068
           0        -nan        -nan        -nan
           1    0.416391    0.416391           0
           2    0.356542    0.386467   0.0211596
           3    0.370925    0.381286   0.0147269
           4    0.382977    0.381709   0.0110512
           5     0.30394    0.366155   0.0164833
           6    0.365726    0.366084   0.0137363
           7    0.393085    0.369941   0.0123036
           8    0.369953    0.369942   0.0107657
           9    0.404912    0.373828   0.0102467
          10     0.28509    0.364954   0.0124866
          11    0.311972    0.360138   0.0122452
          12    0.414041     0.36463   0.0120205
          13    0.340015    0.362736    0.011244
          14    0.221731    0.352664   0.0142551
          15    0.274423    0.347448   0.0142271
          16    0.386719    0.349903   0.0135479
          17    0.265113    0.344915   0.0136382
          18    0.334129    0.344316   0.0128937
          19    0.367315    0.345526   0.0122718
          20    0.317982    0.344149   0.0117352
           0        -nan        -nan        -nan
           1    0.416391    0.416391           0
           2    0.356542    0.386467   0.0211596
           3    0.370925    0.381286   0.0147269
           4    0.382977    0.381709   0.0110512
           5     0.30394    0.366155   0.0164833
           6    0.365726    0.366084   0.0137363
           7    0.393085    0.369941   0.0123036
           8    0.369953    0.369942   0.0107657
           9    0.404912    0.373828   0.0102467
          10     0.28509    0.364954   0.0124866
          11    0.311972    0.360138   0.0122452
          12    0.414041     0.36463   0.0120205
          13    0.340015    0.362736    0.011244
          14    0.221731    0.352664   0.0142551
          15    0.274423    0.347448   0.0142271
          16    0.386719    0.349903   0.0135479
          17    0.265113    0.344915   0.0136382
          18    0.334129    0.344316   0.0128937
          19    0.367315    0.345526   0.0122718
          20    0.317982    0.344149   0.0117352
           0        -nan        -nan        -nan
           1    0.416391    0.416391           0
           2    0.356542    0.386467   0.0211596
           3    0.370925    0.381286   0.0147269
           4    0.382977    0.381709   0.0110512
           5     0.30394    0.366155   0.0164833
           6    0.365726    0.366084   0.0137363
           7    0.393085    0.369941   0.0123036
           8    0.369953    0.369942   0.0107657
           9    0.404912    0.373828   0.0102467
          10     0.28509    0.364954   0.0124866
          11    0.311972    0.360138   0.0122452
          12    0.414041     0.36463   0.0120205
          13    0.340015    0.362736    0.011244
          14    0.221731    0.352664   0.0142551
          15    0.274423    0.347448   0.0142271
          16    0.386719    0.349903   0.0135479
          17    0.265113    0.344915   0.0136382
          18    0.334129    0.344316   0.0128937
          19    0.367315    0.345526   0.0122718
          20    0.317982    0.344149   0.0117352
          21    0.355798    0.344704   0.0111895
          22     0.32276    0.343706   0.0107252
          23    0.318064    0.342591   0.0103167
          24    0.360376    0.343332  0.00991342
          25    0.358975    0.343958  0.00953661
          26     0.29335    0.342012  0.00936635
          27     0.31306    0.340939  0.00908062
          28    0.343438    0.341029  0.00875675
          29    0.380862    0.342402  0.00856185
          30     0.25097    0.339354   0.0088022
          31    0.332765    0.339142  0.00852082
          32    0.260084    0.336671  0.00860526
          33    0.435904    0.339678  0.00885431
          34    0.302732    0.338592  0.00866031
          35     0.41646    0.340817  0.00869395
          36    0.287954    0.339348  0.00857556
          37    0.329792     0.33909  0.00834768
          38    0.278186    0.337487  0.00828043
          39    0.328672    0.337261   0.0080712
          40    0.322939    0.336903  0.00787736
