           0        -nan        -nan        -nan
           1    0.231556    0.231556           0
           2    0.232108    0.231832 0.000195249
           3    0.232126     0.23193 0.000152789
           4    0.226704    0.230624  0.00113713
           5    0.224581    0.229415  0.00141283
           6    0.225634    0.228785   0.0013104
           7    0.227531    0.228606  0.00113538
           8    0.223274    0.227939  0.00117289
           9    0.223105    0.227402  0.00115906
          10    0.234574    0.228119  0.00124542
          11    0.238978    0.229106  0.00147236
          12    0.219705    0.228323  0.00154409
          13    0.228254    0.228318  0.00142532
          14    0.239476    0.229115  0.00153023
          15     0.23156    0.229278  0.00143687
          16    0.234729    0.229618  0.00138687
          17    0.229823     0.22963  0.00130534
          18    0.230153    0.229659  0.00123315
          19     0.23243    0.229805  0.00117683
          20    0.225919    0.229611  0.00113392
           0        -nan        -nan        -nan
           1    0.224581    0.224581           0
           2    0.225634    0.225107 0.000372292
           3    0.227531    0.225915 0.000704738
           4    0.223274    0.225255 0.000778734
           5    0.223105    0.224825 0.000732129
           6    0.234574    0.226449  0.00160385
           7    0.238978    0.228239  0.00215308
           8    0.219705    0.227173   0.0021319
           9    0.228254    0.227293   0.0018984
          10    0.239476    0.228511   0.0020628
          11     0.23156    0.228788  0.00189381
          12    0.234729    0.229283  0.00179953
          13    0.229823    0.229325  0.00166158
          14    0.230153    0.229384  0.00154395
          15     0.23243    0.229587  0.00145431
          16    0.225919    0.229358  0.00138137
          17    0.232116     0.22952  0.00130961
          18    0.233017    0.229714  0.00125118
          19    0.229341    0.229695  0.00118549
          20    0.231474    0.229784  0.00112954
           0        -nan        -nan        -nan
           1    0.231556    0.231556           0
           2    0.232108    0.231832 0.000195249
           3    0.232126     0.23193 0.000152789
           4    0.226704    0.230624  0.00113713
           5    0.224581    0.229415  0.00141283
           6    0.225634    0.228785   0.0013104
           7    0.227531    0.228606  0.00113538
           8    0.223274    0.227939  0.00117289
           9    0.223105    0.227402  0.00115906
          10    0.234574    0.228119  0.00124542
          11    0.238978    0.229106  0.00147236
          12    0.219705    0.228323  0.00154409
          13    0.228254    0.228318  0.00142532
          14    0.239476    0.229115  0.00153023
          15     0.23156    0.229278  0.00143687
          16    0.234729    0.229618  0.00138687
          17    0.229823     0.22963  0.00130534
          18    0.230153    0.229659  0.00123315
          19     0.23243    0.229805  0.00117683
          20    0.225919    0.229611  0.00113392
           0        -nan        -nan        -nan
           1    0.231556    0.231556           0
           2    0.232108    0.231832 0.000195249
           3    0.232126     0.23193 0.000152789
           4    0.226704    0.230624  0.00113713
           5    0.224581    0.229415  0.00141283
           6    0.225634    0.228785   0.0013104
           7    0.227531    0.228606  0.00113538
           8    0.223274    0.227939  0.00117289
           9    0.223105    0.227402  0.00115906
          10    0.234574    0.228119  0.00124542
          11    0.238978    0.229106  0.00147236
          12    0.219705    0.228323  0.00154409
          13    0.228254    0.228318  0.00142532
          14    0.239476    0.229115  0.00153023
          15     0.23156    0.229278  0.00143687
          16    0.234729    0.229618  0.00138687
          17    0.229823     0.22963  0.00130534
          18    0.230153    0.229659  0.00123315
          19     0.23243    0.229805  0.00117683
          20    0.225919    0.229611  0.00113392
           0        -nan        -nan        -nan
           1    0.231556    0.231556           0
           2    0.232108    0.231832 0.000195249
           3    0.232126     0.23193 0.000152789
           4    0.226704    0.230624  0.00113713
           5    0.224581    0.229415  0.00141283
           6    0.225634    0.228785   0.0013104
           7    0.227531    0.228606  0.00113538
           8    0.223274    0.227939  0.00117289
           9    0.223105    0.227402  0.00115906
          10    0.234574    0.228119  0.00124542
          11    0.238978    0.229106  0.00147236
          12    0.219705    0.228323  0.00154409
          13    0.228254    0.228318  0.00142532
          14    0.239476    0.229115  0.00153023
          15     0.23156    0.229278  0.00143687
          16    0.234729    0.229618  0.00138687
          17    0.229823     0.22963  0.00130534
          18    0.230153    0.229659  0.00123315
          19     0.23243    0.229805  0.00117683
          20    0.225919    0.229611  0.00113392
          21    0.232116     0.22973  0.00108618
          22    0.233017     0.22988  0.00104704
          23    0.229341    0.229856  0.00100178
          24    0.231474    0.229924   0.0009623
          25     0.23247    0.230025 0.000929185
          26    0.222951    0.229753 0.000932432
          27    0.226284    0.229625 0.000906709
          28    0.236427    0.229868 0.000906283
          29     0.23006    0.229874 0.000875056
          30    0.232981    0.229978 0.000851993
          31     0.23049    0.229995  0.00082467
          32    0.228149    0.229937 0.000800912
          33    0.230007    0.229939 0.000776645
          34    0.230807    0.229965 0.000754222
          35    0.234842    0.230104 0.000745438
          36    0.230136    0.230105 0.000724732
          37    0.230017    0.230102 0.000705149
          38    0.226606     0.23001 0.000692568
          39    0.231587    0.230051 0.000675988
          40    0.231475    0.230086 0.000660026
