           0        -nan        -nan        -nan
           1   -0.612808   -0.612808           0
           2    -0.61348   -0.613144 0.000237588
           3    -0.61336   -0.613216  0.00016895
           4    -0.61452   -0.613542 0.000309456
           5    -0.61456   -0.613746 0.000307328
           6    -0.61524   -0.613995  0.00034247
           7   -0.616032   -0.614286 0.000398468
           8   -0.615224   -0.614403 0.000365513
           9   -0.614744   -0.614441 0.000326858
          10   -0.614448   -0.614442 0.000294173
          11   -0.616344   -0.614615 0.000314182
          12    -0.61328   -0.614503 0.000307053
          13   -0.611208    -0.61425 0.000373694
          14    -0.61472   -0.614283 0.000348507
          15    -0.61272   -0.614179 0.000340503
          16   -0.611488   -0.614011 0.000358365
          17   -0.614368   -0.614032 0.000337899
          18   -0.611592   -0.613896 0.000345249
          19   -0.617416   -0.614082  0.00037348
          20   -0.613728   -0.614064 0.000355225
           0        -nan        -nan        -nan
           1    -0.61456    -0.61456           0
           2    -0.61524     -0.6149 0.000240416
           3   -0.616032   -0.615277 0.000347288
           4   -0.615224   -0.615264 0.000260722
           5   -0.614744    -0.61516  0.00022838
           6   -0.614448   -0.615041 0.000218987
           7   -0.616344   -0.615227 0.000254787
           8    -0.61328   -0.614984 0.000318672
           9   -0.611208   -0.614564 0.000486525
          10    -0.61472    -0.61458 0.000438121
          11    -0.61272   -0.614411 0.000429685
          12   -0.611488   -0.614167 0.000457739
          13   -0.614368   -0.614183 0.000422788
          14   -0.611592   -0.613998 0.000431191
          15   -0.617416   -0.614226 0.000458728
          16   -0.613728   -0.614194 0.000431111
          17    -0.61576   -0.614287  0.00041547
          18   -0.615496   -0.614354 0.000397784
          19   -0.613016   -0.614283 0.000383029
          20   -0.614312   -0.614285  0.00036388
           0        -nan        -nan        -nan
           1   -0.612808   -0.612808           0
           2    -0.61348   -0.613144 0.000237588
           3    -0.61336   -0.613216  0.00016895
           4    -0.61452   -0.613542 0.000309456
           5    -0.61456   -0.613746 0.000307328
           6    -0.61524   -0.613995  0.00034247
           7   -0.616032   -0.614286 0.000398468
           8   -0.615224   -0.614403 0.000365513
           9   -0.614744   -0.614441 0.000326858
          10   -0.614448   -0.614442 0.000294173
          11   -0.616344   -0.614615 0.000314182
          12    -0.61328   -0.614503 0.000307053
          13   -0.611208    -0.61425 0.000373694
          14    -0.61472   -0.614283 0.000348507
          15    -0.61272   -0.614179 0.000340503
          16   -0.611488   -0.614011 0.000358365
          17   -0.614368   -0.614032 0.000337899
          18   -0.611592   -0.613896 0.000345249
          19   -0.617416   -0.614082  0.00037348
          20   -0.613728   -0.614064 0.000355225
           0        -nan        -nan        -nan
           1   -0.612808   -0.612808           0
           2    -0.61348   -0.613144 0.000237588
           3    -0.61336   -0.613216  0.00016895
           4    -0.61452   -0.613542 0.000309456
           5    -0.61456   -0.613746 0.000307328
           6    -0.61524   -0.613995  0.00034247
           7   -0.616032   -0.614286 0.000398468
           8   -0.615224   -0.614403 0.000365513
           9   -0.614744   -0.614441 0.000326858
          10   -0.614448   -0.614442 0.000294173
          11   -0.616344   -0.614615 0.000314182
          12    -0.61328   -0.614503 0.000307053
          13   -0.611208    -0.61425 0.000373694
          14    -0.61472   -0.614283 0.000348507
          15    -0.61272   -0.614179 0.000340503
          16   -0.611488   -0.614011 0.000358365
          17   -0.614368   -0.614032 0.000337899
          18   -0.611592   -0.613896 0.000345249
          19   -0.617416   -0.614082  0.00037348
          20   -0.613728   -0.614064 0.000355225
           0        -nan        -nan        -nan
           1   -0.612808   -0.612808           0
           2    -0.61348   -0.613144 0.000237588
           3    -0.61336   -0.613216  0.00016895
           4    -0.61452   -0.613542 0.000309456
           5    -0.61456   -0.613746 0.000307328
           6    -0.61524   -0.613995  0.00034247
           7   -0.616032   -0.614286 0.000398468
           8   -0.615224   -0.614403 0.000365513
           9   -0.614744   -0.614441 0.000326858
          10   -0.614448   -0.614442 0.000294173
          11   -0.616344   -0.614615 0.000314182
          12    -0.61328   -0.614503 0.000307053
          13   -0.611208    -0.61425 0.000373694
          14    -0.61472   -0.614283 0.000348507
          15    -0.61272   -0.614179 0.000340503
          16   -0.611488   -0.614011 0.000358365
          17   -0.614368   -0.614032 0.000337899
          18   -0.611592   -0.613896 0.000345249
          19   -0.617416   -0.614082  0.00037348
          20   -0.613728   -0.614064 0.000355225
          21    -0.61576   -0.614145 0.000347369
          22   -0.615496   -0.614206 0.000336966
          23   -0.613016   -0.614154 0.000326264
          24   -0.614312   -0.614161 0.000312736
          25   -0.610472   -0.614013 0.000333225
          26    -0.60876   -0.613811  0.00037672
          27   -0.611352    -0.61372 0.000373617
          28   -0.612552   -0.613679 0.000362596
          29    -0.61524   -0.613732 0.000354068
          30   -0.615272   -0.613784 0.000345965
          31   -0.614008   -0.613791  0.00033488
          32     -0.6122   -0.613741 0.000328085
          33    -0.61484   -0.613775 0.000319828
          34   -0.613096   -0.613755 0.000311043
          35    -0.61388   -0.613758 0.000302177
          36   -0.614464   -0.613778 0.000294419
          37   -0.613288   -0.613765 0.000286759
          38   -0.605832   -0.613556 0.000346972
          39   -0.614472   -0.613579  0.00033887
          40    -0.61436   -0.613599  0.00033096
