           0        -nan        -nan        -nan
           1   -0.941496   -0.941496           0
           2   -0.928504      -0.935  0.00459337
           3   -0.929048   -0.933016  0.00346432
           4    -0.93212   -0.932792  0.00260547
           5   -0.928712   -0.931976  0.00220846
           6   -0.932376   -0.932043  0.00184139
           7   -0.928952   -0.931601  0.00163041
           8   -0.923304   -0.930564  0.00172523
           9   -0.926992   -0.930167  0.00157853
          10   -0.946856   -0.931836   0.0021272
          11   -0.941496   -0.932714  0.00210731
          12   -0.933816   -0.932806   0.0019337
          13   -0.927248   -0.932378  0.00183161
          14   -0.927568   -0.932035  0.00173271
          15   -0.936208   -0.932313  0.00163938
          16    -0.93676   -0.932591   0.0015603
          17    -0.94272   -0.933187  0.00157818
          18   -0.937016     -0.9334  0.00150478
          19    -0.93476   -0.933471  0.00142728
          20   -0.929784   -0.933287  0.00136777
           0        -nan        -nan        -nan
           1   -0.928712   -0.928712           0
           2   -0.932376   -0.930544  0.00129542
           3   -0.928952   -0.930013 0.000966212
           4   -0.923304   -0.928336  0.00162333
           5   -0.926992   -0.928067  0.00132074
           6   -0.946856   -0.931199  0.00306318
           7   -0.941496    -0.93267  0.00295779
           8   -0.933816   -0.932813  0.00259154
           9   -0.927248   -0.932195  0.00237621
          10   -0.927568   -0.931732  0.00218317
          11   -0.936208   -0.932139  0.00202226
          12    -0.93676   -0.932524  0.00189005
          13    -0.94272   -0.933308  0.00190044
          14   -0.937016   -0.933573  0.00178305
          15    -0.93476   -0.933652  0.00166593
          16   -0.929784    -0.93341  0.00157926
          17   -0.936232   -0.933576  0.00149506
          18   -0.931736   -0.933474  0.00141549
          19   -0.946368   -0.934153  0.00149484
          20   -0.945136   -0.934702  0.00151762
           0        -nan        -nan        -nan
           1   -0.941496   -0.941496           0
           2   -0.928504      -0.935  0.00459337
           3   -0.929048   -0.933016  0.00346432
           4    -0.93212   -0.932792  0.00260547
           5   -0.928712   -0.931976  0.00220846
           6   -0.932376   -0.932043  0.00184139
           7   -0.928952   -0.931601  0.00163041
           8   -0.923304   -0.930564  0.00172523
           9   -0.926992   -0.930167  0.00157853
          10   -0.946856   -0.931836   0.0021272
          11   -0.941496   -0.932714  0.00210731
          12   -0.933816   -0.932806   0.0019337
          13   -0.927248   -0.932378  0.00183161
          14   -0.927568   -0.932035  0.00173271
          15   -0.936208   -0.932313  0.00163938
          16    -0.93676   -0.932591   0.0015603
          17    -0.94272   -0.933187  0.00157818
          18   -0.937016     -0.9334  0.00150478
          19    -0.93476   -0.933471  0.00142728
          20   -0.929784   -0.933287  0.00136777
           0        -nan        -nan        -nan
           1   -0.941496   -0.941496           0
           2   -0.928504      -0.935  0.00459337
           3   -0.929048   -0.933016  0.00346432
           4    -0.93212   -0.932792  0.00260547
           5   -0.928712   -0.931976  0.00220846
           6   -0.932376   -0.932043  0.00184139
           7   -0.928952   -0.931601  0.00163041
           8   -0.923304   -0.930564  0.00172523
           9   -0.926992   -0.930167  0.00157853
          10   -0.946856   -0.931836   0.0021272
          11   -0.941496   -0.932714  0.00210731
          12   -0.933816   -0.932806   0.0019337
          13   -0.927248   -0.932378  0.00183161
          14   -0.927568   -0.932035  0.00173271
          15   -0.936208   -0.932313  0.00163938
          16    -0.93676   -0.932591   0.0015603
          17    -0.94272   -0.933187  0.00157818
          18   -0.937016     -0.9334  0.00150478
          19    -0.93476   -0.933471  0.00142728
          20   -0.929784   -0.933287  0.00136777
           0        -nan        -nan        -nan
           1   -0.941496   -0.941496           0
           2   -0.928504      -0.935  0.00459337
           3   -0.929048   -0.933016  0.00346432
           4    -0.93212   -0.932792  0.00260547
           5   -0.928712   -0.931976  0.00220846
           6   -0.932376   -0.932043  0.00184139
           7   -0.928952   -0.931601  0.00163041
           8   -0.923304   -0.930564  0.00172523
           9   -0.926992   -0.930167  0.00157853
          10   -0.946856   -0.931836   0.0021272
          11   -0.941496   -0.932714  0.00210731
          12   -0.933816   -0.932806   0.0019337
          13   -0.927248   -0.932378  0.00183161
          14   -0.927568   -0.932035  0.00173271
          15   -0.936208   -0.932313  0.00163938
          16    -0.93676   -0.932591   0.0015603
          17    -0.94272   -0.933187  0.00157818
          18   -0.937016     -0.9334  0.00150478
          19    -0.93476   -0.933471  0.00142728
          20   -0.929784   -0.933287  0.00136777
          21   -0.936232   -0.933427  0.00130981
          22   -0.931736    -0.93335  0.00125253
          23   -0.946368   -0.933916  0.00131977
          24   -0.945136   -0.934384  0.00134503
          25   -0.927992   -0.934128   0.0013153
          26   -0.930216   -0.933978  0.00127329
          27   -0.944272   -0.934359  0.00128195
          28   -0.934712   -0.934371  0.00123623
          29   -0.939104   -0.934535  0.00120432
          30   -0.938728   -0.934674  0.00117226
          31   -0.937512   -0.934766  0.00113801
          32    -0.93744    -0.93485  0.00110551
          33   -0.926144   -0.934586  0.00110304
          34   -0.932192   -0.934515  0.00107284
          35    -0.93452   -0.934515  0.00104219
          36   -0.933976     -0.9345  0.00101335
          37   -0.944488    -0.93477  0.00102128
          38   -0.936144   -0.934807 0.000995043
          39   -0.934456   -0.934798 0.000969569
          40   -0.935312    -0.93481 0.000945416
