           0        -nan        -nan        -nan
           1    0.072356    0.072356           0
           2    0.083624     0.07799  0.00398384
           3    0.082444   0.0794747  0.00291946
           4    0.098804    0.084307  0.00472313
           5    0.079072     0.08326  0.00389282
           6    0.062544   0.0798073  0.00452302
           7    0.059252   0.0768709   0.0047351
           8    0.085848    0.077993  0.00427411
           9    0.067548   0.0768324  0.00395364
          10    0.058784   0.0750276   0.0039488
          11    0.066684   0.0742691  0.00366194
          12    0.064724   0.0734737  0.00344209
          13    0.066368   0.0729271  0.00322042
          14    0.075364   0.0731011  0.00299509
          15    0.066104   0.0726347  0.00283151
          16    0.095172   0.0740432  0.00298441
          17    0.056352   0.0730026  0.00298478
          18    0.060712   0.0723198  0.00289601
          19    0.054536   0.0713838  0.00289089
          20    0.055116   0.0705704  0.00285848
           0        -nan        -nan        -nan
           1    0.079072    0.079072           0
           2    0.062544    0.070808  0.00584353
           3    0.059252    0.066956  0.00500683
           4    0.085848    0.071679  0.00555256
           5    0.067548   0.0708528   0.0045031
           6    0.058784   0.0688413  0.00417774
           7    0.066684   0.0685331  0.00359227
           8    0.064724    0.068057  0.00317464
           9    0.066368   0.0678693  0.00282744
          10    0.075364   0.0686188  0.00264216
          11    0.066104   0.0683902  0.00241184
          12    0.095172    0.070622   0.0030747
          13    0.056352   0.0695243  0.00302779
          14    0.060712   0.0688949  0.00287621
          15    0.054536   0.0679376  0.00283929
          16    0.055116   0.0671362  0.00277262
          17    0.043944    0.065772  0.00292597
          18    0.097132   0.0675142  0.00324086
          19    0.082784   0.0683179  0.00316837
          20     0.06614    0.068209  0.00301182
           0        -nan        -nan        -nan
           1    0.072356    0.072356           0
           2    0.083624     0.07799  0.00398384
           3    0.082444   0.0794747  0.00291946
           4    0.098804    0.084307  0.00472313
           5    0.079072     0.08326  0.00389282
           6    0.062544   0.0798073  0.00452302
           7    0.059252   0.0768709   0.0047351
           8    0.085848    0.077993  0.00427411
           9    0.067548   0.0768324  0.00395364
          10    0.058784   0.0750276   0.0039488
          11    0.066684   0.0742691  0.00366194
          12    0.064724   0.0734737  0.00344209
          13    0.066368   0.0729271  0.00322042
          14    0.075364   0.0731011  0.00299509
          15    0.066104   0.0726347  0.00283151
          16    0.095172   0.0740432  0.00298441
          17    0.056352   0.0730026  0.00298478
          18    0.060712   0.0723198  0.00289601
          19    0.054536   0.0713838  0.00289089
          20    0.055116   0.0705704  0.00285848
           0        -nan        -nan        -nan
           1    0.083624    0.083624           0
           2    0.082444    0.083034 0.000417193
           3    0.098804   0.0882907  0.00430105
           4    0.079072    0.085986  0.00379333
           5    0.062544   0.0812976   0.0051763
           6    0.059252   0.0776233  0.00546417
           7    0.085848   0.0787983  0.00480824
           8    0.067548    0.077392  0.00440807
           9    0.058784   0.0753244  0.00437638
          10    0.066684   0.0744604  0.00402314
          11    0.064724   0.0735753   0.0037535
          12    0.066368   0.0729747  0.00348843
          13    0.075364   0.0731585  0.00322493
          14    0.066104   0.0726546  0.00303369
          15    0.095172   0.0741557  0.00318125
          16    0.056352    0.073043  0.00317106
          17    0.060712   0.0723176  0.00306636
          18    0.054536   0.0713298  0.00305099
          19    0.055116   0.0704764  0.00300738
          20    0.043944   0.0691498    0.003136
           0        -nan        -nan        -nan
           1    0.097132    0.097132           0
           2    0.082784    0.089958  0.00507278
           3     0.06614   0.0820187  0.00731156
           4    0.054316    0.075093  0.00812676
           5    0.068268    0.073728  0.00661505
           6    0.065488   0.0723547   0.0056533
           7    0.043556   0.0682406  0.00616348
           8    0.050032   0.0659645  0.00579809
           9    0.097056   0.0694191  0.00609677
          10    0.054344   0.0679116  0.00567041
          11    0.038644   0.0652509  0.00574533
          12    0.078328   0.0663407  0.00536891
          13    0.075216   0.0670234  0.00499914
          14    0.092844   0.0688677  0.00497064
          15      0.0927   0.0704565   0.0048866
          16     0.04856    0.069088  0.00476897
          17    0.038368   0.0672809  0.00481866
          18     0.06908   0.0673809  0.00455199
          19    0.080676   0.0680806  0.00436587
          20    0.092408    0.069297  0.00431369
          21     0.07358    0.069501   0.0041131
          22    0.061944   0.0691575  0.00394046
          23    0.057828   0.0686649   0.0037998
          24     0.06788   0.0686322  0.00364161
          25    0.054072   0.0680498  0.00354221
          26    0.065424   0.0679488  0.00340741
          27    0.061432   0.0677074  0.00328975
          28    0.076952   0.0680376  0.00318878
          29    0.054548   0.0675724  0.00311257
          30    0.068572   0.0676057  0.00300899
          31    0.047752   0.0669653  0.00297931
          32    0.080436   0.0673862  0.00291579
          33    0.053392   0.0669622  0.00285811
          34      0.0817   0.0673956  0.00280672
          35    0.098104    0.068273  0.00286038
          36    0.085036   0.0687387  0.00281857
          37    0.058636   0.0684656  0.00275559
          38    0.096928   0.0692146  0.00278301
          39    0.077332   0.0694228  0.00271942
          40    0.042472    0.068749  0.00273363
           0        -nan        -nan        -nan
           1    0.097132    0.097132           0
           2    0.082784    0.089958  0.00507278
           3     0.06614   0.0820187  0.00731156
           4    0.054316    0.075093  0.00812676
           5    0.068268    0.073728  0.00661505
           6    0.065488   0.0723547   0.0056533
           7    0.043556   0.0682406  0.00616348
           8    0.050032   0.0659645  0.00579809
           9    0.097056   0.0694191  0.00609677
          10    0.054344   0.0679116  0.00567041
          11    0.038644   0.0652509  0.00574533
          12    0.078328   0.0663407  0.00536891
          13    0.075216   0.0670234  0.00499914
          14    0.092844   0.0688677  0.00497064
          15      0.0927   0.0704565   0.0048866
          16     0.04856    0.069088  0.00476897
          17    0.038368   0.0672809  0.00481866
          18     0.06908   0.0673809  0.00455199
          19    0.080676   0.0680806  0.00436587
          20    0.092408    0.069297  0.00431369
          21     0.07358    0.069501   0.0041131
          22    0.061944   0.0691575  0.00394046
          23    0.057828   0.0686649   0.0037998
          24     0.06788   0.0686322  0.00364161
          25    0.054072   0.0680498  0.00354221
          26    0.065424   0.0679488  0.00340741
          27    0.061432   0.0677074  0.00328975
          28    0.076952   0.0680376  0.00318878
          29    0.054548   0.0675724  0.00311257
          30    0.068572   0.0676057  0.00300899
          31    0.047752   0.0669653  0.00297931
          32    0.080436   0.0673862  0.00291579
          33    0.053392   0.0669622  0.00285811
          34      0.0817   0.0673956  0.00280672
          35    0.098104    0.068273  0.00286038
          36    0.085036   0.0687387  0.00281857
          37    0.058636   0.0684656  0.00275559
          38    0.096928   0.0692146  0.00278301
          39    0.077332   0.0694228  0.00271942
          40    0.042472    0.068749  0.00273363
