           0        -nan        -nan        -nan
           1    0.254072    0.254072           0
           2    0.249817    0.251944  0.00150436
           3    0.253744    0.252544  0.00111611
           4    0.246194    0.250957  0.00160964
           5    0.244262    0.249618  0.00175854
           6    0.246456    0.249091  0.00154236
           7    0.247885    0.248919  0.00133161
           8    0.245971     0.24855  0.00121507
           9    0.240468    0.247652  0.00137236
          10     0.25549    0.248436  0.00144169
          11    0.259124    0.249408    0.001605
          12    0.242642    0.248844  0.00156716
          13    0.249245    0.248875  0.00144691
          14    0.258405    0.249555  0.00149515
          15    0.256845    0.250041  0.00147233
          16    0.251797    0.250151  0.00138439
          17    0.248447    0.250051  0.00130658
          18    0.248421     0.24996  0.00123713
          19    0.251239    0.250028  0.00117384
          20    0.245611    0.249807  0.00113574
           0        -nan        -nan        -nan
           1    0.244262    0.244262           0
           2    0.246456    0.245359 0.000775886
           3    0.247885    0.246201 0.000860338
           4    0.245971    0.246144 0.000647179
           5    0.240468    0.245008  0.00113967
           6     0.25549    0.246755  0.00185613
           7    0.259124    0.248522  0.00228197
           8    0.242642    0.247787   0.0021118
           9    0.249245    0.247949  0.00188336
          10    0.258405    0.248995  0.00196392
          11    0.256845    0.249709  0.00191065
          12    0.251797    0.249883  0.00175934
          13    0.248447    0.249772  0.00162747
          14    0.248421    0.249676  0.00151408
          15    0.251239     0.24978  0.00141672
          16    0.245611    0.249519  0.00135193
          17    0.246257    0.249327  0.00128595
          18    0.250167    0.249374  0.00121536
          19    0.248055    0.249305  0.00115337
          20    0.253181    0.249498  0.00111187
           0        -nan        -nan        -nan
           1    0.254072    0.254072           0
           2    0.249817    0.251944  0.00150436
           3    0.253744    0.252544  0.00111611
           4    0.246194    0.250957  0.00160964
           5    0.244262    0.249618  0.00175854
           6    0.246456    0.249091  0.00154236
           7    0.247885    0.248919  0.00133161
           8    0.245971     0.24855  0.00121507
           9    0.240468    0.247652  0.00137236
          10     0.25549    0.248436  0.00144169
          11    0.259124    0.249408    0.001605
          12    0.242642    0.248844  0.00156716
          13    0.249245    0.248875  0.00144691
          14    0.258405    0.249555  0.00149515
          15    0.256845    0.250041  0.00147233
          16    0.251797    0.250151  0.00138439
          17    0.248447    0.250051  0.00130658
          18    0.248421     0.24996  0.00123713
          19    0.251239    0.250028  0.00117384
          20    0.245611    0.249807  0.00113574
           0        -nan        -nan        -nan
           1    0.254072    0.254072           0
           2    0.249817    0.251944  0.00150436
           3    0.253744    0.252544  0.00111611
           4    0.246194    0.250957  0.00160964
           5    0.244262    0.249618  0.00175854
           6    0.246456    0.249091  0.00154236
           7    0.247885    0.248919  0.00133161
           8    0.245971     0.24855  0.00121507
           9    0.240468    0.247652  0.00137236
          10     0.25549    0.248436  0.00144169
          11    0.259124    0.249408    0.001605
          12    0.242642    0.248844  0.00156716
          13    0.249245    0.248875  0.00144691
          14    0.258405    0.249555  0.00149515
          15    0.256845    0.250041  0.00147233
          16    0.251797    0.250151  0.00138439
          17    0.248447    0.250051  0.00130658
          18    0.248421     0.24996  0.00123713
          19    0.251239    0.250028  0.00117384
          20    0.245611    0.249807  0.00113574
           0        -nan        -nan        -nan
           1    0.254072    0.254072           0
           2    0.249817    0.251944  0.00150436
           3    0.253744    0.252544  0.00111611
           4    0.246194    0.250957  0.00160964
           5    0.244262    0.249618  0.00175854
           6    0.246456    0.249091  0.00154236
           7    0.247885    0.248919  0.00133161
           8    0.245971     0.24855  0.00121507
           9    0.240468    0.247652  0.00137236
          10     0.25549    0.248436  0.00144169
          11    0.259124    0.249408    0.001605
          12    0.242642    0.248844  0.00156716
          13    0.249245    0.248875  0.00144691
          14    0.258405    0.249555  0.00149515
          15    0.256845    0.250041  0.00147233
          16    0.251797    0.250151  0.00138439
          17    0.248447    0.250051  0.00130658
          18    0.248421     0.24996  0.00123713
          19    0.251239    0.250028  0.00117384
          20    0.245611    0.249807  0.00113574
          21    0.246257    0.249638  0.00109416
          22    0.250167    0.249662  0.00104469
          23    0.248055    0.249592   0.0010016
          24    0.253181    0.249741 0.000970972
          25    0.252822    0.249865 0.000939917
          26    0.245466    0.249696 0.000918868
          27    0.244839    0.249516 0.000902266
          28    0.252787    0.249632 0.000877572
          29     0.25314    0.249753 0.000855607
          30     0.25069    0.249785 0.000827657
          31    0.251837    0.249851 0.000803602
          32    0.246626     0.24975 0.000784782
          33    0.249544    0.249744 0.000761025
          34    0.248837    0.249717 0.000739109
          35    0.251353    0.249764 0.000719469
          36    0.246685    0.249678 0.000704548
          37    0.247858    0.249629 0.000687222
          38    0.247054    0.249561 0.000672472
          39    0.252412    0.249635  0.00065919
          40    0.253567    0.249733 0.000650002
