           0        -nan        -nan        -nan
           1     1.52394     1.52394           0
           2     1.48631     1.50513    0.013304
           3     1.49907     1.50311  0.00902124
           4      1.5061     1.50386  0.00679691
           5     1.52121     1.50733  0.00626155
           6     1.43761     1.49571   0.0118207
           7     1.39615     1.48149   0.0166144
           8     1.50127     1.48396   0.0147205
           9      1.4959     1.48529   0.0131445
          10     1.46936     1.48369   0.0119261
          11     1.52068     1.48706    0.011306
          12     1.51347     1.48926    0.010576
          13      1.5166     1.49136  0.00996947
          14     1.47513      1.4902  0.00932451
          15     1.52831     1.49274  0.00904238
          16     1.49973     1.49318  0.00848776
          17     1.52123     1.49483  0.00814733
          18     1.47182     1.49355  0.00779435
          19     1.46577     1.49209  0.00751999
          20     1.49303     1.49214  0.00714413
           0        -nan        -nan        -nan
           1     1.52121     1.52121           0
           2     1.43761     1.47941   0.0295571
           3     1.39615     1.45166   0.0300298
           4     1.50127     1.46406   0.0249526
           5      1.4959     1.47043   0.0207586
           6     1.46936     1.47025   0.0172996
           7     1.52068     1.47746   0.0162593
           8     1.51347     1.48196   0.0148371
           9      1.5166     1.48581   0.0136788
          10     1.47513     1.48474   0.0123525
          11     1.52831      1.4887   0.0118476
          12     1.49973     1.48962   0.0108959
          13     1.52123     1.49205   0.0103255
          14     1.47182     1.49061   0.0096886
          15     1.46577     1.48895  0.00918306
          16     1.49303     1.48921  0.00861266
          17     1.53351     1.49181   0.0084912
          18     1.49002     1.49171  0.00802005
          19     1.44703     1.48936  0.00793523
          20       1.468     1.48829  0.00760998
           0        -nan        -nan        -nan
           1     1.52394     1.52394           0
           2     1.48631     1.50513    0.013304
           3     1.49907     1.50311  0.00902124
           4      1.5061     1.50386  0.00679691
           5     1.52121     1.50733  0.00626155
           6     1.43761     1.49571   0.0118207
           7     1.39615     1.48149   0.0166144
           8     1.50127     1.48396   0.0147205
           9      1.4959     1.48529   0.0131445
          10     1.46936     1.48369   0.0119261
          11     1.52068     1.48706    0.011306
          12     1.51347     1.48926    0.010576
          13      1.5166     1.49136  0.00996947
          14     1.47513      1.4902  0.00932451
          15     1.52831     1.49274  0.00904238
          16     1.49973     1.49318  0.00848776
          17     1.52123     1.49483  0.00814733
          18     1.47182     1.49355  0.00779435
          19     1.46577     1.49209  0.00751999
          20     1.49303     1.49214  0.00714413
           0        -nan        -nan        -nan
           1     1.52394     1.52394           0
           2     1.48631     1.50513    0.013304
           3     1.49907     1.50311  0.00902124
           4      1.5061     1.50386  0.00679691
           5     1.52121     1.50733  0.00626155
           6     1.43761     1.49571   0.0118207
           7     1.39615     1.48149   0.0166144
           8     1.50127     1.48396   0.0147205
           9      1.4959     1.48529   0.0131445
          10     1.46936     1.48369   0.0119261
          11     1.52068     1.48706    0.011306
          12     1.51347     1.48926    0.010576
          13      1.5166     1.49136  0.00996947
          14     1.47513      1.4902  0.00932451
          15     1.52831     1.49274  0.00904238
          16     1.49973     1.49318  0.00848776
          17     1.52123     1.49483  0.00814733
          18     1.47182     1.49355  0.00779435
          19     1.46577     1.49209  0.00751999
          20     1.49303     1.49214  0.00714413
           0        -nan        -nan        -nan
           1     1.52394     1.52394           0
           2     1.48631     1.50513    0.013304
           3     1.49907     1.50311  0.00902124
           4      1.5061     1.50386  0.00679691
           5     1.52121     1.50733  0.00626155
           6     1.43761     1.49571   0.0118207
           7     1.39615     1.48149   0.0166144
           8     1.50127     1.48396   0.0147205
           9      1.4959     1.48529   0.0131445
          10     1.46936     1.48369   0.0119261
          11     1.52068     1.48706    0.011306
          12     1.51347     1.48926    0.010576
          13      1.5166     1.49136  0.00996947
          14     1.47513      1.4902  0.00932451
          15     1.52831     1.49274  0.00904238
          16     1.49973     1.49318  0.00848776
          17     1.52123     1.49483  0.00814733
          18     1.47182     1.49355  0.00779435
          19     1.46577     1.49209  0.00751999
          20     1.49303     1.49214  0.00714413
          21     1.53351     1.49411  0.00707041
          22     1.49002     1.49392  0.00675146
          23     1.44703     1.49188  0.00675871
          24       1.468     1.49089  0.00654991
          25     1.53149     1.49251  0.00648612
          26     1.48293     1.49214   0.0062471
          27     1.46547     1.49115  0.00609336
          28     1.52265     1.49228  0.00597865
          29     1.45177     1.49088  0.00593341
          30     1.54717     1.49276  0.00602499
          31     1.50962      1.4933  0.00585512
          32     1.45078     1.49197  0.00582097
          33     1.60127     1.49529  0.00651909
          34     1.48821     1.49508  0.00633066
          35     1.43155     1.49326  0.00640475
          36      1.5393     1.49454  0.00635323
          37     1.54403     1.49588  0.00632076
          38     1.46235       1.495  0.00621571
          39     1.50711     1.49531  0.00606409
          40     1.47011     1.49468   0.0059451
           0        -nan        -nan        -nan
           1     1.52394     1.52394           0
           2     1.48631     1.50513    0.013304
           3     1.49907     1.50311  0.00902124
           4      1.5061     1.50386  0.00679691
           5     1.52121     1.50733  0.00626155
           6     1.43761     1.49571   0.0118207
           7     1.39615     1.48149   0.0166144
           8     1.50127     1.48396   0.0147205
           9      1.4959     1.48529   0.0131445
          10     1.46936     1.48369   0.0119261
          11     1.52068     1.48706    0.011306
          12     1.51347     1.48926    0.010576
          13      1.5166     1.49136  0.00996947
          14     1.47513      1.4902  0.00932451
          15     1.52831     1.49274  0.00904238
          16     1.49973     1.49318  0.00848776
          17     1.52123     1.49483  0.00814733
          18     1.47182     1.49355  0.00779435
          19     1.46577     1.49209  0.00751999
          20     1.49303     1.49214  0.00714413
          21     1.53351     1.49411  0.00707041
          22     1.49002     1.49392  0.00675146
          23     1.44703     1.49188  0.00675871
          24       1.468     1.49089  0.00654991
          25     1.53149     1.49251  0.00648612
          26     1.48293     1.49214   0.0062471
          27     1.46547     1.49115  0.00609336
          28     1.52265     1.49228  0.00597865
          29     1.45177     1.49088  0.00593341
          30     1.54717     1.49276  0.00602499
          31     1.50962      1.4933  0.00585512
          32     1.45078     1.49197  0.00582097
          33     1.60127     1.49529  0.00651909
          34     1.48821     1.49508  0.00633066
          35     1.43155     1.49326  0.00640475
          36      1.5393     1.49454  0.00635323
          37     1.54403     1.49588  0.00632076
          38     1.46235       1.495  0.00621571
          39     1.50711     1.49531  0.00606409
          40     1.47011     1.49468   0.0059451
