           0        -nan        -nan        -nan
           1      2.2051      2.2051           0
           2     2.15537     2.18024   0.0175822
           3     2.19566     2.18538   0.0124501
           4     2.11563     2.16794   0.0177541
           5     2.21699     2.17775   0.0166951
           6     2.13351     2.17038   0.0154555
           7     2.13322     2.16507   0.0141297
           8     2.29253       2.181   0.0193644
           9     2.17378      2.1802   0.0172294
          10     2.17274     2.17946   0.0155226
          11     2.22762     2.18383   0.0147162
          12     2.26128     2.19029   0.0148376
          13     2.16864     2.18862   0.0137894
          14     2.16207     2.18673   0.0129342
          15      2.1471     2.18409   0.0123387
          16     2.23204     2.18708    0.011926
          17     2.23124     2.18968   0.0115039
          18     2.14657     2.18729   0.0111113
          19     2.14944     2.18529   0.0107035
          20     2.12973     2.18252   0.0105227
           0        -nan        -nan        -nan
           1     2.21699     2.21699           0
           2     2.13351     2.17525   0.0295164
           3     2.13322     2.16124   0.0227606
           4     2.29253     2.19407   0.0331573
           5     2.17378     2.19001   0.0267729
           6     2.17274     2.18713    0.022465
           7     2.22762     2.19292   0.0199866
           8     2.26128     2.20146   0.0192286
           9     2.16864     2.19781   0.0174345
          10     2.16207     2.19424   0.0160532
          11      2.1471     2.18996   0.0151549
          12     2.23204     2.19346    0.014292
          13     2.23124     2.19637   0.0134849
          14     2.14657     2.19281   0.0129823
          15     2.14944     2.18992   0.0124346
          16     2.12973     2.18616   0.0122133
          17     2.20609     2.18733    0.011551
          18     2.18949     2.18745   0.0109099
          19       2.085     2.18206   0.0115918
          20     2.08144     2.17703   0.0120546
           0        -nan        -nan        -nan
           1      2.2051      2.2051           0
           2     2.15537     2.18024   0.0175822
           3     2.19566     2.18538   0.0124501
           4     2.11563     2.16794   0.0177541
           5     2.21699     2.17775   0.0166951
           6     2.13351     2.17038   0.0154555
           7     2.13322     2.16507   0.0141297
           8     2.29253       2.181   0.0193644
           9     2.17378      2.1802   0.0172294
          10     2.17274     2.17946   0.0155226
          11     2.22762     2.18383   0.0147162
          12     2.26128     2.19029   0.0148376
          13     2.16864     2.18862   0.0137894
          14     2.16207     2.18673   0.0129342
          15      2.1471     2.18409   0.0123387
          16     2.23204     2.18708    0.011926
          17     2.23124     2.18968   0.0115039
          18     2.14657     2.18729   0.0111113
          19     2.14944     2.18529   0.0107035
          20     2.12973     2.18252   0.0105227
           0        -nan        -nan        -nan
           1      2.2051      2.2051           0
           2     2.15537     2.18024   0.0175822
           3     2.19566     2.18538   0.0124501
           4     2.11563     2.16794   0.0177541
           5     2.21699     2.17775   0.0166951
           6     2.13351     2.17038   0.0154555
           7     2.13322     2.16507   0.0141297
           8     2.29253       2.181   0.0193644
           9     2.17378      2.1802   0.0172294
          10     2.17274     2.17946   0.0155226
          11     2.22762     2.18383   0.0147162
          12     2.26128     2.19029   0.0148376
          13     2.16864     2.18862   0.0137894
          14     2.16207     2.18673   0.0129342
          15      2.1471     2.18409   0.0123387
          16     2.23204     2.18708    0.011926
          17     2.23124     2.18968   0.0115039
          18     2.14657     2.18729   0.0111113
          19     2.14944     2.18529   0.0107035
          20     2.12973     2.18252   0.0105227
           0        -nan        -nan        -nan
           1      2.2051      2.2051           0
           2     2.15537     2.18024   0.0175822
           3     2.19566     2.18538   0.0124501
           4     2.11563     2.16794   0.0177541
           5     2.21699     2.17775   0.0166951
           6     2.13351     2.17038   0.0154555
           7     2.13322     2.16507   0.0141297
           8     2.29253       2.181   0.0193644
           9     2.17378      2.1802   0.0172294
          10     2.17274     2.17946   0.0155226
          11     2.22762     2.18383   0.0147162
          12     2.26128     2.19029   0.0148376
          13     2.16864     2.18862   0.0137894
          14     2.16207     2.18673   0.0129342
          15      2.1471     2.18409   0.0123387
          16     2.23204     2.18708    0.011926
          17     2.23124     2.18968   0.0115039
          18     2.14657     2.18729   0.0111113
          19     2.14944     2.18529   0.0107035
          20     2.12973     2.18252   0.0105227
          21     2.20609     2.18364   0.0100814
          22     2.18949      2.1839  0.00962663
          23       2.085      2.1796    0.010123
          24     2.08144     2.17551    0.010495
          25     2.17659     2.17556   0.0100753
          26     2.10358     2.17279   0.0100609
          27     2.16453     2.17248  0.00969292
          28     2.19233     2.17319  0.00937264
          29     2.02689     2.16815   0.0103182
          30     2.20018     2.16922   0.0100293
          31     2.16434     2.16906  0.00970703
          32      2.1591     2.16875  0.00940867
          33     2.22569     2.17047  0.00928044
          34      2.1887     2.17101  0.00902295
          35     1.96166     2.16503   0.0105633
          36     2.21577     2.16644   0.0103635
          37     2.10326     2.16473   0.0102231
          38      2.2124     2.16598   0.0100307
          39      2.2188     2.16734  0.00986453
          40     2.09303     2.16548  0.00979128
           0        -nan        -nan        -nan
           1      2.2051      2.2051           0
           2     2.15537     2.18024   0.0175822
           3     2.19566     2.18538   0.0124501
           4     2.11563     2.16794   0.0177541
           5     2.21699     2.17775   0.0166951
           6     2.13351     2.17038   0.0154555
           7     2.13322     2.16507   0.0141297
           8     2.29253       2.181   0.0193644
           9     2.17378      2.1802   0.0172294
          10     2.17274     2.17946   0.0155226
          11     2.22762     2.18383   0.0147162
          12     2.26128     2.19029   0.0148376
          13     2.16864     2.18862   0.0137894
          14     2.16207     2.18673   0.0129342
          15      2.1471     2.18409   0.0123387
          16     2.23204     2.18708    0.011926
          17     2.23124     2.18968   0.0115039
          18     2.14657     2.18729   0.0111113
          19     2.14944     2.18529   0.0107035
          20     2.12973     2.18252   0.0105227
          21     2.20609     2.18364   0.0100814
          22     2.18949      2.1839  0.00962663
          23       2.085      2.1796    0.010123
          24     2.08144     2.17551    0.010495
          25     2.17659     2.17556   0.0100753
          26     2.10358     2.17279   0.0100609
          27     2.16453     2.17248  0.00969292
          28     2.19233     2.17319  0.00937264
          29     2.02689     2.16815   0.0103182
          30     2.20018     2.16922   0.0100293
          31     2.16434     2.16906  0.00970703
          32      2.1591     2.16875  0.00940867
          33     2.22569     2.17047  0.00928044
          34      2.1887     2.17101  0.00902295
          35     1.96166     2.16503   0.0105633
          36     2.21577     2.16644   0.0103635
          37     2.10326     2.16473   0.0102231
          38      2.2124     2.16598   0.0100307
          39      2.2188     2.16734  0.00986453
          40     2.09303     2.16548  0.00979128
