           0        -nan        -nan        -nan
           1   -0.581496   -0.581496           0
           2   -0.580488   -0.580992 0.000356382
           3   -0.581752   -0.581245 0.000315013
           4   -0.586328   -0.582516  0.00112551
           5   -0.584312   -0.582875 0.000956007
           6   -0.581944    -0.58272 0.000809172
           7   -0.583056   -0.582768 0.000694998
           8    -0.58488   -0.583032 0.000656352
           9    -0.58132   -0.582842 0.000610367
          10     -0.5832   -0.582878  0.00055038
          11   -0.585056   -0.583076 0.000534789
          12   -0.583256   -0.583091 0.000490434
          13   -0.582456   -0.583042 0.000455132
          14   -0.582512   -0.583004 0.000424193
          15   -0.581048   -0.582874 0.000415473
          16   -0.582616   -0.582857 0.000389818
          17   -0.582544   -0.582839 0.000367324
          18   -0.580952   -0.582734 0.000361568
          19   -0.584496   -0.582827 0.000354228
          20   -0.583072   -0.582839 0.000336729
           0        -nan        -nan        -nan
           1   -0.584312   -0.584312           0
           2   -0.581944   -0.583128 0.000837214
           3   -0.583056   -0.583104 0.000558487
           4    -0.58488   -0.583548 0.000568595
           5    -0.58132   -0.583102 0.000604781
           6     -0.5832   -0.583119 0.000504202
           7   -0.585056   -0.583395 0.000502423
           8   -0.583256   -0.583378 0.000439922
           9   -0.582456   -0.583276 0.000402793
          10   -0.582512   -0.583199  0.00036968
          11   -0.581048   -0.583004 0.000384335
          12   -0.582616   -0.582971 0.000353662
          13   -0.582544   -0.582938 0.000327981
          14   -0.580952   -0.582797 0.000333838
          15   -0.584496    -0.58291 0.000330248
          16   -0.583072    -0.58292 0.000309763
          17    -0.58504   -0.583045 0.000315647
          18   -0.584088   -0.583103 0.000303386
          19   -0.581864   -0.583037  0.00029434
          20   -0.583424   -0.583057 0.000280256
           0        -nan        -nan        -nan
           1   -0.581496   -0.581496           0
           2   -0.580488   -0.580992 0.000356382
           3   -0.581752   -0.581245 0.000315013
           4   -0.586328   -0.582516  0.00112551
           5   -0.584312   -0.582875 0.000956007
           6   -0.581944    -0.58272 0.000809172
           7   -0.583056   -0.582768 0.000694998
           8    -0.58488   -0.583032 0.000656352
           9    -0.58132   -0.582842 0.000610367
          10     -0.5832   -0.582878  0.00055038
          11   -0.585056   -0.583076 0.000534789
          12   -0.583256   -0.583091 0.000490434
          13   -0.582456   -0.583042 0.000455132
          14   -0.582512   -0.583004 0.000424193
          15   -0.581048   -0.582874 0.000415473
          16   -0.582616   -0.582857 0.000389818
          17   -0.582544   -0.582839 0.000367324
          18   -0.580952   -0.582734 0.000361568
          19   -0.584496   -0.582827 0.000354228
          20   -0.583072   -0.582839 0.000336729
           0        -nan        -nan        -nan
           1   -0.581496   -0.581496           0
           2   -0.580488   -0.580992 0.000356382
           3   -0.581752   -0.581245 0.000315013
           4   -0.586328   -0.582516  0.00112551
           5   -0.584312   -0.582875 0.000956007
           6   -0.581944    -0.58272 0.000809172
           7   -0.583056   -0.582768 0.000694998
           8    -0.58488   -0.583032 0.000656352
           9    -0.58132   -0.582842 0.000610367
          10     -0.5832   -0.582878  0.00055038
          11   -0.585056   -0.583076 0.000534789
          12   -0.583256   -0.583091 0.000490434
          13   -0.582456   -0.583042 0.000455132
          14   -0.582512   -0.583004 0.000424193
          15   -0.581048   -0.582874 0.000415473
          16   -0.582616   -0.582857 0.000389818
          17   -0.582544   -0.582839 0.000367324
          18   -0.580952   -0.582734 0.000361568
          19   -0.584496   -0.582827 0.000354228
          20   -0.583072   -0.582839 0.000336729
           0        -nan        -nan        -nan
           1   -0.581496   -0.581496           0
           2   -0.580488   -0.580992 0.000356382
           3   -0.581752   -0.581245 0.000315013
           4   -0.586328   -0.582516  0.00112551
           5   -0.584312   -0.582875 0.000956007
           6   -0.581944    -0.58272 0.000809172
           7   -0.583056   -0.582768 0.000694998
           8    -0.58488   -0.583032 0.000656352
           9    -0.58132   -0.582842 0.000610367
          10     -0.5832   -0.582878  0.00055038
          11   -0.585056   -0.583076 0.000534789
          12   -0.583256   -0.583091 0.000490434
          13   -0.582456   -0.583042 0.000455132
          14   -0.582512   -0.583004 0.000424193
          15   -0.581048   -0.582874 0.000415473
          16   -0.582616   -0.582857 0.000389818
          17   -0.582544   -0.582839 0.000367324
          18   -0.580952   -0.582734 0.000361568
          19   -0.584496   -0.582827 0.000354228
          20   -0.583072   -0.582839 0.000336729
          21    -0.58504   -0.582944 0.000336608
          22   -0.584088   -0.582996 0.000325299
          23   -0.581864   -0.582947 0.000314857
          24   -0.583424   -0.582967 0.000302365
          25   -0.578648   -0.582794 0.000336013
          26   -0.578912   -0.582645 0.000354713
          27   -0.579264   -0.582519 0.000363002
          28   -0.581928   -0.582498 0.000350651
          29    -0.58408   -0.582553 0.000342775
          30   -0.584432   -0.582615 0.000337024
          31   -0.582776   -0.582621 0.000326192
          32   -0.581656    -0.58259 0.000317389
          33   -0.585056   -0.582665 0.000316442
          34   -0.581712   -0.582637 0.000308374
          35   -0.580376   -0.582573 0.000306256
          36   -0.583696   -0.582604 0.000299335
          37    -0.58388   -0.582638 0.000293225
          38    -0.57536   -0.582447 0.000342396
          39   -0.585448   -0.582524 0.000342155
          40   -0.584936   -0.582584 0.000338875
