           0        -nan        -nan        -nan
           1     2.99526     2.99526           0
           2     2.95382     2.97454   0.0146533
           3     2.92742     2.95883   0.0161207
           4     2.85601     2.93313   0.0253331
           5     2.98226     2.94296   0.0220904
           6     2.94447     2.94321   0.0184101
           7     2.95292      2.9446   0.0158323
           8     3.07687     2.96113   0.0207639
           9     2.96734     2.96182   0.0184683
          10     3.09103     2.97474   0.0206528
          11     3.06999      2.9834   0.0205103
          12     3.14964     2.99725   0.0230087
          13     3.01443     2.99857   0.0212767
          14     3.12277     3.00745    0.021527
          15     2.87149     2.99838   0.0219171
          16     3.06092     3.00229   0.0208929
          17     2.95589     2.99956   0.0198414
          18     2.77272     2.98696   0.0223863
          19      2.8983     2.98229    0.021689
          20     2.99398     2.98288   0.0206124
           0        -nan        -nan        -nan
           1     2.98226     2.98226           0
           2     2.94447     2.96337   0.0133623
           3     2.95292     2.95988  0.00935085
           4     3.07687     2.98913   0.0262822
           5     2.96734     2.98477   0.0213839
           6     3.09103     3.00248   0.0240608
           7     3.06999     3.01213   0.0224732
           8     3.14964     3.02932   0.0254009
           9     3.01443     3.02766   0.0226324
          10     3.12277     3.03717   0.0222781
          11     2.87149     3.02211   0.0248277
          12     3.06092     3.02535   0.0229684
          13     2.95589        3.02   0.0218142
          14     2.77272     3.00234   0.0264576
          15      2.8983      2.9954   0.0255867
          16     2.99398     2.99531   0.0239877
          17     3.09315     3.00107   0.0232568
          18     2.93067     2.99716   0.0222912
          19     2.86282     2.99009    0.022211
          20     2.83647     2.98241   0.0223891
           0        -nan        -nan        -nan
           1     2.99526     2.99526           0
           2     2.95382     2.97454   0.0146533
           3     2.92742     2.95883   0.0161207
           4     2.85601     2.93313   0.0253331
           5     2.98226     2.94296   0.0220904
           6     2.94447     2.94321   0.0184101
           7     2.95292      2.9446   0.0158323
           8     3.07687     2.96113   0.0207639
           9     2.96734     2.96182   0.0184683
          10     3.09103     2.97474   0.0206528
          11     3.06999      2.9834   0.0205103
          12     3.14964     2.99725   0.0230087
          13     3.01443     2.99857   0.0212767
          14     3.12277     3.00745    0.021527
          15     2.87149     2.99838   0.0219171
          16     3.06092     3.00229   0.0208929
          17     2.95589     2.99956   0.0198414
          18     2.77272     2.98696   0.0223863
          19      2.8983     2.98229    0.021689
          20     2.99398     2.98288   0.0206124
           0        -nan        -nan        -nan
           1     2.99526     2.99526           0
           2     2.95382     2.97454   0.0146533
           3     2.92742     2.95883   0.0161207
           4     2.85601     2.93313   0.0253331
           5     2.98226     2.94296   0.0220904
           6     2.94447     2.94321   0.0184101
           7     2.95292      2.9446   0.0158323
           8     3.07687     2.96113   0.0207639
           9     2.96734     2.96182   0.0184683
          10     3.09103     2.97474   0.0206528
          11     3.06999      2.9834   0.0205103
          12     3.14964     2.99725   0.0230087
          13     3.01443     2.99857   0.0212767
          14     3.12277     3.00745    0.021527
          15     2.87149     2.99838   0.0219171
          16     3.06092     3.00229   0.0208929
          17     2.95589     2.99956   0.0198414
          18     2.77272     2.98696   0.0223863
          19      2.8983     2.98229    0.021689
          20     2.99398     2.98288   0.0206124
           0        -nan        -nan        -nan
           1     2.99526     2.99526           0
           2     2.95382     2.97454   0.0146533
           3     2.92742     2.95883   0.0161207
           4     2.85601     2.93313   0.0253331
           5     2.98226     2.94296   0.0220904
           6     2.94447     2.94321   0.0184101
           7     2.95292      2.9446   0.0158323
           8     3.07687     2.96113   0.0207639
           9     2.96734     2.96182   0.0184683
          10     3.09103     2.97474   0.0206528
          11     3.06999      2.9834   0.0205103
          12     3.14964     2.99725   0.0230087
          13     3.01443     2.99857   0.0212767
          14     3.12277     3.00745    0.021527
          15     2.87149     2.99838   0.0219171
          16     3.06092     3.00229   0.0208929
          17     2.95589     2.99956   0.0198414
          18     2.77272     2.98696   0.0223863
          19      2.8983     2.98229    0.021689
          20     2.99398     2.98288   0.0206124
          21     3.09315     2.98813   0.0202887
          22     2.93067     2.98552   0.0195339
          23     2.86282     2.98018   0.0193993
          24     2.83647     2.97419   0.0194932
          25     3.12542     2.98024   0.0196297
          26     2.81273      2.9738   0.0199039
          27     2.89579     2.97091   0.0193753
          28     3.07397     2.97459   0.0190297
          29     2.77198     2.96761   0.0196141
          30     3.02385     2.96948   0.0190497
          31     3.09906     2.97366   0.0188882
          32     2.92126     2.97202   0.0183688
          33     2.94076     2.97108   0.0178366
          34     3.05227     2.97346   0.0174711
          35     2.67613     2.96497   0.0189249
          36     2.98767      2.9656   0.0184098
          37     2.90612     2.96399   0.0179822
          38     2.92527     2.96297   0.0175379
          39     2.88726     2.96103   0.0171953
          40      2.8727     2.95882   0.0169066
           0        -nan        -nan        -nan
           1     2.99526     2.99526           0
           2     2.95382     2.97454   0.0146533
           3     2.92742     2.95883   0.0161207
           4     2.85601     2.93313   0.0253331
           5     2.98226     2.94296   0.0220904
           6     2.94447     2.94321   0.0184101
           7     2.95292      2.9446   0.0158323
           8     3.07687     2.96113   0.0207639
           9     2.96734     2.96182   0.0184683
          10     3.09103     2.97474   0.0206528
          11     3.06999      2.9834   0.0205103
          12     3.14964     2.99725   0.0230087
          13     3.01443     2.99857   0.0212767
          14     3.12277     3.00745    0.021527
          15     2.87149     2.99838   0.0219171
          16     3.06092     3.00229   0.0208929
          17     2.95589     2.99956   0.0198414
          18     2.77272     2.98696   0.0223863
          19      2.8983     2.98229    0.021689
          20     2.99398     2.98288   0.0206124
          21     3.09315     2.98813   0.0202887
          22     2.93067     2.98552   0.0195339
          23     2.86282     2.98018   0.0193993
          24     2.83647     2.97419   0.0194932
          25     3.12542     2.98024   0.0196297
          26     2.81273      2.9738   0.0199039
          27     2.89579     2.97091   0.0193753
          28     3.07397     2.97459   0.0190297
          29     2.77198     2.96761   0.0196141
          30     3.02385     2.96948   0.0190497
          31     3.09906     2.97366   0.0188882
          32     2.92126     2.97202   0.0183688
          33     2.94076     2.97108   0.0178366
          34     3.05227     2.97346   0.0174711
          35     2.67613     2.96497   0.0189249
          36     2.98767      2.9656   0.0184098
          37     2.90612     2.96399   0.0179822
          38     2.92527     2.96297   0.0175379
          39     2.88726     2.96103   0.0171953
          40      2.8727     2.95882   0.0169066
