           0        -nan        -nan        -nan
           1    -0.64576    -0.64576           0
           2   -0.646416   -0.646088 0.000231931
           3   -0.646416   -0.646197 0.000178541
           4   -0.650744   -0.647334 0.000993448
           5   -0.648184   -0.647504 0.000809173
           6   -0.648152   -0.647612  0.00068148
           7   -0.649424   -0.647871 0.000631377
           8   -0.647768   -0.647858 0.000552586
           9   -0.646648   -0.647724 0.000507279
          10   -0.644792    -0.64743 0.000534589
          11   -0.649792   -0.647645 0.000527341
          12   -0.648488   -0.647715 0.000488051
          13   -0.644696   -0.647483 0.000502744
          14   -0.648568   -0.647561 0.000472769
          15   -0.644832   -0.647379 0.000474959
          16   -0.642456   -0.647071 0.000535734
          17   -0.646384   -0.647031 0.000505743
          18   -0.643032   -0.646808 0.000524168
          19   -0.649632   -0.646957 0.000517217
          20   -0.643248   -0.646772  0.00052355
           0        -nan        -nan        -nan
           1   -0.648184   -0.648184           0
           2   -0.648152   -0.648168 1.13137e-05
           3   -0.649424   -0.648587 0.000341923
           4   -0.647768   -0.648382 0.000311735
           5   -0.646648   -0.648035 0.000398008
           6   -0.644792   -0.647495 0.000594548
           7   -0.649792   -0.647823 0.000593319
           8   -0.648488   -0.647906 0.000524947
           9   -0.644696   -0.647549 0.000575161
          10   -0.648568   -0.647651 0.000526589
          11   -0.644832   -0.647395 0.000537479
          12   -0.642456   -0.646983 0.000630889
          13   -0.646384   -0.646937 0.000584041
          14   -0.643032   -0.646658 0.000605283
          15   -0.649632   -0.646857 0.000596514
          16   -0.643248   -0.646631 0.000600355
          17   -0.648024   -0.646713 0.000570605
          18   -0.648824    -0.64683 0.000550826
          19   -0.646968   -0.646837 0.000521882
          20   -0.648512   -0.646921  0.00050246
           0        -nan        -nan        -nan
           1    -0.64576    -0.64576           0
           2   -0.646416   -0.646088 0.000231931
           3   -0.646416   -0.646197 0.000178541
           4   -0.650744   -0.647334 0.000993448
           5   -0.648184   -0.647504 0.000809173
           6   -0.648152   -0.647612  0.00068148
           7   -0.649424   -0.647871 0.000631377
           8   -0.647768   -0.647858 0.000552586
           9   -0.646648   -0.647724 0.000507279
          10   -0.644792    -0.64743 0.000534589
          11   -0.649792   -0.647645 0.000527341
          12   -0.648488   -0.647715 0.000488051
          13   -0.644696   -0.647483 0.000502744
          14   -0.648568   -0.647561 0.000472769
          15   -0.644832   -0.647379 0.000474959
          16   -0.642456   -0.647071 0.000535734
          17   -0.646384   -0.647031 0.000505743
          18   -0.643032   -0.646808 0.000524168
          19   -0.649632   -0.646957 0.000517217
          20   -0.643248   -0.646772  0.00052355
           0        -nan        -nan        -nan
           1    -0.64576    -0.64576           0
           2   -0.646416   -0.646088 0.000231931
           3   -0.646416   -0.646197 0.000178541
           4   -0.650744   -0.647334 0.000993448
           5   -0.648184   -0.647504 0.000809173
           6   -0.648152   -0.647612  0.00068148
           7   -0.649424   -0.647871 0.000631377
           8   -0.647768   -0.647858 0.000552586
           9   -0.646648   -0.647724 0.000507279
          10   -0.644792    -0.64743 0.000534589
          11   -0.649792   -0.647645 0.000527341
          12   -0.648488   -0.647715 0.000488051
          13   -0.644696   -0.647483 0.000502744
          14   -0.648568   -0.647561 0.000472769
          15   -0.644832   -0.647379 0.000474959
          16   -0.642456   -0.647071 0.000535734
          17   -0.646384   -0.647031 0.000505743
          18   -0.643032   -0.646808 0.000524168
          19   -0.649632   -0.646957 0.000517217
          20   -0.643248   -0.646772  0.00052355
           0        -nan        -nan        -nan
           1    -0.64576    -0.64576           0
           2   -0.646416   -0.646088 0.000231931
           3   -0.646416   -0.646197 0.000178541
           4   -0.650744   -0.647334 0.000993448
           5   -0.648184   -0.647504 0.000809173
           6   -0.648152   -0.647612  0.00068148
           7   -0.649424   -0.647871 0.000631377
           8   -0.647768   -0.647858 0.000552586
           9   -0.646648   -0.647724 0.000507279
          10   -0.644792    -0.64743 0.000534589
          11   -0.649792   -0.647645 0.000527341
          12   -0.648488   -0.647715 0.000488051
          13   -0.644696   -0.647483 0.000502744
          14   -0.648568   -0.647561 0.000472769
          15   -0.644832   -0.647379 0.000474959
          16   -0.642456   -0.647071 0.000535734
          17   -0.646384   -0.647031 0.000505743
          18   -0.643032   -0.646808 0.000524168
          19   -0.649632   -0.646957 0.000517217
          20   -0.643248   -0.646772  0.00052355
          21   -0.648024   -0.646831 0.000502004
          22   -0.648824   -0.646922 0.000487289
          23   -0.646968   -0.646924 0.000466107
          24   -0.648512    -0.64699 0.000451359
          25   -0.645264   -0.646921 0.000438553
          26    -0.64204   -0.646733 0.000460114
          27   -0.643736   -0.646622 0.000456268
          28   -0.645672   -0.646588 0.000441233
          29   -0.648632   -0.646659 0.000431609
          30    -0.65036   -0.646782 0.000434498
          31    -0.64924   -0.646861 0.000427654
          32   -0.646648   -0.646855 0.000414342
          33   -0.647936   -0.646888  0.00040308
          34   -0.648624   -0.646939 0.000394447
          35   -0.647424   -0.646952 0.000383421
          36   -0.650248   -0.647044 0.000383542
          37   -0.646784   -0.647037 0.000373241
          38   -0.640856   -0.646874 0.000397284
          39   -0.647728   -0.646896 0.000387699
          40   -0.647368   -0.646908 0.000378186
           0        -nan        -nan        -nan
           1    -0.64576    -0.64576           0
           2   -0.646416   -0.646088 0.000231931
           3   -0.646416   -0.646197 0.000178541
           4   -0.650744   -0.647334 0.000993448
           5   -0.648184   -0.647504 0.000809173
           6   -0.648152   -0.647612  0.00068148
           7   -0.649424   -0.647871 0.000631377
           8   -0.647768   -0.647858 0.000552586
           9   -0.646648   -0.647724 0.000507279
          10   -0.644792    -0.64743 0.000534589
          11   -0.649792   -0.647645 0.000527341
          12   -0.648488   -0.647715 0.000488051
          13   -0.644696   -0.647483 0.000502744
          14   -0.648568   -0.647561 0.000472769
          15   -0.644832   -0.647379 0.000474959
          16   -0.642456   -0.647071 0.000535734
          17   -0.646384   -0.647031 0.000505743
          18   -0.643032   -0.646808 0.000524168
          19   -0.649632   -0.646957 0.000517217
          20   -0.643248   -0.646772  0.00052355
          21   -0.648024   -0.646831 0.000502004
          22   -0.648824   -0.646922 0.000487289
          23   -0.646968   -0.646924 0.000466107
          24   -0.648512    -0.64699 0.000451359
          25   -0.645264   -0.646921 0.000438553
          26    -0.64204   -0.646733 0.000460114
          27   -0.643736   -0.646622 0.000456268
          28   -0.645672   -0.646588 0.000441233
          29   -0.648632   -0.646659 0.000431609
          30    -0.65036   -0.646782 0.000434498
          31    -0.64924   -0.646861 0.000427654
          32   -0.646648   -0.646855 0.000414342
          33   -0.647936   -0.646888  0.00040308
          34   -0.648624   -0.646939 0.000394447
          35   -0.647424   -0.646952 0.000383421
          36   -0.650248   -0.647044 0.000383542
          37   -0.646784   -0.647037 0.000373241
          38   -0.640856   -0.646874 0.000397284
          39   -0.647728   -0.646896 0.000387699
          40   -0.647368   -0.646908 0.000378186
