           0        -nan        -nan        -nan
           1    0.035848    0.035848           0
           2    0.048004    0.041926   0.0042978
           3    0.044052   0.0426347  0.00292304
           4    0.038628    0.041633  0.00235767
           5    0.046952   0.0426968  0.00211254
           6    0.031444   0.0408213  0.00245567
           7    0.034284   0.0398874  0.00227553
           8    0.052528   0.0414675  0.00247971
           9    0.043364   0.0416782  0.00221313
          10     0.03674   0.0411844  0.00204617
          11    0.040456   0.0411182  0.00186122
          12    0.041584    0.041157  0.00170652
          13    0.039044   0.0409945  0.00158297
          14    0.037868   0.0407711  0.00148557
          15    0.037024   0.0405213  0.00140738
          16    0.043416   0.0407023    0.001331
          17    0.025148   0.0397873  0.00153531
          18    0.028672   0.0391698  0.00156929
          19     0.03038   0.0387072  0.00155339
          20    0.028112   0.0381774  0.00156345
           0        -nan        -nan        -nan
           1    0.046952    0.046952           0
           2    0.031444    0.039198  0.00548291
           3    0.034284     0.03756  0.00389226
           4    0.052528    0.041302  0.00436161
           5    0.043364   0.0417144  0.00350873
           6     0.03674   0.0408853   0.0030203
           7    0.040456    0.040824  0.00258945
           8    0.041584    0.040919  0.00226751
           9    0.039044   0.0407107  0.00202512
          10    0.037868   0.0404264  0.00184245
          11    0.037024   0.0401171  0.00170072
          12    0.043416    0.040392  0.00158105
          13    0.025148   0.0392194  0.00184369
          14    0.028672    0.038466  0.00185957
          15     0.03038   0.0379269  0.00181205
          16    0.028112   0.0373135  0.00179963
          17    0.020084      0.0363  0.00195848
          18    0.051008   0.0371171  0.00201292
          19     0.03796   0.0371615  0.00190747
          20     0.04916   0.0377614   0.0019041
           0        -nan        -nan        -nan
           1    0.035848    0.035848           0
           2    0.048004    0.041926   0.0042978
           3    0.044052   0.0426347  0.00292304
           4    0.038628    0.041633  0.00235767
           5    0.046952   0.0426968  0.00211254
           6    0.031444   0.0408213  0.00245567
           7    0.034284   0.0398874  0.00227553
           8    0.052528   0.0414675  0.00247971
           9    0.043364   0.0416782  0.00221313
          10     0.03674   0.0411844  0.00204617
          11    0.040456   0.0411182  0.00186122
          12    0.041584    0.041157  0.00170652
          13    0.039044   0.0409945  0.00158297
          14    0.037868   0.0407711  0.00148557
          15    0.037024   0.0405213  0.00140738
          16    0.043416   0.0407023    0.001331
          17    0.025148   0.0397873  0.00153531
          18    0.028672   0.0391698  0.00156929
          19     0.03038   0.0387072  0.00155339
          20    0.028112   0.0381774  0.00156345
           0        -nan        -nan        -nan
           1    0.048004    0.048004           0
           2    0.044052    0.046028  0.00139724
           3    0.038628   0.0435613    0.002219
           4    0.046952    0.044409  0.00181897
           5    0.031444    0.041816  0.00273796
           6    0.034284   0.0405607  0.00255325
           7    0.052528   0.0422703  0.00270089
           8    0.043364    0.042407  0.00236673
           9     0.03674   0.0417773  0.00218592
          10    0.040456   0.0416452  0.00197132
          11    0.041584   0.0416396  0.00179211
          12    0.039044   0.0414233  0.00165577
          13    0.037868   0.0411498  0.00155083
          14    0.037024   0.0408551  0.00146779
          15    0.043416   0.0410259  0.00137983
          16    0.025148   0.0400335   0.0016114
          17    0.028672   0.0393652  0.00164939
          18     0.03038    0.038866  0.00163155
          19    0.028112      0.0383  0.00164092
          20    0.020084   0.0373892  0.00179392
           0        -nan        -nan        -nan
           1    0.051008    0.051008           0
           2     0.03796    0.044484  0.00461316
           3     0.04916   0.0460427  0.00332836
           4    0.039264    0.044348  0.00289574
           5    0.036344   0.0427472  0.00272335
           6    0.034092   0.0413047  0.00262384
           7     0.01912   0.0381354  0.00369692
           8    0.022628    0.036197  0.00370834
           9    0.051232   0.0378676  0.00365326
          10    0.043832    0.038464  0.00333626
          11      0.0248   0.0372218  0.00325601
          12    0.033136   0.0368813  0.00300243
          13    0.038168   0.0369803   0.0027731
          14    0.033612   0.0367397  0.00258544
          15    0.043352   0.0371805  0.00245037
          16    0.032232   0.0368712  0.00231666
          17    0.021188   0.0359487  0.00235693
          18    0.030256   0.0356324   0.0022471
          19     0.04436   0.0360918  0.00217528
          20    0.049424   0.0367584  0.00216625
          21     0.02928   0.0364023  0.00209216
          22    0.038072   0.0364782  0.00199844
          23    0.033148   0.0363334  0.00191679
          24    0.027968   0.0359848  0.00186834
          25    0.031532   0.0358067  0.00180208
          26     0.03974    0.035958  0.00173911
          27    0.036156   0.0359653  0.00167471
          28    0.046752   0.0363506  0.00165862
          29    0.026508   0.0360112  0.00163578
          30    0.036228   0.0360184  0.00158127
          31    0.029292   0.0358014  0.00154508
          32      0.0421   0.0359982  0.00150928
          33    0.034928   0.0359658  0.00146389
          34     0.04162   0.0361321  0.00143025
          35    0.054088   0.0366451  0.00147854
          36     0.04474     0.03687  0.00145446
          37    0.024688   0.0365408  0.00145194
          38    0.049128    0.036872  0.00145102
          39    0.036216   0.0368552  0.00141392
          40     0.02588   0.0365808  0.00140494
