           0        -nan        -nan        -nan
           1    0.200717    0.200717           0
           2    0.200045    0.200381 0.000237587
           3    0.201774    0.200845 0.000410902
           4    0.193322    0.198964  0.00165773
           5    0.191735    0.197519  0.00185234
           6    0.195053    0.197108  0.00158855
           7    0.195223    0.196838  0.00138423
           8    0.192786    0.196332  0.00130061
           9    0.196364    0.196335  0.00115611
          10    0.202337    0.196936   0.0011861
          11    0.199133    0.197135  0.00109496
          12    0.190477     0.19658  0.00113564
          13    0.199386    0.196796   0.0010686
          14    0.200629     0.19707  0.00102674
          15    0.199163     0.19721 0.000967727
          16    0.199088    0.197327 0.000914335
          17    0.198271    0.197383 0.000862235
          18    0.199637    0.197508 0.000823383
          19    0.196375    0.197448 0.000782201
          20     0.19067    0.197109 0.000813211
           0        -nan        -nan        -nan
           1    0.191735    0.191735           0
           2    0.195053    0.193394  0.00117302
           3    0.195223    0.194004 0.000927053
           4    0.192786    0.193699 0.000743643
           5    0.196364    0.194232 0.000762299
           6    0.202337    0.195583  0.00138716
           7    0.199133     0.19609  0.00127832
           8    0.190477    0.195388  0.00129689
           9    0.199386    0.195833  0.00122651
          10    0.200629    0.196312  0.00119396
          11    0.199163    0.196571   0.0011132
          12    0.199088    0.196781  0.00103999
          13    0.198271    0.196896 0.000966287
          14    0.199637    0.197092 0.000916896
          15    0.196375    0.197044 0.000857011
          16     0.19067    0.196645 0.000891248
          17    0.198923    0.196779 0.000848831
          18    0.195731    0.196721 0.000803669
          19    0.194345    0.196596  0.00077104
          20    0.197317    0.196632  0.00073333
           0        -nan        -nan        -nan
           1    0.200717    0.200717           0
           2    0.200045    0.200381 0.000237587
           3    0.201774    0.200845 0.000410902
           4    0.193322    0.198964  0.00165773
           5    0.191735    0.197519  0.00185234
           6    0.195053    0.197108  0.00158855
           7    0.195223    0.196838  0.00138423
           8    0.192786    0.196332  0.00130061
           9    0.196364    0.196335  0.00115611
          10    0.202337    0.196936   0.0011861
          11    0.199133    0.197135  0.00109496
          12    0.190477     0.19658  0.00113564
          13    0.199386    0.196796   0.0010686
          14    0.200629     0.19707  0.00102674
          15    0.199163     0.19721 0.000967727
          16    0.199088    0.197327 0.000914335
          17    0.198271    0.197383 0.000862235
          18    0.199637    0.197508 0.000823383
          19    0.196375    0.197448 0.000782201
          20     0.19067    0.197109 0.000813211
           0        -nan        -nan        -nan
           1    0.200717    0.200717           0
           2    0.200045    0.200381 0.000237587
           3    0.201774    0.200845 0.000410902
           4    0.193322    0.198964  0.00165773
           5    0.191735    0.197519  0.00185234
           6    0.195053    0.197108  0.00158855
           7    0.195223    0.196838  0.00138423
           8    0.192786    0.196332  0.00130061
           9    0.196364    0.196335  0.00115611
          10    0.202337    0.196936   0.0011861
          11    0.199133    0.197135  0.00109496
          12    0.190477     0.19658  0.00113564
          13    0.199386    0.196796   0.0010686
          14    0.200629     0.19707  0.00102674
          15    0.199163     0.19721 0.000967727
          16    0.199088    0.197327 0.000914335
          17    0.198271    0.197383 0.000862235
          18    0.199637    0.197508 0.000823383
          19    0.196375    0.197448 0.000782201
          20     0.19067    0.197109 0.000813211
           0        -nan        -nan        -nan
           1    0.200717    0.200717           0
           2    0.200045    0.200381 0.000237587
           3    0.201774    0.200845 0.000410902
           4    0.193322    0.198964  0.00165773
           5    0.191735    0.197519  0.00185234
           6    0.195053    0.197108  0.00158855
           7    0.195223    0.196838  0.00138423
           8    0.192786    0.196332  0.00130061
           9    0.196364    0.196335  0.00115611
          10    0.202337    0.196936   0.0011861
          11    0.199133    0.197135  0.00109496
          12    0.190477     0.19658  0.00113564
          13    0.199386    0.196796   0.0010686
          14    0.200629     0.19707  0.00102674
          15    0.199163     0.19721 0.000967727
          16    0.199088    0.197327 0.000914335
          17    0.198271    0.197383 0.000862235
          18    0.199637    0.197508 0.000823383
          19    0.196375    0.197448 0.000782201
          20     0.19067    0.197109 0.000813211
          21    0.198923    0.197196  0.00077906
          22    0.195731    0.197129 0.000746486
          23    0.194345    0.197008 0.000723778
          24    0.197317    0.197021 0.000693735
          25    0.194728    0.196929 0.000672021
          26    0.193375    0.196792 0.000659934
          27    0.195144    0.196731 0.000638309
          28    0.202089    0.196923 0.000643551
          29    0.194461    0.196838 0.000626933
          30     0.20053    0.196961 0.000617994
          31    0.198462    0.197009 0.000599952
          32    0.199019    0.197072 0.000584481
          33    0.200578    0.197178 0.000576343
          34    0.200222    0.197268 0.000566299
          35    0.200472    0.197359  0.00055747
          36    0.196867    0.197346 0.000542153
          37    0.195796    0.197304 0.000529115
          38    0.190579    0.197127  0.00054398
          39    0.195722    0.197091 0.000531223
          40    0.199778    0.197158 0.000522171
           0        -nan        -nan        -nan
           1    0.200717    0.200717           0
           2    0.200045    0.200381 0.000237587
           3    0.201774    0.200845 0.000410902
           4    0.193322    0.198964  0.00165773
           5    0.191735    0.197519  0.00185234
           6    0.195053    0.197108  0.00158855
           7    0.195223    0.196838  0.00138423
           8    0.192786    0.196332  0.00130061
           9    0.196364    0.196335  0.00115611
          10    0.202337    0.196936   0.0011861
          11    0.199133    0.197135  0.00109496
          12    0.190477     0.19658  0.00113564
          13    0.199386    0.196796   0.0010686
          14    0.200629     0.19707  0.00102674
          15    0.199163     0.19721 0.000967727
          16    0.199088    0.197327 0.000914335
          17    0.198271    0.197383 0.000862235
          18    0.199637    0.197508 0.000823383
          19    0.196375    0.197448 0.000782201
          20     0.19067    0.197109 0.000813211
          21    0.198923    0.197196  0.00077906
          22    0.195731    0.197129 0.000746486
          23    0.194345    0.197008 0.000723778
          24    0.197317    0.197021 0.000693735
          25    0.194728    0.196929 0.000672021
          26    0.193375    0.196792 0.000659934
          27    0.195144    0.196731 0.000638309
          28    0.202089    0.196923 0.000643551
          29    0.194461    0.196838 0.000626933
          30     0.20053    0.196961 0.000617994
          31    0.198462    0.197009 0.000599952
          32    0.199019    0.197072 0.000584481
          33    0.200578    0.197178 0.000576343
          34    0.200222    0.197268 0.000566299
          35    0.200472    0.197359  0.00055747
          36    0.196867    0.197346 0.000542153
          37    0.195796    0.197304 0.000529115
          38    0.190579    0.197127  0.00054398
          39    0.195722    0.197091 0.000531223
          40    0.199778    0.197158 0.000522171
