           0        -nan        -nan        -nan
           1     1.65728     1.65728           0
           2     1.70416     1.68072   0.0165746
           3     1.70386     1.68843   0.0127188
           4     1.67321     1.68462   0.0100923
           5     1.72418     1.69254   0.0107354
           6     1.61869     1.68023   0.0143615
           7     1.58332     1.66638    0.017771
           8     1.71946     1.67302   0.0167424
           9     1.66442     1.67206   0.0149094
          10     1.65485     1.67034   0.0135174
          11     1.72679     1.67547   0.0132268
          12     1.67496     1.67543   0.0121247
          13     1.71607     1.67856   0.0115879
          14     1.63217     1.67524   0.0112238
          15     1.71328     1.67778   0.0107583
          16      1.6766     1.67771   0.0100861
          17     1.71025     1.67962  0.00967279
          18     1.64263     1.67757  0.00935116
          19     1.66078     1.67668  0.00890061
          20     1.67229     1.67646  0.00845829
           0        -nan        -nan        -nan
           1     1.72418     1.72418           0
           2     1.61869     1.67144   0.0372944
           3     1.58332     1.64206   0.0345442
           4     1.71946     1.66141   0.0308551
           5     1.66442     1.66202     0.02469
           6     1.65485     1.66082   0.0206038
           7     1.72679     1.67025   0.0196982
           8     1.67496     1.67083   0.0172447
           9     1.71607     1.67586   0.0160443
          10     1.63217     1.67149   0.0150229
          11     1.71328     1.67529   0.0141294
          12      1.6766      1.6754   0.0129524
          13     1.71025     1.67808   0.0122303
          14     1.64263     1.67555   0.0116159
          15     1.66078     1.67456   0.0108831
          16     1.67229     1.67442   0.0102038
          17     1.68838     1.67524  0.00963661
          18     1.68216     1.67563   0.0091089
          19     1.62613     1.67302  0.00899426
          20     1.63679     1.67121  0.00872508
           0        -nan        -nan        -nan
           1     1.65728     1.65728           0
           2     1.70416     1.68072   0.0165746
           3     1.70386     1.68843   0.0127188
           4     1.67321     1.68462   0.0100923
           5     1.72418     1.69254   0.0107354
           6     1.61869     1.68023   0.0143615
           7     1.58332     1.66638    0.017771
           8     1.71946     1.67302   0.0167424
           9     1.66442     1.67206   0.0149094
          10     1.65485     1.67034   0.0135174
          11     1.72679     1.67547   0.0132268
          12     1.67496     1.67543   0.0121247
          13     1.71607     1.67856   0.0115879
          14     1.63217     1.67524   0.0112238
          15     1.71328     1.67778   0.0107583
          16      1.6766     1.67771   0.0100861
          17     1.71025     1.67962  0.00967279
          18     1.64263     1.67757  0.00935116
          19     1.66078     1.67668  0.00890061
          20     1.67229     1.67646  0.00845829
           0        -nan        -nan        -nan
           1     1.65728     1.65728           0
           2     1.70416     1.68072   0.0165746
           3     1.70386     1.68843   0.0127188
           4     1.67321     1.68462   0.0100923
           5     1.72418     1.69254   0.0107354
           6     1.61869     1.68023   0.0143615
           7     1.58332     1.66638    0.017771
           8     1.71946     1.67302   0.0167424
           9     1.66442     1.67206   0.0149094
          10     1.65485     1.67034   0.0135174
          11     1.72679     1.67547   0.0132268
          12     1.67496     1.67543   0.0121247
          13     1.71607     1.67856   0.0115879
          14     1.63217     1.67524   0.0112238
          15     1.71328     1.67778   0.0107583
          16      1.6766     1.67771   0.0100861
          17     1.71025     1.67962  0.00967279
          18     1.64263     1.67757  0.00935116
          19     1.66078     1.67668  0.00890061
          20     1.67229     1.67646  0.00845829
           0        -nan        -nan        -nan
           1     1.65728     1.65728           0
           2     1.70416     1.68072   0.0165746
           3     1.70386     1.68843   0.0127188
           4     1.67321     1.68462   0.0100923
           5     1.72418     1.69254   0.0107354
           6     1.61869     1.68023   0.0143615
           7     1.58332     1.66638    0.017771
           8     1.71946     1.67302   0.0167424
           9     1.66442     1.67206   0.0149094
          10     1.65485     1.67034   0.0135174
          11     1.72679     1.67547   0.0132268
          12     1.67496     1.67543   0.0121247
          13     1.71607     1.67856   0.0115879
          14     1.63217     1.67524   0.0112238
          15     1.71328     1.67778   0.0107583
          16      1.6766     1.67771   0.0100861
          17     1.71025     1.67962  0.00967279
          18     1.64263     1.67757  0.00935116
          19     1.66078     1.67668  0.00890061
          20     1.67229     1.67646  0.00845829
          21     1.68838     1.67703  0.00807453
          22     1.68216     1.67726  0.00771087
          23     1.62613     1.67504   0.0076894
          24     1.63679     1.67345  0.00753236
          25     1.70633     1.67476    0.007345
          26     1.63649     1.67329  0.00720847
          27     1.60756     1.67086  0.00734107
          28     1.68734     1.67144  0.00710245
          29      1.5925     1.66872  0.00736079
          30     1.74948     1.67141  0.00759172
          31     1.66736     1.67128  0.00734796
          32     1.63829     1.67025  0.00719031
          33     1.79379       1.674  0.00788698
          34     1.67219     1.67394  0.00765519
          35      1.5824     1.67133  0.00787061
          36     1.68474      1.6717   0.0076608
          37     1.72056     1.67302  0.00756673
          38     1.65761     1.67261  0.00737846
          39     1.69411     1.67317  0.00720982
          40     1.61485     1.67171  0.00717547
