           0        -nan        -nan        -nan
           1    0.272107    0.272107           0
           2     0.26916    0.270633  0.00104189
           3    0.279003    0.273423  0.00238149
           4    0.269331      0.2724  0.00199384
           5     0.26782    0.271484  0.00179318
           6     0.26829    0.270952  0.00157137
           7    0.271229    0.270991  0.00134739
           8    0.265113    0.270257   0.0013647
           9    0.267339    0.269932  0.00125099
          10    0.269132    0.269852  0.00112844
          11    0.278316    0.270622  0.00126116
          12     0.26354    0.270032  0.00128677
          13    0.266145    0.269733  0.00122202
          14    0.278286    0.270344  0.00127838
          15    0.276433     0.27075  0.00125595
          16    0.275782    0.271064   0.0012162
          17    0.271995    0.271119  0.00114589
          18     0.27094    0.271109  0.00108228
          19    0.270218    0.271062  0.00102633
          20    0.267398    0.270879 0.000991225
           0        -nan        -nan        -nan
           1     0.26782     0.26782           0
           2     0.26829    0.268055 0.000166071
           3    0.271229    0.269113 0.000871057
           4    0.265113    0.268113  0.00108485
           5    0.267339    0.267958  0.00087886
           6    0.269132    0.268154  0.00075385
           7    0.278316    0.269606  0.00149125
           8     0.26354    0.268847  0.00148515
           9    0.266145    0.268547  0.00135014
          10    0.278286    0.269521  0.00152651
          11    0.276433    0.270149  0.00151152
          12    0.275782    0.270619  0.00145663
          13    0.271995    0.270725  0.00134843
          14     0.27094     0.27074   0.0012522
          15    0.270218    0.270705   0.0011692
          16    0.267398    0.270499  0.00111424
          17     0.27111    0.270535  0.00104928
          18    0.270744    0.270546 0.000991051
          19    0.268936    0.270461 0.000942505
          20     0.27065    0.270471 0.000895427
           0        -nan        -nan        -nan
           1    0.272107    0.272107           0
           2     0.26916    0.270633  0.00104189
           3    0.279003    0.273423  0.00238149
           4    0.269331      0.2724  0.00199384
           5     0.26782    0.271484  0.00179318
           6     0.26829    0.270952  0.00157137
           7    0.271229    0.270991  0.00134739
           8    0.265113    0.270257   0.0013647
           9    0.267339    0.269932  0.00125099
          10    0.269132    0.269852  0.00112844
          11    0.278316    0.270622  0.00126116
          12     0.26354    0.270032  0.00128677
          13    0.266145    0.269733  0.00122202
          14    0.278286    0.270344  0.00127838
          15    0.276433     0.27075  0.00125595
          16    0.275782    0.271064   0.0012162
          17    0.271995    0.271119  0.00114589
          18     0.27094    0.271109  0.00108228
          19    0.270218    0.271062  0.00102633
          20    0.267398    0.270879 0.000991225
           0        -nan        -nan        -nan
           1    0.272107    0.272107           0
           2     0.26916    0.270633  0.00104189
           3    0.279003    0.273423  0.00238149
           4    0.269331      0.2724  0.00199384
           5     0.26782    0.271484  0.00179318
           6     0.26829    0.270952  0.00157137
           7    0.271229    0.270991  0.00134739
           8    0.265113    0.270257   0.0013647
           9    0.267339    0.269932  0.00125099
          10    0.269132    0.269852  0.00112844
          11    0.278316    0.270622  0.00126116
          12     0.26354    0.270032  0.00128677
          13    0.266145    0.269733  0.00122202
          14    0.278286    0.270344  0.00127838
          15    0.276433     0.27075  0.00125595
          16    0.275782    0.271064   0.0012162
          17    0.271995    0.271119  0.00114589
          18     0.27094    0.271109  0.00108228
          19    0.270218    0.271062  0.00102633
          20    0.267398    0.270879 0.000991225
           0        -nan        -nan        -nan
           1    0.272107    0.272107           0
           2     0.26916    0.270633  0.00104189
           3    0.279003    0.273423  0.00238149
           4    0.269331      0.2724  0.00199384
           5     0.26782    0.271484  0.00179318
           6     0.26829    0.270952  0.00157137
           7    0.271229    0.270991  0.00134739
           8    0.265113    0.270257   0.0013647
           9    0.267339    0.269932  0.00125099
          10    0.269132    0.269852  0.00112844
          11    0.278316    0.270622  0.00126116
          12     0.26354    0.270032  0.00128677
          13    0.266145    0.269733  0.00122202
          14    0.278286    0.270344  0.00127838
          15    0.276433     0.27075  0.00125595
          16    0.275782    0.271064   0.0012162
          17    0.271995    0.271119  0.00114589
          18     0.27094    0.271109  0.00108228
          19    0.270218    0.271062  0.00102633
          20    0.267398    0.270879 0.000991225
          21     0.27111     0.27089 0.000944085
          22    0.270744    0.270883 0.000901196
          23    0.268936    0.270799 0.000865979
          24     0.27065    0.270792 0.000829919
          25    0.273515    0.270901 0.000803834
          26    0.266704     0.27074 0.000788959
          27    0.267172    0.270608 0.000770726
          28    0.268545    0.270534 0.000746711
          29    0.270142    0.270521 0.000721085
          30    0.267151    0.270408 0.000705741
          31    0.267632    0.270319 0.000688633
          32    0.268122     0.27025 0.000670526
          33    0.273359    0.270344  0.00065679
          34     0.26319    0.270134 0.000670329
          35    0.271813    0.270182 0.000652891
          36     0.26646    0.270078  0.00064289
          37    0.267536     0.27001 0.000629175
          38    0.265079     0.26988 0.000625855
          39    0.273393     0.26997 0.000616256
          40    0.277719    0.270164 0.000630565
           0        -nan        -nan        -nan
           1    0.272107    0.272107           0
           2     0.26916    0.270633  0.00104189
           3    0.279003    0.273423  0.00238149
           4    0.269331      0.2724  0.00199384
           5     0.26782    0.271484  0.00179318
           6     0.26829    0.270952  0.00157137
           7    0.271229    0.270991  0.00134739
           8    0.265113    0.270257   0.0013647
           9    0.267339    0.269932  0.00125099
          10    0.269132    0.269852  0.00112844
          11    0.278316    0.270622  0.00126116
          12     0.26354    0.270032  0.00128677
          13    0.266145    0.269733  0.00122202
          14    0.278286    0.270344  0.00127838
          15    0.276433     0.27075  0.00125595
          16    0.275782    0.271064   0.0012162
          17    0.271995    0.271119  0.00114589
          18     0.27094    0.271109  0.00108228
          19    0.270218    0.271062  0.00102633
          20    0.267398    0.270879 0.000991225
          21     0.27111     0.27089 0.000944085
          22    0.270744    0.270883 0.000901196
          23    0.268936    0.270799 0.000865979
          24     0.27065    0.270792 0.000829919
          25    0.273515    0.270901 0.000803834
          26    0.266704     0.27074 0.000788959
          27    0.267172    0.270608 0.000770726
          28    0.268545    0.270534 0.000746711
          29    0.270142    0.270521 0.000721085
          30    0.267151    0.270408 0.000705741
          31    0.267632    0.270319 0.000688633
          32    0.268122     0.27025 0.000670526
          33    0.273359    0.270344  0.00065679
          34     0.26319    0.270134 0.000670329
          35    0.271813    0.270182 0.000652891
          36     0.26646    0.270078  0.00064289
          37    0.267536     0.27001 0.000629175
          38    0.265079     0.26988 0.000625855
          39    0.273393     0.26997 0.000616256
          40    0.277719    0.270164 0.000630565
