           0        -nan        -nan        -nan
           1     9.22751     9.22751           0
           2     9.20661     9.21706  0.00738848
           3     11.0514     9.82851    0.499269
           4     8.80567      9.5728    0.435034
           5     9.76834     9.61191    0.349781
           6       9.825     9.64742    0.293281
           7      10.824      9.8155     0.29565
           8     10.8504     9.94487    0.285598
           9     11.2361     10.0883    0.287653
          10     9.52588     10.0321    0.264329
          11     9.74187     10.0057    0.241613
          12     9.37653     9.95328    0.227096
          13     11.1295     10.0438    0.226937
          14     10.5043     10.0767    0.213098
          15     9.93043     10.0669    0.199114
          16     11.4586     10.1539    0.204788
          17     10.5969     10.1799    0.194392
          18     9.70228     10.1534    0.185395
          19     10.4641     10.1698    0.176357
          20     9.56228     10.1394    0.170135
           0        -nan        -nan        -nan
           1     9.76834     9.76834           0
           2       9.825     9.79667   0.0200347
           3      10.824     10.1391    0.279918
           4     10.8504     10.3169    0.260368
           5     11.2361     10.5008    0.265373
           6     9.52588     10.3383     0.26628
           7     9.74187     10.2531    0.241487
           8     9.37653     10.1435    0.234847
           9     11.1295     10.2531    0.232909
          10     10.5043     10.2782    0.210968
          11     9.93043     10.2466    0.194144
          12     11.4586     10.3476     0.20254
          13     10.5969     10.3668    0.187866
          14     9.70228     10.3193    0.180343
          15     10.4641     10.3289    0.168578
          16     9.56228      10.281    0.164711
          17     9.75195     10.2499    0.157935
          18     10.5962     10.2691    0.150328
          19     8.60433     10.1815    0.165999
          20     9.14201     10.1295    0.165637
           0        -nan        -nan        -nan
           1     9.22751     9.22751           0
           2     9.20661     9.21706  0.00738848
           3     11.0514     9.82851    0.499269
           4     8.80567      9.5728    0.435034
           5     9.76834     9.61191    0.349781
           6       9.825     9.64742    0.293281
           7      10.824      9.8155     0.29565
           8     10.8504     9.94487    0.285598
           9     11.2361     10.0883    0.287653
          10     9.52588     10.0321    0.264329
          11     9.74187     10.0057    0.241613
          12     9.37653     9.95328    0.227096
          13     11.1295     10.0438    0.226937
          14     10.5043     10.0767    0.213098
          15     9.93043     10.0669    0.199114
          16     11.4586     10.1539    0.204788
          17     10.5969     10.1799    0.194392
          18     9.70228     10.1534    0.185395
          19     10.4641     10.1698    0.176357
          20     9.56228     10.1394    0.170135
           0        -nan        -nan        -nan
           1     9.22751     9.22751           0
           2     9.20661     9.21706  0.00738848
           3     11.0514     9.82851    0.499269
           4     8.80567      9.5728    0.435034
           5     9.76834     9.61191    0.349781
           6       9.825     9.64742    0.293281
           7      10.824      9.8155     0.29565
           8     10.8504     9.94487    0.285598
           9     11.2361     10.0883    0.287653
          10     9.52588     10.0321    0.264329
          11     9.74187     10.0057    0.241613
          12     9.37653     9.95328    0.227096
          13     11.1295     10.0438    0.226937
          14     10.5043     10.0767    0.213098
          15     9.93043     10.0669    0.199114
          16     11.4586     10.1539    0.204788
          17     10.5969     10.1799    0.194392
          18     9.70228     10.1534    0.185395
          19     10.4641     10.1698    0.176357
          20     9.56228     10.1394    0.170135
           0        -nan        -nan        -nan
           1     9.22751     9.22751           0
           2     9.20661     9.21706  0.00738848
           3     11.0514     9.82851    0.499269
           4     8.80567      9.5728    0.435034
           5     9.76834     9.61191    0.349781
           6       9.825     9.64742    0.293281
           7      10.824      9.8155     0.29565
           8     10.8504     9.94487    0.285598
           9     11.2361     10.0883    0.287653
          10     9.52588     10.0321    0.264329
          11     9.74187     10.0057    0.241613
          12     9.37653     9.95328    0.227096
          13     11.1295     10.0438    0.226937
          14     10.5043     10.0767    0.213098
          15     9.93043     10.0669    0.199114
          16     11.4586     10.1539    0.204788
          17     10.5969     10.1799    0.194392
          18     9.70228     10.1534    0.185395
          19     10.4641     10.1698    0.176357
          20     9.56228     10.1394    0.170135
          21     9.75195     10.1209     0.16303
          22     10.5962     10.1425    0.157045
          23     8.60433     10.0757    0.163839
          24     9.14201     10.0368    0.161565
          25     10.2859     10.0467     0.15541
          26      11.053     10.0854    0.154176
          27     9.86899     10.0774    0.148674
          28     10.2604     10.0839    0.143508
          29     9.85994     10.0762    0.138767
          30     11.3497     10.1187    0.140484
          31     10.5378     10.1322    0.136601
          32      10.643     10.1481    0.133262
          33     9.80265     10.1377    0.129634
          34     8.91568     10.1017    0.130709
          35     11.3771     10.1382    0.131956
          36     10.1019     10.1372    0.128294
          37     8.59148     10.0954    0.131452
          38     8.21788      10.046    0.136964
          39     9.45191     10.0308    0.134297
          40     10.6047     10.0451    0.131703
           0        -nan        -nan        -nan
           1     9.22751     9.22751           0
           2     9.20661     9.21706  0.00738848
           3     11.0514     9.82851    0.499269
           4     8.80567      9.5728    0.435034
           5     9.76834     9.61191    0.349781
           6       9.825     9.64742    0.293281
           7      10.824      9.8155     0.29565
           8     10.8504     9.94487    0.285598
           9     11.2361     10.0883    0.287653
          10     9.52588     10.0321    0.264329
          11     9.74187     10.0057    0.241613
          12     9.37653     9.95328    0.227096
          13     11.1295     10.0438    0.226937
          14     10.5043     10.0767    0.213098
          15     9.93043     10.0669    0.199114
          16     11.4586     10.1539    0.204788
          17     10.5969     10.1799    0.194392
          18     9.70228     10.1534    0.185395
          19     10.4641     10.1698    0.176357
          20     9.56228     10.1394    0.170135
          21     9.75195     10.1209     0.16303
          22     10.5962     10.1425    0.157045
          23     8.60433     10.0757    0.163839
          24     9.14201     10.0368    0.161565
          25     10.2859     10.0467     0.15541
          26      11.053     10.0854    0.154176
          27     9.86899     10.0774    0.148674
          28     10.2604     10.0839    0.143508
          29     9.85994     10.0762    0.138767
          30     11.3497     10.1187    0.140484
          31     10.5378     10.1322    0.136601
          32      10.643     10.1481    0.133262
          33     9.80265     10.1377    0.129634
          34     8.91568     10.1017    0.130709
          35     11.3771     10.1382    0.131956
          36     10.1019     10.1372    0.128294
          37     8.59148     10.0954    0.131452
          38     8.21788      10.046    0.136964
          39     9.45191     10.0308    0.134297
          40     10.6047     10.0451    0.131703
