           0        -nan        -nan        -nan
           1    0.416381    0.416381           0
           2    0.421168    0.418774  0.00169265
           3    0.431582    0.423044  0.00366378
           4    0.410885    0.420004  0.00380526
           5    0.427058    0.421415  0.00329535
           6    0.396515    0.417265  0.00467901
           7    0.414513    0.416872  0.00402706
           8     0.40783    0.415741  0.00367885
           9    0.430632    0.417396  0.00362308
          10    0.422025    0.417859  0.00329021
          11     0.41186    0.417314  0.00303596
          12    0.408171    0.416552  0.00287698
          13    0.422888    0.417039  0.00269664
          14    0.414863    0.416884   0.0025085
          15    0.413184    0.416637  0.00235336
          16    0.431496    0.417566  0.00238248
          17    0.406765     0.41693   0.0023255
          18    0.425024     0.41738  0.00223935
          19    0.415986    0.417307   0.0021227
          20     0.40064    0.416473  0.00217398
           0        -nan        -nan        -nan
           1    0.427058    0.427058           0
           2    0.396515    0.411786   0.0107985
           3    0.414513    0.412695  0.00723717
           4     0.40783    0.411479  0.00552913
           5    0.430632     0.41531  0.00559505
           6    0.422025    0.416429  0.00477317
           7     0.41186    0.415776  0.00413567
           8    0.408171    0.414825  0.00372638
           9    0.422888    0.415721  0.00341832
          10    0.414863    0.415635  0.00307757
          11    0.413184    0.415413  0.00280584
          12    0.431496    0.416753  0.00287436
          13    0.406765    0.415985  0.00275402
          14    0.425024     0.41663   0.0026319
          15    0.415986    0.416587  0.00245679
          16     0.40064    0.415591  0.00249724
          17    0.403902    0.414903  0.00244316
          18    0.425598    0.415497  0.00237858
          19    0.414217     0.41543  0.00225435
          20    0.409048    0.415111   0.0021641
           0        -nan        -nan        -nan
           1    0.416381    0.416381           0
           2    0.421168    0.418774  0.00169265
           3    0.431582    0.423044  0.00366378
           4    0.410885    0.420004  0.00380526
           5    0.427058    0.421415  0.00329535
           6    0.396515    0.417265  0.00467901
           7    0.414513    0.416872  0.00402706
           8     0.40783    0.415741  0.00367885
           9    0.430632    0.417396  0.00362308
          10    0.422025    0.417859  0.00329021
          11     0.41186    0.417314  0.00303596
          12    0.408171    0.416552  0.00287698
          13    0.422888    0.417039  0.00269664
          14    0.414863    0.416884   0.0025085
          15    0.413184    0.416637  0.00235336
          16    0.431496    0.417566  0.00238248
          17    0.406765     0.41693   0.0023255
          18    0.425024     0.41738  0.00223935
          19    0.415986    0.417307   0.0021227
          20     0.40064    0.416473  0.00217398
           0        -nan        -nan        -nan
           1    0.416381    0.416381           0
           2    0.421168    0.418774  0.00169265
           3    0.431582    0.423044  0.00366378
           4    0.410885    0.420004  0.00380526
           5    0.427058    0.421415  0.00329535
           6    0.396515    0.417265  0.00467901
           7    0.414513    0.416872  0.00402706
           8     0.40783    0.415741  0.00367885
           9    0.430632    0.417396  0.00362308
          10    0.422025    0.417859  0.00329021
          11     0.41186    0.417314  0.00303596
          12    0.408171    0.416552  0.00287698
          13    0.422888    0.417039  0.00269664
          14    0.414863    0.416884   0.0025085
          15    0.413184    0.416637  0.00235336
          16    0.431496    0.417566  0.00238248
          17    0.406765     0.41693   0.0023255
          18    0.425024     0.41738  0.00223935
          19    0.415986    0.417307   0.0021227
          20     0.40064    0.416473  0.00217398
           0        -nan        -nan        -nan
           1    0.416381    0.416381           0
           2    0.421168    0.418774  0.00169265
           3    0.431582    0.423044  0.00366378
           4    0.410885    0.420004  0.00380526
           5    0.427058    0.421415  0.00329535
           6    0.396515    0.417265  0.00467901
           7    0.414513    0.416872  0.00402706
           8     0.40783    0.415741  0.00367885
           9    0.430632    0.417396  0.00362308
          10    0.422025    0.417859  0.00329021
          11     0.41186    0.417314  0.00303596
          12    0.408171    0.416552  0.00287698
          13    0.422888    0.417039  0.00269664
          14    0.414863    0.416884   0.0025085
          15    0.413184    0.416637  0.00235336
          16    0.431496    0.417566  0.00238248
          17    0.406765     0.41693   0.0023255
          18    0.425024     0.41738  0.00223935
          19    0.415986    0.417307   0.0021227
          20     0.40064    0.416473  0.00217398
          21    0.403902    0.415875   0.0021513
          22    0.425598    0.416317  0.00209842
          23    0.414217    0.416225  0.00200917
          24    0.409048    0.415926  0.00194759
          25    0.419046    0.416051  0.00187368
          26    0.418644    0.416151  0.00180427
          27    0.416825    0.416176  0.00173761
          28    0.415568    0.416154  0.00167569
          29    0.395743     0.41545  0.00175952
          30    0.410534    0.415286  0.00170849
          31    0.426031    0.415633  0.00168817
          32     0.42146    0.415815   0.0016452
          33    0.419617     0.41593  0.00159938
          34    0.427378    0.416267  0.00158739
          35    0.413504    0.416188  0.00154399
          36     0.41449    0.416141  0.00150183
          37     0.40241     0.41577  0.00150639
          38    0.409831    0.415613  0.00147483
          39    0.423474    0.415815  0.00145072
          40    0.429308    0.416152  0.00145314
