           0        -nan        -nan        -nan
           1    0.099016    0.099016           0
           2    0.081228    0.090122  0.00628901
           3    0.105644    0.095296  0.00595192
           4     0.12326    0.102287  0.00752212
           5    0.086972    0.099224  0.00661198
           6    0.064748    0.093478  0.00760747
           7    0.087096   0.0925663   0.0065751
           8    0.092564    0.092566  0.00575321
           9    0.093212   0.0926378  0.00511441
          10    0.080096   0.0913836  0.00475426
          11     0.09828   0.0920105   0.0043632
          12    0.088252   0.0916973  0.00401082
          13    0.061768   0.0893951  0.00431274
          14    0.101824   0.0902829  0.00409504
          15      0.0751   0.0892707  0.00394515
          16      0.1082   0.0904537  0.00387191
          17    0.061684   0.0887614  0.00399692
          18    0.088636   0.0887544  0.00377487
          19      0.0727   0.0879095  0.00366955
          20    0.078856   0.0874568  0.00351388
           0        -nan        -nan        -nan
           1    0.086972    0.086972           0
           2    0.064748     0.07586  0.00785737
           3    0.087096   0.0796053  0.00606555
           4    0.092564    0.082845  0.00534476
           5    0.093212   0.0849184  0.00466066
           6    0.080096   0.0841147  0.00395258
           7     0.09828   0.0861383  0.00387144
           8    0.088252   0.0864025  0.00339651
           9    0.061768   0.0836653  0.00397174
          10    0.101824   0.0854812  0.00396802
          11      0.0751   0.0845375  0.00371783
          12      0.1082   0.0865093    0.003896
          13    0.061684   0.0845997  0.00403728
          14    0.088636    0.084888  0.00375918
          15      0.0727   0.0840755  0.00359531
          16    0.078856   0.0837493  0.00338537
          17     0.05566   0.0820969  0.00356673
          18     0.10344   0.0832827  0.00356022
          19    0.101524   0.0842427   0.0034999
          20    0.103824   0.0852218  0.00345914
           0        -nan        -nan        -nan
           1    0.099016    0.099016           0
           2    0.081228    0.090122  0.00628901
           3    0.105644    0.095296  0.00595192
           4     0.12326    0.102287  0.00752212
           5    0.086972    0.099224  0.00661198
           6    0.064748    0.093478  0.00760747
           7    0.087096   0.0925663   0.0065751
           8    0.092564    0.092566  0.00575321
           9    0.093212   0.0926378  0.00511441
          10    0.080096   0.0913836  0.00475426
          11     0.09828   0.0920105   0.0043632
          12    0.088252   0.0916973  0.00401082
          13    0.061768   0.0893951  0.00431274
          14    0.101824   0.0902829  0.00409504
          15      0.0751   0.0892707  0.00394515
          16      0.1082   0.0904537  0.00387191
          17    0.061684   0.0887614  0.00399692
          18    0.088636   0.0887544  0.00377487
          19      0.0727   0.0879095  0.00366955
          20    0.078856   0.0874568  0.00351388
           0        -nan        -nan        -nan
           1    0.081228    0.081228           0
           2    0.105644    0.093436  0.00863236
           3     0.12326    0.103377  0.00995016
           4    0.086972    0.099276  0.00826477
           5    0.064748   0.0923704  0.00904798
           6    0.087096   0.0914913  0.00758257
           7    0.092564   0.0916446  0.00650089
           8    0.093212   0.0918405  0.00569123
           9    0.080096   0.0905356  0.00520633
          10     0.09828     0.09131  0.00474295
          11    0.088252    0.091032  0.00431991
          12    0.061768   0.0885933    0.004597
          13    0.101824   0.0896111  0.00435459
          14      0.0751   0.0885746  0.00416508
          15      0.1082   0.0898829  0.00408774
          16    0.061684   0.0881205  0.00419503
          17    0.088636   0.0881508  0.00394837
          18      0.0727   0.0872924  0.00382118
          19    0.078856   0.0868484  0.00364577
          20     0.05566    0.085289  0.00378232
           0        -nan        -nan        -nan
           1     0.10344     0.10344           0
           2    0.101524    0.102482 0.000677408
           3    0.103824    0.102929  0.00058082
           4      0.0827    0.097872  0.00440139
           5    0.084012      0.0951  0.00430644
           6    0.073564   0.0915107  0.00485951
           7    0.054496   0.0862229  0.00642777
           8    0.071756   0.0844145  0.00587317
           9    0.117352   0.0880742  0.00625779
          10    0.078472    0.087114  0.00570521
          11    0.057932   0.0844611  0.00577048
          12    0.100344   0.0857847  0.00543928
          13    0.099348    0.086828  0.00511996
          14    0.113364   0.0887234  0.00509303
          15    0.116608   0.0905824  0.00508145
          16     0.06626   0.0890622  0.00498606
          17     0.04892   0.0867009  0.00522205
          18    0.093676   0.0870884  0.00494629
          19    0.092548   0.0873758   0.0046943
          20     0.10662    0.088338  0.00455713
          21    0.091748   0.0885004  0.00434302
          22    0.081808   0.0881962  0.00415625
          23    0.078144   0.0877591  0.00399845
          24    0.090964   0.0878927  0.00383408
          25     0.05876   0.0867274  0.00385374
          26     0.08522   0.0866694  0.00370595
          27      0.0785   0.0863668  0.00358103
          28    0.091648   0.0865554   0.0034581
          29    0.070716   0.0860092  0.00338171
          30    0.091592   0.0861953   0.0032741
          31    0.054888   0.0851854  0.00332059
          32    0.096912   0.0855519  0.00323698
          33     0.07624   0.0852697  0.00315117
          34    0.094016   0.0855269  0.00306897
          35    0.133504   0.0868977  0.00327313
          36    0.101504   0.0873034  0.00320726
          37    0.073412    0.086928  0.00314247
          38    0.105796   0.0874245  0.00309875
          39    0.108828   0.0879733  0.00306751
          40    0.053232   0.0871048  0.00311135
