           0        -nan        -nan        -nan
           1    0.028204    0.028204           0
           2    0.040924    0.034564   0.0044972
           3     0.03968   0.0362693  0.00330569
           4    0.032612    0.035355  0.00260265
           5    0.040228   0.0363296  0.00225723
           6    0.031224   0.0354787  0.00203511
           7     0.02704   0.0342731  0.00207088
           8    0.046228   0.0357675  0.00228853
           9    0.039176   0.0361462  0.00206535
          10     0.03002   0.0355336  0.00194755
          11    0.040036   0.0359429    0.001813
          12    0.035212    0.035882  0.00166294
          13    0.029496   0.0353908  0.00160594
          14    0.034608   0.0353349   0.0014922
          15    0.031832   0.0351013  0.00141088
          16     0.04176   0.0355175  0.00138271
          17    0.020696   0.0346456   0.0015521
          18    0.026568   0.0341969  0.00152937
          19    0.026272   0.0337798  0.00150468
          20      0.0283   0.0335058  0.00145417
           0        -nan        -nan        -nan
           1    0.040228    0.040228           0
           2    0.031224    0.035726  0.00318339
           3     0.02704   0.0328307  0.00317689
           4    0.046228     0.03618  0.00375375
           5    0.039176   0.0367792  0.00305045
           6     0.03002   0.0356527  0.00274218
           7    0.040036   0.0362789  0.00242088
           8    0.035212   0.0361455  0.00212194
           9    0.029496   0.0354067  0.00201068
          10    0.034608   0.0353268   0.0018112
          11    0.031832   0.0350091  0.00167418
          12     0.04176   0.0355717  0.00162644
          13    0.020696   0.0344274  0.00186082
          14    0.026568    0.033866  0.00181061
          15    0.026272   0.0333597  0.00175926
          16      0.0283   0.0330435  0.00167748
          17    0.013564   0.0318976   0.0019309
          18    0.042964   0.0325124  0.00191901
          19    0.030412   0.0324019  0.00182119
          20    0.043416   0.0329526  0.00181148
           0        -nan        -nan        -nan
           1    0.028204    0.028204           0
           2    0.040924    0.034564   0.0044972
           3     0.03968   0.0362693  0.00330569
           4    0.032612    0.035355  0.00260265
           5    0.040228   0.0363296  0.00225723
           6    0.031224   0.0354787  0.00203511
           7     0.02704   0.0342731  0.00207088
           8    0.046228   0.0357675  0.00228853
           9    0.039176   0.0361462  0.00206535
          10     0.03002   0.0355336  0.00194755
          11    0.040036   0.0359429    0.001813
          12    0.035212    0.035882  0.00166294
          13    0.029496   0.0353908  0.00160594
          14    0.034608   0.0353349   0.0014922
          15    0.031832   0.0351013  0.00141088
          16     0.04176   0.0355175  0.00138271
          17    0.020696   0.0346456   0.0015521
          18    0.026568   0.0341969  0.00152937
          19    0.026272   0.0337798  0.00150468
          20      0.0283   0.0335058  0.00145417
           0        -nan        -nan        -nan
           1    0.040924    0.040924           0
           2     0.03968    0.040302  0.00043982
           3    0.032612   0.0377387  0.00211339
           4    0.040228    0.038361  0.00167417
           5    0.031224   0.0369336  0.00185035
           6     0.02704   0.0352847  0.00215487
           7    0.046228    0.036848  0.00234657
           8    0.039176    0.037139  0.00207121
           9     0.03002    0.036348  0.00198639
          10    0.040036   0.0367168  0.00182166
          11    0.035212     0.03658  0.00166118
          12    0.029496   0.0359897  0.00162426
          13    0.034608   0.0358834  0.00150279
          14    0.031832    0.035594  0.00142304
          15     0.04176   0.0360051  0.00138627
          16    0.020696   0.0350483  0.00159603
          17    0.026568   0.0345494  0.00157818
          18    0.026272   0.0340896  0.00155606
          19      0.0283   0.0337848   0.0015037
          20    0.013564   0.0327738  0.00173544
           0        -nan        -nan        -nan
           1    0.042964    0.042964           0
           2    0.030412    0.036688   0.0044378
           3    0.043416   0.0389307  0.00347936
           4     0.03352    0.037578   0.0028604
           5    0.036344   0.0373312  0.00229894
           6    0.029104     0.03596  0.00228846
           7    0.020056    0.033688  0.00287614
           8    0.023172   0.0323735  0.00280095
           9     0.04332   0.0335898  0.00274112
          10     0.03984   0.0342148  0.00253726
          11    0.029072   0.0337473  0.00234928
          12    0.030936    0.033513  0.00216516
          13    0.031724   0.0333754  0.00200298
          14    0.028844   0.0330517  0.00188588
          15      0.0365   0.0332816  0.00177411
          16    0.028752   0.0329985  0.00168566
          17    0.017524   0.0320882  0.00181572
          18    0.028684   0.0318991  0.00172467
          19    0.034668   0.0320448  0.00164004
          20    0.043052   0.0325952   0.0016478
          21    0.025768   0.0322701  0.00160108
          22    0.034256   0.0323604  0.00153085
          23    0.026348    0.032099  0.00148644
          24     0.02798   0.0319273  0.00143438
          25     0.02786   0.0317646   0.0013862
          26    0.037144   0.0319715  0.00134824
          27    0.031568   0.0319566  0.00129838
          28    0.043068   0.0323534  0.00131126
          29    0.019752   0.0319189   0.0013361
          30    0.036564   0.0320737  0.00130051
          31    0.030216   0.0320138  0.00125993
          32     0.03478   0.0321003  0.00122352
          33     0.02884   0.0320015  0.00119043
          34    0.032736   0.0320231  0.00115561
          35    0.043736   0.0323577  0.00117005
          36    0.039396   0.0325532  0.00115376
          37    0.021776   0.0322619  0.00115877
          38    0.044388   0.0325811  0.00117139
          39    0.031036   0.0325414  0.00114202
          40    0.025516   0.0323658   0.0011269
