           0        -nan        -nan        -nan
           1     3.73724     3.73724           0
           2     3.70692     3.72208   0.0107197
           3     3.57539     3.67319   0.0405592
           4     3.65582     3.66884   0.0306508
           5     3.57689     3.65045   0.0295267
           6     3.51495     3.62787   0.0321011
           7     3.60463     3.62455   0.0276864
           8     3.64356     3.62693   0.0243273
           9      3.6026     3.62422    0.021774
          10     3.64491     3.62629   0.0196946
          11     3.70358     3.63332   0.0191165
          12      3.7505     3.64308   0.0198618
          13     3.64014     3.64286   0.0183352
          14     3.75993     3.65122   0.0188363
          15     3.45955     3.63844   0.0214818
          16     3.54503      3.6326   0.0209174
          17     3.66798     3.63469   0.0197902
          18     3.25279     3.61347   0.0278292
          19      3.3125     3.59763   0.0305417
          20     3.45998     3.59075     0.02978
           0        -nan        -nan        -nan
           1     3.57689     3.57689           0
           2     3.51495     3.54592   0.0219007
           3     3.60463     3.56549   0.0216456
           4     3.64356     3.58501   0.0234363
           5      3.6026     3.58853   0.0190112
           6     3.64491     3.59792   0.0180162
           7     3.70358     3.61302   0.0208266
           8      3.7505      3.6302   0.0243007
           9     3.64014     3.63131   0.0216257
          10     3.75993     3.64417   0.0229719
          11     3.45955     3.62739   0.0263098
          12     3.54503     3.62052   0.0249963
          13     3.66798     3.62417   0.0233386
          14     3.25279     3.59765   0.0335125
          15      3.3125     3.57864   0.0362712
          16     3.45998     3.57122   0.0347542
          17     3.78192     3.58362   0.0348498
          18     3.50977     3.57951   0.0331543
          19     3.45591     3.57301   0.0320412
          20     3.42911     3.56581   0.0312365
           0        -nan        -nan        -nan
           1     3.73724     3.73724           0
           2     3.70692     3.72208   0.0107197
           3     3.57539     3.67319   0.0405592
           4     3.65582     3.66884   0.0306508
           5     3.57689     3.65045   0.0295267
           6     3.51495     3.62787   0.0321011
           7     3.60463     3.62455   0.0276864
           8     3.64356     3.62693   0.0243273
           9      3.6026     3.62422    0.021774
          10     3.64491     3.62629   0.0196946
          11     3.70358     3.63332   0.0191165
          12      3.7505     3.64308   0.0198618
          13     3.64014     3.64286   0.0183352
          14     3.75993     3.65122   0.0188363
          15     3.45955     3.63844   0.0214818
          16     3.54503      3.6326   0.0209174
          17     3.66798     3.63469   0.0197902
          18     3.25279     3.61347   0.0278292
          19      3.3125     3.59763   0.0305417
          20     3.45998     3.59075     0.02978
           0        -nan        -nan        -nan
           1     3.73724     3.73724           0
           2     3.70692     3.72208   0.0107197
           3     3.57539     3.67319   0.0405592
           4     3.65582     3.66884   0.0306508
           5     3.57689     3.65045   0.0295267
           6     3.51495     3.62787   0.0321011
           7     3.60463     3.62455   0.0276864
           8     3.64356     3.62693   0.0243273
           9      3.6026     3.62422    0.021774
          10     3.64491     3.62629   0.0196946
          11     3.70358     3.63332   0.0191165
          12      3.7505     3.64308   0.0198618
          13     3.64014     3.64286   0.0183352
          14     3.75993     3.65122   0.0188363
          15     3.45955     3.63844   0.0214818
          16     3.54503      3.6326   0.0209174
          17     3.66798     3.63469   0.0197902
          18     3.25279     3.61347   0.0278292
          19      3.3125     3.59763   0.0305417
          20     3.45998     3.59075     0.02978
           0        -nan        -nan        -nan
           1     3.73724     3.73724           0
           2     3.70692     3.72208   0.0107197
           3     3.57539     3.67319   0.0405592
           4     3.65582     3.66884   0.0306508
           5     3.57689     3.65045   0.0295267
           6     3.51495     3.62787   0.0321011
           7     3.60463     3.62455   0.0276864
           8     3.64356     3.62693   0.0243273
           9      3.6026     3.62422    0.021774
          10     3.64491     3.62629   0.0196946
          11     3.70358     3.63332   0.0191165
          12      3.7505     3.64308   0.0198618
          13     3.64014     3.64286   0.0183352
          14     3.75993     3.65122   0.0188363
          15     3.45955     3.63844   0.0214818
          16     3.54503      3.6326   0.0209174
          17     3.66798     3.63469   0.0197902
          18     3.25279     3.61347   0.0278292
          19      3.3125     3.59763   0.0305417
          20     3.45998     3.59075     0.02978
          21     3.78192     3.59985   0.0297207
          22     3.50977     3.59576   0.0286505
          23     3.45591     3.58967   0.0280426
          24     3.42911     3.58298   0.0276606
          25     3.74538     3.58948   0.0273063
          26     3.34758     3.58018    0.027796
          27     3.53348     3.57845   0.0268202
          28      3.7181     3.58343    0.026322
          29     3.52604     3.58146   0.0254887
          30     3.81094     3.58911   0.0257613
          31     3.80092     3.59594   0.0258206
          32     3.65212     3.59769   0.0250733
          33     3.57974     3.59715   0.0243194
          34     3.76136     3.60198    0.024079
          35     3.37274     3.59543   0.0242654
          36     3.54535     3.59404   0.0236312
          37     3.41054     3.58908   0.0235072
          38     3.46533     3.58582   0.0231131
          39     3.58246     3.58574   0.0225206
          40     3.50235     3.58365   0.0220538
           0        -nan        -nan        -nan
           1     3.73724     3.73724           0
           2     3.70692     3.72208   0.0107197
           3     3.57539     3.67319   0.0405592
           4     3.65582     3.66884   0.0306508
           5     3.57689     3.65045   0.0295267
           6     3.51495     3.62787   0.0321011
           7     3.60463     3.62455   0.0276864
           8     3.64356     3.62693   0.0243273
           9      3.6026     3.62422    0.021774
          10     3.64491     3.62629   0.0196946
          11     3.70358     3.63332   0.0191165
          12      3.7505     3.64308   0.0198618
          13     3.64014     3.64286   0.0183352
          14     3.75993     3.65122   0.0188363
          15     3.45955     3.63844   0.0214818
          16     3.54503      3.6326   0.0209174
          17     3.66798     3.63469   0.0197902
          18     3.25279     3.61347   0.0278292
          19      3.3125     3.59763   0.0305417
          20     3.45998     3.59075     0.02978
          21     3.78192     3.59985   0.0297207
          22     3.50977     3.59576   0.0286505
          23     3.45591     3.58967   0.0280426
          24     3.42911     3.58298   0.0276606
          25     3.74538     3.58948   0.0273063
          26     3.34758     3.58018    0.027796
          27     3.53348     3.57845   0.0268202
          28      3.7181     3.58343    0.026322
          29     3.52604     3.58146   0.0254887
          30     3.81094     3.58911   0.0257613
          31     3.80092     3.59594   0.0258206
          32     3.65212     3.59769   0.0250733
          33     3.57974     3.59715   0.0243194
          34     3.76136     3.60198    0.024079
          35     3.37274     3.59543   0.0242654
          36     3.54535     3.59404   0.0236312
          37     3.41054     3.58908   0.0235072
          38     3.46533     3.58582   0.0231131
          39     3.58246     3.58574   0.0225206
          40     3.50235     3.58365   0.0220538
