           0        -nan        -nan        -nan
           1   -0.460496   -0.460496           0
           2   -0.458232   -0.459364 0.000800445
           3     -0.4596   -0.459443 0.000537482
           4   -0.464472     -0.4607   0.0011611
           5   -0.462896   -0.461139  0.00100853
           6   -0.461576   -0.461212 0.000843069
           7   -0.462128   -0.461343 0.000732716
           8   -0.464368   -0.461721  0.00073223
           9   -0.460992    -0.46164 0.000655336
          10   -0.463184   -0.461794 0.000607719
          11   -0.461368   -0.461756 0.000553707
          12    -0.46232   -0.461803 0.000509558
          13   -0.461992   -0.461817 0.000470569
          14   -0.461768   -0.461814  0.00043697
          15   -0.461888   -0.461819 0.000407867
          16   -0.461968   -0.461828 0.000382482
          17    -0.46372   -0.461939 0.000375827
          18   -0.459272   -0.461791 0.000383048
          19   -0.460224   -0.461709 0.000371662
          20   -0.461752   -0.461711 0.000353085
           0        -nan        -nan        -nan
           1   -0.462896   -0.462896           0
           2   -0.461576   -0.462236  0.00046669
           3   -0.462128     -0.4622 0.000312512
           4   -0.464368   -0.462742 0.000524651
           5   -0.460992   -0.462392 0.000523608
           6   -0.463184   -0.462524 0.000452673
           7   -0.461368   -0.462359 0.000417042
           8    -0.46232   -0.462354  0.00036494
           9   -0.461992   -0.462314 0.000326601
          10   -0.461768   -0.462259 0.000298466
          11   -0.461888   -0.462225 0.000273234
          12   -0.461968   -0.462204 0.000251305
          13    -0.46372   -0.462321 0.000257614
          14   -0.459272   -0.462103 0.000318205
          15   -0.460224   -0.461978 0.000320698
          16   -0.461752   -0.461964 0.000300964
          17   -0.464808   -0.462131 0.000326476
          18   -0.463496   -0.462207 0.000317026
          19   -0.464552    -0.46233  0.00032348
          20   -0.464624   -0.462445 0.000327008
           0        -nan        -nan        -nan
           1   -0.460496   -0.460496           0
           2   -0.458232   -0.459364 0.000800445
           3     -0.4596   -0.459443 0.000537482
           4   -0.464472     -0.4607   0.0011611
           5   -0.462896   -0.461139  0.00100853
           6   -0.461576   -0.461212 0.000843069
           7   -0.462128   -0.461343 0.000732716
           8   -0.464368   -0.461721  0.00073223
           9   -0.460992    -0.46164 0.000655336
          10   -0.463184   -0.461794 0.000607719
          11   -0.461368   -0.461756 0.000553707
          12    -0.46232   -0.461803 0.000509558
          13   -0.461992   -0.461817 0.000470569
          14   -0.461768   -0.461814  0.00043697
          15   -0.461888   -0.461819 0.000407867
          16   -0.461968   -0.461828 0.000382482
          17    -0.46372   -0.461939 0.000375827
          18   -0.459272   -0.461791 0.000383048
          19   -0.460224   -0.461709 0.000371662
          20   -0.461752   -0.461711 0.000353085
           0        -nan        -nan        -nan
           1   -0.460496   -0.460496           0
           2   -0.458232   -0.459364 0.000800445
           3     -0.4596   -0.459443 0.000537482
           4   -0.464472     -0.4607   0.0011611
           5   -0.462896   -0.461139  0.00100853
           6   -0.461576   -0.461212 0.000843069
           7   -0.462128   -0.461343 0.000732716
           8   -0.464368   -0.461721  0.00073223
           9   -0.460992    -0.46164 0.000655336
          10   -0.463184   -0.461794 0.000607719
          11   -0.461368   -0.461756 0.000553707
          12    -0.46232   -0.461803 0.000509558
          13   -0.461992   -0.461817 0.000470569
          14   -0.461768   -0.461814  0.00043697
          15   -0.461888   -0.461819 0.000407867
          16   -0.461968   -0.461828 0.000382482
          17    -0.46372   -0.461939 0.000375827
          18   -0.459272   -0.461791 0.000383048
          19   -0.460224   -0.461709 0.000371662
          20   -0.461752   -0.461711 0.000353085
           0        -nan        -nan        -nan
           1   -0.460496   -0.460496           0
           2   -0.458232   -0.459364 0.000800445
           3     -0.4596   -0.459443 0.000537482
           4   -0.464472     -0.4607   0.0011611
           5   -0.462896   -0.461139  0.00100853
           6   -0.461576   -0.461212 0.000843069
           7   -0.462128   -0.461343 0.000732716
           8   -0.464368   -0.461721  0.00073223
           9   -0.460992    -0.46164 0.000655336
          10   -0.463184   -0.461794 0.000607719
          11   -0.461368   -0.461756 0.000553707
          12    -0.46232   -0.461803 0.000509558
          13   -0.461992   -0.461817 0.000470569
          14   -0.461768   -0.461814  0.00043697
          15   -0.461888   -0.461819 0.000407867
          16   -0.461968   -0.461828 0.000382482
          17    -0.46372   -0.461939 0.000375827
          18   -0.459272   -0.461791 0.000383048
          19   -0.460224   -0.461709 0.000371662
          20   -0.461752   -0.461711 0.000353085
          21   -0.464808   -0.461858 0.000365779
          22   -0.463496   -0.461933 0.000356648
          23   -0.464552   -0.462047 0.000358863
          24   -0.464624   -0.462154  0.00035962
          25   -0.460096   -0.462072 0.000354532
          26   -0.460336   -0.462005 0.000347124
          27   -0.461952   -0.462003 0.000334273
          28    -0.46136    -0.46198 0.000323123
          29   -0.461576   -0.461966 0.000312281
          30   -0.464368   -0.462046 0.000311966
          31    -0.46356   -0.462095 0.000305701
          32   -0.460856   -0.462056  0.00029859
          33   -0.461552   -0.462041 0.000289932
          34   -0.461928   -0.462038 0.000281424
          35   -0.461496   -0.462022 0.000273808
          36   -0.464128   -0.462081 0.000272379
          37   -0.462192   -0.462084 0.000265034
          38   -0.460248   -0.462035 0.000262425
          39   -0.461744   -0.462028 0.000255803
          40   -0.463376   -0.462062 0.000251618
