           0        -nan        -nan        -nan
           1    0.021512    0.021512           0
           2    0.039276    0.030394  0.00628052
           3     0.03524   0.0320093  0.00438983
           4    0.031736    0.031941  0.00329291
           5    0.032192   0.0319912  0.00263471
           6    0.027748    0.031284  0.00228853
           7    0.021592   0.0298994   0.0023433
           8    0.043356   0.0315815  0.00258453
           9     0.03508   0.0319702  0.00232641
          10     0.02686   0.0314592  0.00214916
          11      0.0343   0.0317175  0.00196924
          12    0.032492    0.031782  0.00180619
          13    0.026392   0.0313674  0.00171418
          14    0.027544   0.0310943  0.00161335
          15    0.032468   0.0311859  0.00150839
          16    0.033928   0.0313573  0.00142382
          17    0.019012   0.0306311  0.00151397
          18     0.02218   0.0301616  0.00150089
          19     0.02238    0.029752  0.00147672
          20     0.02452   0.0294904  0.00142587
           0        -nan        -nan        -nan
           1    0.032192    0.032192           0
           2    0.027748     0.02997  0.00157119
           3    0.021592   0.0271773  0.00250928
           4    0.043356    0.031222  0.00397634
           5     0.03508   0.0319936  0.00325507
           6     0.02686    0.031138  0.00282277
           7      0.0343   0.0315897  0.00245539
           8    0.032492   0.0317025  0.00215106
           9    0.026392   0.0311124  0.00199134
          10    0.027544   0.0307556   0.0018239
          11    0.032468   0.0309113  0.00166472
          12    0.033928   0.0311627  0.00154486
          13    0.019012    0.030228  0.00168521
          14     0.02218   0.0296531  0.00165999
          15     0.02238   0.0291683  0.00161859
          16     0.02452   0.0288778  0.00154328
          17    0.014052   0.0280056  0.00168095
          18    0.039236   0.0286296  0.00169941
          19    0.024628   0.0284189  0.00162296
          20    0.038824   0.0289392  0.00162306
           0        -nan        -nan        -nan
           1    0.021512    0.021512           0
           2    0.039276    0.030394  0.00628052
           3     0.03524   0.0320093  0.00438983
           4    0.031736    0.031941  0.00329291
           5    0.032192   0.0319912  0.00263471
           6    0.027748    0.031284  0.00228853
           7    0.021592   0.0298994   0.0023433
           8    0.043356   0.0315815  0.00258453
           9     0.03508   0.0319702  0.00232641
          10     0.02686   0.0314592  0.00214916
          11      0.0343   0.0317175  0.00196924
          12    0.032492    0.031782  0.00180619
          13    0.026392   0.0313674  0.00171418
          14    0.027544   0.0310943  0.00161335
          15    0.032468   0.0311859  0.00150839
          16    0.033928   0.0313573  0.00142382
          17    0.019012   0.0306311  0.00151397
          18     0.02218   0.0301616  0.00150089
          19     0.02238    0.029752  0.00147672
          20     0.02452   0.0294904  0.00142587
           0        -nan        -nan        -nan
           1    0.039276    0.039276           0
           2     0.03524    0.037258  0.00142694
           3    0.031736   0.0354173  0.00177867
           4    0.032192    0.034611  0.00150572
           5    0.027748   0.0332384  0.00171995
           6    0.021592   0.0312973  0.00227906
           7    0.043356     0.03302  0.00252185
           8     0.03508   0.0332775  0.00221972
           9     0.02686   0.0325644  0.00208447
          10      0.0343    0.032738  0.00188324
          11    0.032492   0.0327156  0.00171217
          12    0.026392   0.0321887  0.00164859
          13    0.027544   0.0318314  0.00156001
          14    0.032468   0.0318769  0.00144924
          15    0.033928   0.0320136  0.00135906
          16    0.019012    0.031201  0.00149748
          17     0.02218   0.0306704  0.00150047
          18     0.02238   0.0302098  0.00148611
          19     0.02452   0.0299103  0.00143775
          20    0.014052   0.0291174  0.00156935
           0        -nan        -nan        -nan
           1    0.039236    0.039236           0
           2    0.024628    0.031932  0.00516471
           3    0.038824   0.0342293  0.00392093
           4    0.029836    0.033131   0.0030907
           5    0.031208   0.0327464  0.00249638
           6    0.024192   0.0313207   0.0024539
           7     0.01516    0.029012  0.00299876
           8    0.020088   0.0278965  0.00282378
           9    0.041192   0.0293738  0.00287056
          10     0.03648   0.0300844  0.00267001
          11    0.032304   0.0302862   0.0024349
          12    0.029244   0.0301993  0.00223354
          13    0.025012   0.0298003  0.00209707
          14    0.027512   0.0296369  0.00195364
          15    0.028388   0.0295536  0.00182517
          16    0.027876   0.0294487   0.0017141
          17    0.015108   0.0286052  0.00180898
          18    0.030364   0.0287029  0.00171112
          19    0.028608   0.0286979  0.00162107
          20    0.041728   0.0293494   0.0016658
          21    0.021604   0.0289806  0.00162679
          22     0.02994   0.0290242  0.00155343
          23      0.0219   0.0287144  0.00151646
          24    0.027488   0.0286633  0.00145413
          25    0.021352   0.0283709  0.00142507
          26    0.036048   0.0286662  0.00140052
          27     0.02704   0.0286059  0.00134994
          28     0.03722   0.0289136  0.00133633
          29    0.022172   0.0286811  0.00131031
          30    0.031232   0.0287661  0.00126939
          31    0.021656   0.0285368  0.00124899
          32    0.028772   0.0285441  0.00120998
          33    0.022272   0.0283541  0.00118815
          34    0.035088   0.0285521  0.00116959
          35     0.03928   0.0288586  0.00117565
          36    0.036156   0.0290613  0.00116034
          37    0.021628   0.0288604  0.00114624
          38    0.043748   0.0292522  0.00118113
          39    0.026364   0.0291782  0.00115317
          40     0.02216   0.0290027  0.00113761
           0        -nan        -nan        -nan
           1    0.039236    0.039236           0
           2    0.024628    0.031932  0.00516471
           3    0.038824   0.0342293  0.00392093
           4    0.029836    0.033131   0.0030907
           5    0.031208   0.0327464  0.00249638
           6    0.024192   0.0313207   0.0024539
           7     0.01516    0.029012  0.00299876
           8    0.020088   0.0278965  0.00282378
           9    0.041192   0.0293738  0.00287056
          10     0.03648   0.0300844  0.00267001
          11    0.032304   0.0302862   0.0024349
          12    0.029244   0.0301993  0.00223354
          13    0.025012   0.0298003  0.00209707
          14    0.027512   0.0296369  0.00195364
          15    0.028388   0.0295536  0.00182517
          16    0.027876   0.0294487   0.0017141
          17    0.015108   0.0286052  0.00180898
          18    0.030364   0.0287029  0.00171112
          19    0.028608   0.0286979  0.00162107
          20    0.041728   0.0293494   0.0016658
          21    0.021604   0.0289806  0.00162679
          22     0.02994   0.0290242  0.00155343
          23      0.0219   0.0287144  0.00151646
          24    0.027488   0.0286633  0.00145413
          25    0.021352   0.0283709  0.00142507
          26    0.036048   0.0286662  0.00140052
          27     0.02704   0.0286059  0.00134994
          28     0.03722   0.0289136  0.00133633
          29    0.022172   0.0286811  0.00131031
          30    0.031232   0.0287661  0.00126939
          31    0.021656   0.0285368  0.00124899
          32    0.028772   0.0285441  0.00120998
          33    0.022272   0.0283541  0.00118815
          34    0.035088   0.0285521  0.00116959
          35     0.03928   0.0288586  0.00117565
          36    0.036156   0.0290613  0.00116034
          37    0.021628   0.0288604  0.00114624
          38    0.043748   0.0292522  0.00118113
          39    0.026364   0.0291782  0.00115317
          40     0.02216   0.0290027  0.00113761
