           0        -nan        -nan        -nan
           1   -0.481216   -0.481216           0
           2   -0.479016   -0.480116 0.000777817
           3    -0.48148   -0.480571 0.000637733
           4   -0.485184   -0.481724  0.00110743
           5   -0.484592   -0.482298  0.00102377
           6   -0.481744   -0.482205 0.000857292
           7   -0.481824   -0.482151 0.000736551
           8   -0.483936   -0.482374  0.00067744
           9    -0.48104   -0.482226 0.000618172
          10   -0.482536   -0.482257 0.000557133
          11   -0.481952   -0.482229 0.000507173
          12   -0.483536   -0.482338 0.000476458
          13   -0.482128   -0.482322 0.000440081
          14    -0.48212   -0.482307 0.000408883
          15   -0.481496   -0.482253 0.000385186
          16    -0.48332    -0.48232 0.000366836
          17   -0.484504   -0.482448 0.000367065
          18    -0.47764   -0.482181 0.000433104
          19    -0.48108   -0.482123  0.00041417
          20   -0.482008   -0.482118 0.000393502
           0        -nan        -nan        -nan
           1   -0.484592   -0.484592           0
           2   -0.481744   -0.483168  0.00100692
           3   -0.481824    -0.48272 0.000764473
           4   -0.483936   -0.483024  0.00063091
           5    -0.48104   -0.482627 0.000617018
           6   -0.482536   -0.482612 0.000514369
           7   -0.481952   -0.482518 0.000449446
           8   -0.483536   -0.482645 0.000410894
           9   -0.482128   -0.482588 0.000369233
          10    -0.48212   -0.482541 0.000335257
          11   -0.481496   -0.482446 0.000317949
          12    -0.48332   -0.482519 0.000299683
          13   -0.484504   -0.482671 0.000313134
          14    -0.47764   -0.482312 0.000452192
          15    -0.48108    -0.48223  0.00042944
          16   -0.482008   -0.482216 0.000402824
          17   -0.485504   -0.482409  0.00042302
          18   -0.483552   -0.482473 0.000404253
          19    -0.48264   -0.482482 0.000383073
          20   -0.484008   -0.482558 0.000371443
           0        -nan        -nan        -nan
           1   -0.481216   -0.481216           0
           2   -0.479016   -0.480116 0.000777817
           3    -0.48148   -0.480571 0.000637733
           4   -0.485184   -0.481724  0.00110743
           5   -0.484592   -0.482298  0.00102377
           6   -0.481744   -0.482205 0.000857292
           7   -0.481824   -0.482151 0.000736551
           8   -0.483936   -0.482374  0.00067744
           9    -0.48104   -0.482226 0.000618172
          10   -0.482536   -0.482257 0.000557133
          11   -0.481952   -0.482229 0.000507173
          12   -0.483536   -0.482338 0.000476458
          13   -0.482128   -0.482322 0.000440081
          14    -0.48212   -0.482307 0.000408883
          15   -0.481496   -0.482253 0.000385186
          16    -0.48332    -0.48232 0.000366836
          17   -0.484504   -0.482448 0.000367065
          18    -0.47764   -0.482181 0.000433104
          19    -0.48108   -0.482123  0.00041417
          20   -0.482008   -0.482118 0.000393502
           0        -nan        -nan        -nan
           1   -0.481216   -0.481216           0
           2   -0.479016   -0.480116 0.000777817
           3    -0.48148   -0.480571 0.000637733
           4   -0.485184   -0.481724  0.00110743
           5   -0.484592   -0.482298  0.00102377
           6   -0.481744   -0.482205 0.000857292
           7   -0.481824   -0.482151 0.000736551
           8   -0.483936   -0.482374  0.00067744
           9    -0.48104   -0.482226 0.000618172
          10   -0.482536   -0.482257 0.000557133
          11   -0.481952   -0.482229 0.000507173
          12   -0.483536   -0.482338 0.000476458
          13   -0.482128   -0.482322 0.000440081
          14    -0.48212   -0.482307 0.000408883
          15   -0.481496   -0.482253 0.000385186
          16    -0.48332    -0.48232 0.000366836
          17   -0.484504   -0.482448 0.000367065
          18    -0.47764   -0.482181 0.000433104
          19    -0.48108   -0.482123  0.00041417
          20   -0.482008   -0.482118 0.000393502
           0        -nan        -nan        -nan
           1   -0.481216   -0.481216           0
           2   -0.479016   -0.480116 0.000777817
           3    -0.48148   -0.480571 0.000637733
           4   -0.485184   -0.481724  0.00110743
           5   -0.484592   -0.482298  0.00102377
           6   -0.481744   -0.482205 0.000857292
           7   -0.481824   -0.482151 0.000736551
           8   -0.483936   -0.482374  0.00067744
           9    -0.48104   -0.482226 0.000618172
          10   -0.482536   -0.482257 0.000557133
          11   -0.481952   -0.482229 0.000507173
          12   -0.483536   -0.482338 0.000476458
          13   -0.482128   -0.482322 0.000440081
          14    -0.48212   -0.482307 0.000408883
          15   -0.481496   -0.482253 0.000385186
          16    -0.48332    -0.48232 0.000366836
          17   -0.484504   -0.482448 0.000367065
          18    -0.47764   -0.482181 0.000433104
          19    -0.48108   -0.482123  0.00041417
          20   -0.482008   -0.482118 0.000393502
          21   -0.485504   -0.482279 0.000406464
          22   -0.483552   -0.482337 0.000392087
          23    -0.48264    -0.48235 0.000375261
          24   -0.484008   -0.482419  0.00036593
          25   -0.481464   -0.482381 0.000353281
          26   -0.480616   -0.482313 0.000346152
          27   -0.482504    -0.48232 0.000333404
          28   -0.481624   -0.482295 0.000322422
          29   -0.482768   -0.482311 0.000311716
          30   -0.484072    -0.48237   0.0003068
          31   -0.483416   -0.482404 0.000298752
          32   -0.481736   -0.482383 0.000290145
          33   -0.484296   -0.482441 0.000287085
          34      -0.481   -0.482399 0.000281752
          35   -0.482488   -0.482401 0.000273714
          36   -0.484208   -0.482451 0.000270673
          37    -0.48272   -0.482459 0.000263455
          38   -0.479968   -0.482393 0.000264549
          39   -0.482816   -0.482404 0.000257988
          40   -0.483632   -0.482435 0.000253359
           0        -nan        -nan        -nan
           1   -0.481216   -0.481216           0
           2   -0.479016   -0.480116 0.000777817
           3    -0.48148   -0.480571 0.000637733
           4   -0.485184   -0.481724  0.00110743
           5   -0.484592   -0.482298  0.00102377
           6   -0.481744   -0.482205 0.000857292
           7   -0.481824   -0.482151 0.000736551
           8   -0.483936   -0.482374  0.00067744
           9    -0.48104   -0.482226 0.000618172
          10   -0.482536   -0.482257 0.000557133
          11   -0.481952   -0.482229 0.000507173
          12   -0.483536   -0.482338 0.000476458
          13   -0.482128   -0.482322 0.000440081
          14    -0.48212   -0.482307 0.000408883
          15   -0.481496   -0.482253 0.000385186
          16    -0.48332    -0.48232 0.000366836
          17   -0.484504   -0.482448 0.000367065
          18    -0.47764   -0.482181 0.000433104
          19    -0.48108   -0.482123  0.00041417
          20   -0.482008   -0.482118 0.000393502
          21   -0.485504   -0.482279 0.000406464
          22   -0.483552   -0.482337 0.000392087
          23    -0.48264    -0.48235 0.000375261
          24   -0.484008   -0.482419  0.00036593
          25   -0.481464   -0.482381 0.000353281
          26   -0.480616   -0.482313 0.000346152
          27   -0.482504    -0.48232 0.000333404
          28   -0.481624   -0.482295 0.000322422
          29   -0.482768   -0.482311 0.000311716
          30   -0.484072    -0.48237   0.0003068
          31   -0.483416   -0.482404 0.000298752
          32   -0.481736   -0.482383 0.000290145
          33   -0.484296   -0.482441 0.000287085
          34      -0.481   -0.482399 0.000281752
          35   -0.482488   -0.482401 0.000273714
          36   -0.484208   -0.482451 0.000270673
          37    -0.48272   -0.482459 0.000263455
          38   -0.479968   -0.482393 0.000264549
          39   -0.482816   -0.482404 0.000257988
          40   -0.483632   -0.482435 0.000253359
