           0        -nan        -nan        -nan
           1     0.21547     0.21547           0
           2    0.215069    0.215269 0.000141664
           3    0.217375    0.215971 0.000580685
           4    0.208559    0.214118  0.00166293
           5    0.209153    0.213125   0.0015996
           6    0.208782    0.212401  0.00148777
           7    0.208282    0.211813  0.00138674
           8    0.209656    0.211543  0.00123933
           9    0.210068    0.211379  0.00111241
          10     0.21955    0.212196  0.00126615
          11    0.217175    0.212649  0.00122929
          12    0.205283    0.212035   0.0012709
          13    0.211545    0.211997   0.0011737
          14    0.219736     0.21255  0.00121306
          15    0.214342     0.21267  0.00113806
          16    0.211934    0.212624  0.00106786
          17    0.215298    0.212781  0.00101657
          18    0.214332    0.212867 0.000963736
          19    0.213967    0.212925 0.000914751
          20     0.20829    0.212693 0.000897892
           0        -nan        -nan        -nan
           1    0.209153    0.209153           0
           2    0.208782    0.208968 0.000131016
           3    0.208282    0.208739 0.000206036
           4    0.209656    0.208968 0.000251551
           5    0.210068    0.209188 0.000281449
           6     0.21955    0.210915  0.00159381
           7    0.217175    0.211809  0.00159742
           8    0.205283    0.210994   0.0015925
           9    0.211545    0.211055  0.00141673
          10    0.219736    0.211923  0.00151791
          11    0.214342    0.212143  0.00139577
          12    0.211934    0.212125  0.00127956
          13    0.215298     0.21237  0.00120418
          14    0.214332     0.21251  0.00112629
          15    0.213967    0.212607  0.00105539
          16     0.20829    0.212337  0.00102334
          17    0.214574    0.212469 0.000971566
          18    0.211628    0.212422 0.000918712
          19    0.210518    0.212322 0.000875804
          20     0.21213    0.212312 0.000832066
           0        -nan        -nan        -nan
           1     0.21547     0.21547           0
           2    0.215069    0.215269 0.000141664
           3    0.217375    0.215971 0.000580685
           4    0.208559    0.214118  0.00166293
           5    0.209153    0.213125   0.0015996
           6    0.208782    0.212401  0.00148777
           7    0.208282    0.211813  0.00138674
           8    0.209656    0.211543  0.00123933
           9    0.210068    0.211379  0.00111241
          10     0.21955    0.212196  0.00126615
          11    0.217175    0.212649  0.00122929
          12    0.205283    0.212035   0.0012709
          13    0.211545    0.211997   0.0011737
          14    0.219736     0.21255  0.00121306
          15    0.214342     0.21267  0.00113806
          16    0.211934    0.212624  0.00106786
          17    0.215298    0.212781  0.00101657
          18    0.214332    0.212867 0.000963736
          19    0.213967    0.212925 0.000914751
          20     0.20829    0.212693 0.000897892
           0        -nan        -nan        -nan
           1     0.21547     0.21547           0
           2    0.215069    0.215269 0.000141664
           3    0.217375    0.215971 0.000580685
           4    0.208559    0.214118  0.00166293
           5    0.209153    0.213125   0.0015996
           6    0.208782    0.212401  0.00148777
           7    0.208282    0.211813  0.00138674
           8    0.209656    0.211543  0.00123933
           9    0.210068    0.211379  0.00111241
          10     0.21955    0.212196  0.00126615
          11    0.217175    0.212649  0.00122929
          12    0.205283    0.212035   0.0012709
          13    0.211545    0.211997   0.0011737
          14    0.219736     0.21255  0.00121306
          15    0.214342     0.21267  0.00113806
          16    0.211934    0.212624  0.00106786
          17    0.215298    0.212781  0.00101657
          18    0.214332    0.212867 0.000963736
          19    0.213967    0.212925 0.000914751
          20     0.20829    0.212693 0.000897892
           0        -nan        -nan        -nan
           1     0.21547     0.21547           0
           2    0.215069    0.215269 0.000141664
           3    0.217375    0.215971 0.000580685
           4    0.208559    0.214118  0.00166293
           5    0.209153    0.213125   0.0015996
           6    0.208782    0.212401  0.00148777
           7    0.208282    0.211813  0.00138674
           8    0.209656    0.211543  0.00123933
           9    0.210068    0.211379  0.00111241
          10     0.21955    0.212196  0.00126615
          11    0.217175    0.212649  0.00122929
          12    0.205283    0.212035   0.0012709
          13    0.211545    0.211997   0.0011737
          14    0.219736     0.21255  0.00121306
          15    0.214342     0.21267  0.00113806
          16    0.211934    0.212624  0.00106786
          17    0.215298    0.212781  0.00101657
          18    0.214332    0.212867 0.000963736
          19    0.213967    0.212925 0.000914751
          20     0.20829    0.212693 0.000897892
          21    0.214574    0.212783 0.000859591
          22    0.211628     0.21273  0.00082212
          23    0.210518    0.212634 0.000791981
          24     0.21213    0.212613  0.00075926
          25    0.210656    0.212535 0.000732914
          26    0.210521    0.212457 0.000708805
          27    0.209589    0.212351 0.000690472
          28    0.217812    0.212546 0.000692806
          29    0.213062    0.212564 0.000669144
          30    0.212779    0.212571 0.000646877
          31     0.21407    0.212619 0.000627815
          32    0.214137    0.212667 0.000609983
          33      0.2141     0.21271 0.000593043
          34    0.214094    0.212751 0.000576994
          35    0.217071    0.212874 0.000573559
          36    0.211983     0.21285 0.000558161
          37    0.210317    0.212781 0.000547255
          38     0.20753    0.212643 0.000550023
          39    0.212526     0.21264 0.000535928
          40    0.213623    0.212665 0.000523094
