           0        -nan        -nan        -nan
           1    0.458069    0.458069           0
           2    0.420675    0.439372   0.0132207
           3    0.396817    0.425187   0.0145544
           4    0.471697    0.436815   0.0148511
           5    0.463931    0.442238   0.0128329
           6    0.473993     0.44753   0.0117348
           7    0.410394    0.442225   0.0111936
           8    0.412705    0.438535   0.0103848
           9    0.421867    0.436683  0.00939461
          10    0.425812    0.435596  0.00851782
          11    0.412225    0.433471  0.00800406
          12    0.412763    0.431746  0.00752078
          13    0.399336    0.429253  0.00734386
          14    0.416712    0.428357  0.00687371
          15     0.45089    0.429859  0.00657757
          16    0.435139    0.430189  0.00617475
          17    0.434743    0.430457  0.00581734
          18    0.397931     0.42865  0.00576798
          19    0.399488    0.427115  0.00566493
          20    0.445976    0.428058  0.00545961
           0        -nan        -nan        -nan
           1    0.463931    0.463931           0
           2    0.473993    0.468962  0.00355759
           3    0.410394    0.449439   0.0161156
           4    0.412705    0.440256   0.0144686
           5    0.421867    0.436578   0.0120332
           6    0.425812    0.434784   0.0101606
           7    0.412225    0.431561  0.00920597
           8    0.412763    0.429211  0.00834971
           9    0.399336    0.425892  0.00805483
          10    0.416712    0.424974  0.00730147
          11     0.45089     0.42733  0.00700753
          12    0.435139    0.427981  0.00645372
          13    0.434743    0.428501   0.0059782
          14    0.397931    0.426317  0.00593659
          15    0.399488    0.424529  0.00580401
          16    0.445976    0.425869   0.0055939
          17    0.423017    0.425701  0.00526736
          18     0.37627    0.422955  0.00564539
          19    0.401459    0.421824  0.00546045
          20     0.46043    0.423754  0.00551808
           0        -nan        -nan        -nan
           1    0.458069    0.458069           0
           2    0.420675    0.439372   0.0132207
           3    0.396817    0.425187   0.0145544
           4    0.471697    0.436815   0.0148511
           5    0.463931    0.442238   0.0128329
           6    0.473993     0.44753   0.0117348
           7    0.410394    0.442225   0.0111936
           8    0.412705    0.438535   0.0103848
           9    0.421867    0.436683  0.00939461
          10    0.425812    0.435596  0.00851782
          11    0.412225    0.433471  0.00800406
          12    0.412763    0.431746  0.00752078
          13    0.399336    0.429253  0.00734386
          14    0.416712    0.428357  0.00687371
          15     0.45089    0.429859  0.00657757
          16    0.435139    0.430189  0.00617475
          17    0.434743    0.430457  0.00581734
          18    0.397931     0.42865  0.00576798
          19    0.399488    0.427115  0.00566493
          20    0.445976    0.428058  0.00545961
           0        -nan        -nan        -nan
           1    0.458069    0.458069           0
           2    0.420675    0.439372   0.0132207
           3    0.396817    0.425187   0.0145544
           4    0.471697    0.436815   0.0148511
           5    0.463931    0.442238   0.0128329
           6    0.473993     0.44753   0.0117348
           7    0.410394    0.442225   0.0111936
           8    0.412705    0.438535   0.0103848
           9    0.421867    0.436683  0.00939461
          10    0.425812    0.435596  0.00851782
          11    0.412225    0.433471  0.00800406
          12    0.412763    0.431746  0.00752078
          13    0.399336    0.429253  0.00734386
          14    0.416712    0.428357  0.00687371
          15     0.45089    0.429859  0.00657757
          16    0.435139    0.430189  0.00617475
          17    0.434743    0.430457  0.00581734
          18    0.397931     0.42865  0.00576798
          19    0.399488    0.427115  0.00566493
          20    0.445976    0.428058  0.00545961
           0        -nan        -nan        -nan
           1    0.458069    0.458069           0
           2    0.420675    0.439372   0.0132207
           3    0.396817    0.425187   0.0145544
           4    0.471697    0.436815   0.0148511
           5    0.463931    0.442238   0.0128329
           6    0.473993     0.44753   0.0117348
           7    0.410394    0.442225   0.0111936
           8    0.412705    0.438535   0.0103848
           9    0.421867    0.436683  0.00939461
          10    0.425812    0.435596  0.00851782
          11    0.412225    0.433471  0.00800406
          12    0.412763    0.431746  0.00752078
          13    0.399336    0.429253  0.00734386
          14    0.416712    0.428357  0.00687371
          15     0.45089    0.429859  0.00657757
          16    0.435139    0.430189  0.00617475
          17    0.434743    0.430457  0.00581734
          18    0.397931     0.42865  0.00576798
          19    0.399488    0.427115  0.00566493
          20    0.445976    0.428058  0.00545961
          21    0.423017    0.427818   0.0052049
          22     0.37627    0.425475  0.00547034
          23    0.401459    0.424431  0.00533122
          24     0.46043    0.425931  0.00531591
          25    0.396947    0.424771  0.00522817
          26    0.407477    0.424106  0.00506922
          27    0.374017    0.422251  0.00520988
          28     0.46127    0.423645  0.00520685
          29    0.390868    0.422514  0.00514851
          30    0.434626    0.422918  0.00499269
          31    0.472811    0.424528  0.00508444
          32     0.41124    0.424112  0.00494247
          33    0.393186    0.423175  0.00488075
          34    0.422531    0.423156  0.00473723
          35     0.42491    0.423206  0.00460215
          36    0.442959    0.423755   0.0045069
          37    0.438433    0.424152  0.00440251
          38    0.402939    0.423593   0.0043219
          39    0.402413     0.42305  0.00424507
          40    0.460302    0.423982  0.00423987
           0        -nan        -nan        -nan
           1    0.458069    0.458069           0
           2    0.420675    0.439372   0.0132207
           3    0.396817    0.425187   0.0145544
           4    0.471697    0.436815   0.0148511
           5    0.463931    0.442238   0.0128329
           6    0.473993     0.44753   0.0117348
           7    0.410394    0.442225   0.0111936
           8    0.412705    0.438535   0.0103848
           9    0.421867    0.436683  0.00939461
          10    0.425812    0.435596  0.00851782
          11    0.412225    0.433471  0.00800406
          12    0.412763    0.431746  0.00752078
          13    0.399336    0.429253  0.00734386
          14    0.416712    0.428357  0.00687371
          15     0.45089    0.429859  0.00657757
          16    0.435139    0.430189  0.00617475
          17    0.434743    0.430457  0.00581734
          18    0.397931     0.42865  0.00576798
          19    0.399488    0.427115  0.00566493
          20    0.445976    0.428058  0.00545961
          21    0.423017    0.427818   0.0052049
          22     0.37627    0.425475  0.00547034
          23    0.401459    0.424431  0.00533122
          24     0.46043    0.425931  0.00531591
          25    0.396947    0.424771  0.00522817
          26    0.407477    0.424106  0.00506922
          27    0.374017    0.422251  0.00520988
          28     0.46127    0.423645  0.00520685
          29    0.390868    0.422514  0.00514851
          30    0.434626    0.422918  0.00499269
          31    0.472811    0.424528  0.00508444
          32     0.41124    0.424112  0.00494247
          33    0.393186    0.423175  0.00488075
          34    0.422531    0.423156  0.00473723
          35     0.42491    0.423206  0.00460215
          36    0.442959    0.423755   0.0045069
          37    0.438433    0.424152  0.00440251
          38    0.402939    0.423593   0.0043219
          39    0.402413     0.42305  0.00424507
          40    0.460302    0.423982  0.00423987
