           0        -nan        -nan        -nan
           1   -0.844736   -0.844736           0
           2   -0.846616   -0.845676  0.00066468
           3   -0.846744   -0.846032 0.000529949
           4   -0.847536   -0.846408 0.000513817
           5   -0.848352   -0.846797 0.000538421
           6   -0.852104   -0.847681 0.000923752
           7   -0.844896   -0.847283 0.000873291
           8   -0.848192   -0.847397 0.000771479
           9   -0.853272    -0.84805 0.000921433
          10   -0.856136   -0.848858  0.00112969
          11   -0.846736   -0.848665  0.00104334
          12   -0.846464   -0.848482  0.00097239
          13   -0.847368   -0.848396 0.000901358
          14   -0.841576   -0.847909 0.000959638
          15   -0.845496   -0.847748 0.000909047
          16   -0.851128   -0.847959  0.00087643
          17    -0.84508    -0.84779 0.000841084
          18   -0.851264   -0.847983 0.000816199
          19   -0.845264    -0.84784 0.000785687
          20   -0.849544   -0.847925 0.000751008
           0        -nan        -nan        -nan
           1   -0.848352   -0.848352           0
           2   -0.852104   -0.850228  0.00132653
           3   -0.844896   -0.848451  0.00169942
           4   -0.848192   -0.848386  0.00127579
           5   -0.853272   -0.849363  0.00134374
           6   -0.856136   -0.850492  0.00152175
           7   -0.846736   -0.849955  0.00139576
           8   -0.846464   -0.849519  0.00128771
           9   -0.847368    -0.84928   0.0011666
          10   -0.841576    -0.84851  0.00127927
          11   -0.845496   -0.848236  0.00119195
          12   -0.851128   -0.848477  0.00111673
          13    -0.84508   -0.848215  0.00106095
          14   -0.851264   -0.848433  0.00100727
          15   -0.845264   -0.848222 0.000962018
          16   -0.849544   -0.848305 0.000905434
          17   -0.850912   -0.848458 0.000865068
          18   -0.844896    -0.84826 0.000839336
          19   -0.849072   -0.848303 0.000796247
          20   -0.846056    -0.84819 0.000764318
           0        -nan        -nan        -nan
           1   -0.844736   -0.844736           0
           2   -0.846616   -0.845676  0.00066468
           3   -0.846744   -0.846032 0.000529949
           4   -0.847536   -0.846408 0.000513817
           5   -0.848352   -0.846797 0.000538421
           6   -0.852104   -0.847681 0.000923752
           7   -0.844896   -0.847283 0.000873291
           8   -0.848192   -0.847397 0.000771479
           9   -0.853272    -0.84805 0.000921433
          10   -0.856136   -0.848858  0.00112969
          11   -0.846736   -0.848665  0.00104334
          12   -0.846464   -0.848482  0.00097239
          13   -0.847368   -0.848396 0.000901358
          14   -0.841576   -0.847909 0.000959638
          15   -0.845496   -0.847748 0.000909047
          16   -0.851128   -0.847959  0.00087643
          17    -0.84508    -0.84779 0.000841084
          18   -0.851264   -0.847983 0.000816199
          19   -0.845264    -0.84784 0.000785687
          20   -0.849544   -0.847925 0.000751008
           0        -nan        -nan        -nan
           1   -0.844736   -0.844736           0
           2   -0.846616   -0.845676  0.00066468
           3   -0.846744   -0.846032 0.000529949
           4   -0.847536   -0.846408 0.000513817
           5   -0.848352   -0.846797 0.000538421
           6   -0.852104   -0.847681 0.000923752
           7   -0.844896   -0.847283 0.000873291
           8   -0.848192   -0.847397 0.000771479
           9   -0.853272    -0.84805 0.000921433
          10   -0.856136   -0.848858  0.00112969
          11   -0.846736   -0.848665  0.00104334
          12   -0.846464   -0.848482  0.00097239
          13   -0.847368   -0.848396 0.000901358
          14   -0.841576   -0.847909 0.000959638
          15   -0.845496   -0.847748 0.000909047
          16   -0.851128   -0.847959  0.00087643
          17    -0.84508    -0.84779 0.000841084
          18   -0.851264   -0.847983 0.000816199
          19   -0.845264    -0.84784 0.000785687
          20   -0.849544   -0.847925 0.000751008
           0        -nan        -nan        -nan
           1   -0.844736   -0.844736           0
           2   -0.846616   -0.845676  0.00066468
           3   -0.846744   -0.846032 0.000529949
           4   -0.847536   -0.846408 0.000513817
           5   -0.848352   -0.846797 0.000538421
           6   -0.852104   -0.847681 0.000923752
           7   -0.844896   -0.847283 0.000873291
           8   -0.848192   -0.847397 0.000771479
           9   -0.853272    -0.84805 0.000921433
          10   -0.856136   -0.848858  0.00112969
          11   -0.846736   -0.848665  0.00104334
          12   -0.846464   -0.848482  0.00097239
          13   -0.847368   -0.848396 0.000901358
          14   -0.841576   -0.847909 0.000959638
          15   -0.845496   -0.847748 0.000909047
          16   -0.851128   -0.847959  0.00087643
          17    -0.84508    -0.84779 0.000841084
          18   -0.851264   -0.847983 0.000816199
          19   -0.845264    -0.84784 0.000785687
          20   -0.849544   -0.847925 0.000751008
          21   -0.850912   -0.848067 0.000728589
          22   -0.844896   -0.847923 0.000709589
          23   -0.849072   -0.847973 0.000680493
          24   -0.846056   -0.847893 0.000656811
          25    -0.84856    -0.84792  0.00063108
          26   -0.846896   -0.847881 0.000608035
          27   -0.846616   -0.847834 0.000587317
          28   -0.845856   -0.847763 0.000570573
          29   -0.850656   -0.847863  0.00055955
          30    -0.85216   -0.848006 0.000558931
          31    -0.85512   -0.848236 0.000586119
          32    -0.85092    -0.84832 0.000573775
          33    -0.84496   -0.848218 0.000565347
          34   -0.843912   -0.848091 0.000562724
          35   -0.849704   -0.848137  0.00054853
          36   -0.853192   -0.848278 0.000550971
          37   -0.845568   -0.848204 0.000540925
          38   -0.843928   -0.848092 0.000538269
          39   -0.846088    -0.84804 0.000526913
          40   -0.849376   -0.848074 0.000514797
