           0        -nan        -nan        -nan
           1    -0.76084    -0.76084           0
           2   -0.757288   -0.759064  0.00125582
           3   -0.759784   -0.759304 0.000859842
           4    -0.76224   -0.760038 0.000905505
           5   -0.763528   -0.760736 0.000956308
           6   -0.763912   -0.761265 0.000931977
           7   -0.763792   -0.761626 0.000865919
           8    -0.76044   -0.761478 0.000770271
           9   -0.763072   -0.761655 0.000704753
          10    -0.75868   -0.761358 0.000694241
          11   -0.763784   -0.761578 0.000665248
          12   -0.763456   -0.761735 0.000627946
          13   -0.758256   -0.761467 0.000634099
          14   -0.760584   -0.761404 0.000591935
          15   -0.760032   -0.761313 0.000559495
          16   -0.759304   -0.761187 0.000538425
          17   -0.763056   -0.761297 0.000517856
          18     -0.7584   -0.761136 0.000513487
          19   -0.762184   -0.761191 0.000489415
          20   -0.762528   -0.761258 0.000469486
           0        -nan        -nan        -nan
           1   -0.763528   -0.763528           0
           2   -0.763912    -0.76372 0.000135765
           3   -0.763792   -0.763744 9.26067e-05
           4    -0.76044   -0.762918 0.000718701
           5   -0.763072   -0.762949  0.00057562
           6    -0.75868   -0.762237 0.000807414
           7   -0.763784   -0.762458 0.000721668
           8   -0.763456   -0.762583 0.000642146
           9   -0.758256   -0.762102 0.000728884
          10   -0.760584    -0.76195 0.000671622
          11   -0.760032   -0.761776 0.000632803
          12   -0.759304    -0.76157 0.000612683
          13   -0.763056   -0.761684 0.000576118
          14     -0.7584    -0.76145 0.000580769
          15   -0.762184   -0.761499  0.00054411
          16   -0.762528   -0.761563 0.000513892
          17      -0.765   -0.761765 0.000521921
          18      -0.765   -0.761945 0.000522951
          19   -0.763272   -0.762015  0.00050007
          20   -0.760896   -0.761959 0.000478185
           0        -nan        -nan        -nan
           1    -0.76084    -0.76084           0
           2   -0.757288   -0.759064  0.00125582
           3   -0.759784   -0.759304 0.000859842
           4    -0.76224   -0.760038 0.000905505
           5   -0.763528   -0.760736 0.000956308
           6   -0.763912   -0.761265 0.000931977
           7   -0.763792   -0.761626 0.000865919
           8    -0.76044   -0.761478 0.000770271
           9   -0.763072   -0.761655 0.000704753
          10    -0.75868   -0.761358 0.000694241
          11   -0.763784   -0.761578 0.000665248
          12   -0.763456   -0.761735 0.000627946
          13   -0.758256   -0.761467 0.000634099
          14   -0.760584   -0.761404 0.000591935
          15   -0.760032   -0.761313 0.000559495
          16   -0.759304   -0.761187 0.000538425
          17   -0.763056   -0.761297 0.000517856
          18     -0.7584   -0.761136 0.000513487
          19   -0.762184   -0.761191 0.000489415
          20   -0.762528   -0.761258 0.000469486
           0        -nan        -nan        -nan
           1    -0.76084    -0.76084           0
           2   -0.757288   -0.759064  0.00125582
           3   -0.759784   -0.759304 0.000859842
           4    -0.76224   -0.760038 0.000905505
           5   -0.763528   -0.760736 0.000956308
           6   -0.763912   -0.761265 0.000931977
           7   -0.763792   -0.761626 0.000865919
           8    -0.76044   -0.761478 0.000770271
           9   -0.763072   -0.761655 0.000704753
          10    -0.75868   -0.761358 0.000694241
          11   -0.763784   -0.761578 0.000665248
          12   -0.763456   -0.761735 0.000627946
          13   -0.758256   -0.761467 0.000634099
          14   -0.760584   -0.761404 0.000591935
          15   -0.760032   -0.761313 0.000559495
          16   -0.759304   -0.761187 0.000538425
          17   -0.763056   -0.761297 0.000517856
          18     -0.7584   -0.761136 0.000513487
          19   -0.762184   -0.761191 0.000489415
          20   -0.762528   -0.761258 0.000469486
           0        -nan        -nan        -nan
           1    -0.76084    -0.76084           0
           2   -0.757288   -0.759064  0.00125582
           3   -0.759784   -0.759304 0.000859842
           4    -0.76224   -0.760038 0.000905505
           5   -0.763528   -0.760736 0.000956308
           6   -0.763912   -0.761265 0.000931977
           7   -0.763792   -0.761626 0.000865919
           8    -0.76044   -0.761478 0.000770271
           9   -0.763072   -0.761655 0.000704753
          10    -0.75868   -0.761358 0.000694241
          11   -0.763784   -0.761578 0.000665248
          12   -0.763456   -0.761735 0.000627946
          13   -0.758256   -0.761467 0.000634099
          14   -0.760584   -0.761404 0.000591935
          15   -0.760032   -0.761313 0.000559495
          16   -0.759304   -0.761187 0.000538425
          17   -0.763056   -0.761297 0.000517856
          18     -0.7584   -0.761136 0.000513487
          19   -0.762184   -0.761191 0.000489415
          20   -0.762528   -0.761258 0.000469486
          21      -0.765   -0.761436 0.000479755
          22      -0.765   -0.761598 0.000484525
          23   -0.763272   -0.761671 0.000468892
          24   -0.760896   -0.761639 0.000450466
          25   -0.763984   -0.761732 0.000442108
          26   -0.763784   -0.761811 0.000432087
          27   -0.759616    -0.76173 0.000423666
          28   -0.760568   -0.761689 0.000410563
          29   -0.760136   -0.761635 0.000399881
          30    -0.76492   -0.761745 0.000401263
          31   -0.762832    -0.76178  0.00038985
          32   -0.757552   -0.761648 0.000399425
          33    -0.76288   -0.761685 0.000389064
          34    -0.76148   -0.761679 0.000377667
          35   -0.759968    -0.76163 0.000370027
          36   -0.762792   -0.761662 0.000361153
          37   -0.762216   -0.761677 0.000351702
          38   -0.757768   -0.761574 0.000357176
          39   -0.760528   -0.761547 0.000349023
          40    -0.76572   -0.761652 0.000355544
