           0        -nan        -nan        -nan
           1    0.823812    0.823812           0
           2    0.683536    0.753674   0.0495951
           3    0.598896    0.702081   0.0535511
           4    0.748308    0.713638   0.0413916
           5    0.759792    0.722869    0.034127
           6    0.709344    0.720615   0.0285135
           7     0.55372    0.696773   0.0329327
           8    0.833292    0.713838    0.032942
           9     0.76796    0.719851   0.0298256
          10    0.791464    0.727012   0.0276895
          11    0.712124    0.725659   0.0252053
          12    0.866868    0.737426   0.0257054
          13    0.469936     0.71685   0.0308842
          14    0.648548    0.711971    0.029061
          15    0.649868    0.707831   0.0274169
          16    0.820504    0.714873   0.0265923
          17    0.778344    0.718607   0.0252888
          18    0.688252     0.71692   0.0239401
          19      0.6709    0.714498   0.0228022
          20    0.854064    0.721477   0.0227048
           0        -nan        -nan        -nan
           1    0.759792    0.759792           0
           2    0.709344    0.734568   0.0178361
           3     0.55372    0.674285   0.0506365
           4    0.833292    0.714037   0.0512584
           5     0.76796    0.724822    0.042126
           6    0.791464    0.735929   0.0365399
           7    0.712124    0.732528   0.0314778
           8    0.866868    0.749321   0.0317074
           9    0.469936    0.718278   0.0406317
          10    0.648548    0.711305   0.0371621
          11    0.649868     0.70572   0.0342008
          12    0.820504    0.715285    0.032661
          13    0.778344    0.720136   0.0305067
          14    0.688252    0.717858   0.0284125
          15      0.6709    0.714728   0.0266903
          16    0.854064    0.723436   0.0264046
          17    0.634892    0.718228   0.0253599
          18    0.598688    0.711587   0.0248054
          19    0.729204    0.712514   0.0235171
          20     0.81828    0.717802   0.0229282
           0        -nan        -nan        -nan
           1    0.823812    0.823812           0
           2    0.683536    0.753674   0.0495951
           3    0.598896    0.702081   0.0535511
           4    0.748308    0.713638   0.0413916
           5    0.759792    0.722869    0.034127
           6    0.709344    0.720615   0.0285135
           7     0.55372    0.696773   0.0329327
           8    0.833292    0.713838    0.032942
           9     0.76796    0.719851   0.0298256
          10    0.791464    0.727012   0.0276895
          11    0.712124    0.725659   0.0252053
          12    0.866868    0.737426   0.0257054
          13    0.469936     0.71685   0.0308842
          14    0.648548    0.711971    0.029061
          15    0.649868    0.707831   0.0274169
          16    0.820504    0.714873   0.0265923
          17    0.778344    0.718607   0.0252888
          18    0.688252     0.71692   0.0239401
          19      0.6709    0.714498   0.0228022
          20    0.854064    0.721477   0.0227048
           0        -nan        -nan        -nan
           1    0.683536    0.683536           0
           2    0.598896    0.641216   0.0299248
           3    0.748308    0.676913   0.0353204
           4    0.759792    0.697633   0.0319955
           5    0.709344    0.699975    0.025682
           6     0.55372    0.675599   0.0308737
           7    0.833292    0.698127   0.0336941
           8     0.76796    0.706856   0.0305921
           9    0.791464    0.716257    0.028601
          10    0.712124    0.715844   0.0257439
          11    0.866868    0.729573   0.0268158
          12    0.469936    0.707937   0.0321459
          13    0.648548    0.703368    0.029996
          14    0.649868    0.699547   0.0280958
          15    0.820504    0.707611   0.0273555
          16    0.778344    0.712032   0.0260005
          17    0.688252    0.710633   0.0245087
          18      0.6709    0.708425   0.0232463
          19    0.854064    0.716091   0.0232522
          20    0.634892    0.712031   0.0224412
           0        -nan        -nan        -nan
           1    0.598688    0.598688           0
           2    0.729204    0.663946   0.0461444
           3     0.81828    0.715391   0.0520646
           4    0.661324    0.701874   0.0407653
           5     0.75646    0.712791   0.0340427
           6    0.742444    0.717733   0.0287254
           7    0.708732    0.716447   0.0246506
           8     0.69112    0.713281   0.0217716
           9      0.8299    0.726239   0.0228859
          10    0.606968    0.714312   0.0235006
          11    0.720304    0.714857   0.0213705
          12    0.671328    0.711229   0.0198951
          13     0.75836    0.714855   0.0186921
          14    0.788664    0.720127   0.0180852
          15    0.764844    0.723108   0.0171235
          16    0.759672    0.725393    0.016205
          17    0.423172    0.707616   0.0230233
          18    0.646352    0.704212   0.0219944
          19    0.758124    0.707049    0.021019
          20    0.790964    0.711245   0.0203825
          21    0.837332    0.717249    0.020277
          22     0.71214    0.717017   0.0193566
          23    0.642904    0.713795   0.0187813
          24    0.643996    0.710887   0.0182226
          25    0.705084    0.710654   0.0174951
          26     0.58392     0.70578   0.0174881
          27    0.619928      0.7026    0.017127
          28      0.8189    0.706754   0.0170115
          29    0.636924    0.704346   0.0165945
          30    0.725704    0.705058   0.0160566
          31    0.814836    0.708599   0.0159244
          32     0.67662      0.7076    0.015458
          33    0.668124    0.706404   0.0150358
          34    0.614212    0.703692   0.0148361
          35    0.837504    0.707515   0.0148967
          36      0.7868    0.709718   0.0146448
          37    0.516892    0.704506   0.0151479
          38    0.859468    0.708584   0.0152883
          39    0.765456    0.710042   0.0149657
          40     0.64296    0.708365   0.0146852
