           0        -nan        -nan        -nan
           1    0.340831    0.340831           0
           2    0.348055    0.344443  0.00255408
           3    0.341201    0.343363  0.00191782
           4    0.333702    0.340947  0.00253844
           5    0.343808     0.34152  0.00209422
           6    0.337196    0.340799  0.00186504
           7    0.340056    0.340693  0.00160162
           8    0.346806    0.341457   0.0015732
           9    0.352359    0.342668  0.00180547
          10    0.347003    0.343102  0.00167616
          11    0.340567    0.342871  0.00153955
          12    0.325405    0.341416  0.00198337
          13    0.341842    0.341449  0.00183107
          14    0.358084    0.342637  0.00204987
          15    0.342258    0.342612  0.00191337
          16    0.346065    0.342827  0.00180592
          17    0.337918    0.342539  0.00172262
          18    0.340935     0.34245  0.00162922
          19    0.345468    0.342608   0.0015512
          20    0.347712    0.342864  0.00149448
           0        -nan        -nan        -nan
           1    0.343808    0.343808           0
           2    0.337196    0.340502  0.00233761
           3    0.340056    0.340353  0.00156311
           4    0.346806    0.341967  0.00182382
           5    0.352359    0.344045  0.00236319
           6    0.347003    0.344538  0.00202011
           7    0.340567    0.343971  0.00180944
           8    0.325405     0.34165  0.00268691
           9    0.341842    0.341671  0.00238845
          10    0.358084    0.343313  0.00265426
          11    0.342258    0.343217  0.00241469
          12    0.346065    0.343454   0.0022251
          13    0.337918    0.343028  0.00209429
          14    0.340935    0.342879  0.00195003
          15    0.345468    0.343051  0.00182765
          16    0.347712    0.343343  0.00173647
          17    0.330971    0.342615  0.00178031
          18    0.328982    0.341858  0.00183546
          19    0.341551    0.341841  0.00173893
          20    0.345577    0.342028  0.00166198
           0        -nan        -nan        -nan
           1    0.340831    0.340831           0
           2    0.348055    0.344443  0.00255408
           3    0.341201    0.343363  0.00191782
           4    0.333702    0.340947  0.00253844
           5    0.343808     0.34152  0.00209422
           6    0.337196    0.340799  0.00186504
           7    0.340056    0.340693  0.00160162
           8    0.346806    0.341457   0.0015732
           9    0.352359    0.342668  0.00180547
          10    0.347003    0.343102  0.00167616
          11    0.340567    0.342871  0.00153955
          12    0.325405    0.341416  0.00198337
          13    0.341842    0.341449  0.00183107
          14    0.358084    0.342637  0.00204987
          15    0.342258    0.342612  0.00191337
          16    0.346065    0.342827  0.00180592
          17    0.337918    0.342539  0.00172262
          18    0.340935     0.34245  0.00162922
          19    0.345468    0.342608   0.0015512
          20    0.347712    0.342864  0.00149448
           0        -nan        -nan        -nan
           1    0.340831    0.340831           0
           2    0.348055    0.344443  0.00255408
           3    0.341201    0.343363  0.00191782
           4    0.333702    0.340947  0.00253844
           5    0.343808     0.34152  0.00209422
           6    0.337196    0.340799  0.00186504
           7    0.340056    0.340693  0.00160162
           8    0.346806    0.341457   0.0015732
           9    0.352359    0.342668  0.00180547
          10    0.347003    0.343102  0.00167616
          11    0.340567    0.342871  0.00153955
          12    0.325405    0.341416  0.00198337
          13    0.341842    0.341449  0.00183107
          14    0.358084    0.342637  0.00204987
          15    0.342258    0.342612  0.00191337
          16    0.346065    0.342827  0.00180592
          17    0.337918    0.342539  0.00172262
          18    0.340935     0.34245  0.00162922
          19    0.345468    0.342608   0.0015512
          20    0.347712    0.342864  0.00149448
           0        -nan        -nan        -nan
           1    0.340831    0.340831           0
           2    0.348055    0.344443  0.00255408
           3    0.341201    0.343363  0.00191782
           4    0.333702    0.340947  0.00253844
           5    0.343808     0.34152  0.00209422
           6    0.337196    0.340799  0.00186504
           7    0.340056    0.340693  0.00160162
           8    0.346806    0.341457   0.0015732
           9    0.352359    0.342668  0.00180547
          10    0.347003    0.343102  0.00167616
          11    0.340567    0.342871  0.00153955
          12    0.325405    0.341416  0.00198337
          13    0.341842    0.341449  0.00183107
          14    0.358084    0.342637  0.00204987
          15    0.342258    0.342612  0.00191337
          16    0.346065    0.342827  0.00180592
          17    0.337918    0.342539  0.00172262
          18    0.340935     0.34245  0.00162922
          19    0.345468    0.342608   0.0015512
          20    0.347712    0.342864  0.00149448
          21    0.330971    0.342297  0.00152685
          22    0.328982    0.341692  0.00157284
          23    0.341551    0.341686  0.00150447
          24    0.345577    0.341848   0.0014505
          25    0.350309    0.342186  0.00143142
          26    0.339645    0.342089   0.0013797
          27    0.349315    0.342356   0.0013543
          28    0.345595    0.342472  0.00131087
          29    0.343055    0.342492  0.00126582
          30     0.33788    0.342338  0.00123292
          31    0.344324    0.342402  0.00119481
          32    0.350768    0.342664  0.00118573
          33     0.34048    0.342598  0.00115165
          34    0.339613     0.34251  0.00112112
          35    0.348741    0.342688  0.00110313
          36    0.348628    0.342853  0.00108476
          37    0.330075    0.342508  0.00110905
          38    0.341716    0.342487  0.00108006
          39    0.349589    0.342669  0.00106761
          40    0.352136    0.342906  0.00106683
           0        -nan        -nan        -nan
           1    0.340831    0.340831           0
           2    0.348055    0.344443  0.00255408
           3    0.341201    0.343363  0.00191782
           4    0.333702    0.340947  0.00253844
           5    0.343808     0.34152  0.00209422
           6    0.337196    0.340799  0.00186504
           7    0.340056    0.340693  0.00160162
           8    0.346806    0.341457   0.0015732
           9    0.352359    0.342668  0.00180547
          10    0.347003    0.343102  0.00167616
          11    0.340567    0.342871  0.00153955
          12    0.325405    0.341416  0.00198337
          13    0.341842    0.341449  0.00183107
          14    0.358084    0.342637  0.00204987
          15    0.342258    0.342612  0.00191337
          16    0.346065    0.342827  0.00180592
          17    0.337918    0.342539  0.00172262
          18    0.340935     0.34245  0.00162922
          19    0.345468    0.342608   0.0015512
          20    0.347712    0.342864  0.00149448
          21    0.330971    0.342297  0.00152685
          22    0.328982    0.341692  0.00157284
          23    0.341551    0.341686  0.00150447
          24    0.345577    0.341848   0.0014505
          25    0.350309    0.342186  0.00143142
          26    0.339645    0.342089   0.0013797
          27    0.349315    0.342356   0.0013543
          28    0.345595    0.342472  0.00131087
          29    0.343055    0.342492  0.00126582
          30     0.33788    0.342338  0.00123292
          31    0.344324    0.342402  0.00119481
          32    0.350768    0.342664  0.00118573
          33     0.34048    0.342598  0.00115165
          34    0.339613     0.34251  0.00112112
          35    0.348741    0.342688  0.00110313
          36    0.348628    0.342853  0.00108476
          37    0.330075    0.342508  0.00110905
          38    0.341716    0.342487  0.00108006
          39    0.349589    0.342669  0.00106761
          40    0.352136    0.342906  0.00106683
