           0        -nan        -nan        -nan
           1    0.054672    0.054672           0
           2    0.062504    0.058588  0.00276903
           3    0.069528   0.0622347  0.00350332
           4    0.088292    0.068749  0.00622343
           5    0.065564    0.068112  0.00501124
           6    0.051112   0.0652787  0.00491213
           7    0.053804   0.0636394  0.00447557
           8    0.075876    0.065169  0.00416931
           9    0.058732   0.0644538   0.0037669
          10    0.054788   0.0634872  0.00351203
          11    0.054632   0.0626822  0.00328372
          12    0.063164   0.0627223  0.00301032
          13     0.05746   0.0623175  0.00280585
          14    0.067772   0.0627071  0.00263234
          15    0.063392   0.0627528  0.00245724
          16    0.066012   0.0629565  0.00231209
          17      0.0473   0.0620355  0.00235237
          18    0.050204   0.0613782   0.0023117
          19    0.047468   0.0606461  0.00230304
          20    0.043708   0.0597992  0.00233843
           0        -nan        -nan        -nan
           1    0.065564    0.065564           0
           2    0.051112    0.058338  0.00510955
           3    0.053804   0.0568267    0.003623
           4    0.075876    0.061589  0.00493896
           5    0.058732   0.0610176  0.00398408
           6    0.054788   0.0599793  0.00345271
           7    0.054632   0.0592154   0.0030428
           8    0.063164    0.059709  0.00270218
           9     0.05746   0.0594591  0.00241347
          10    0.067772   0.0602904  0.00231085
          11    0.063392   0.0605724  0.00211791
          12    0.066012   0.0610257  0.00198933
          13      0.0473   0.0599698  0.00209786
          14    0.050204   0.0592723  0.00206073
          15    0.047468   0.0584853  0.00206816
          16    0.043708   0.0575617  0.00213518
          17    0.040196   0.0565402  0.00224066
          18     0.08164   0.0579347  0.00251289
          19     0.07148   0.0586476   0.0024797
          20    0.061424   0.0587864   0.0023596
           0        -nan        -nan        -nan
           1    0.054672    0.054672           0
           2    0.062504    0.058588  0.00276903
           3    0.069528   0.0622347  0.00350332
           4    0.088292    0.068749  0.00622343
           5    0.065564    0.068112  0.00501124
           6    0.051112   0.0652787  0.00491213
           7    0.053804   0.0636394  0.00447557
           8    0.075876    0.065169  0.00416931
           9    0.058732   0.0644538   0.0037669
          10    0.054788   0.0634872  0.00351203
          11    0.054632   0.0626822  0.00328372
          12    0.063164   0.0627223  0.00301032
          13     0.05746   0.0623175  0.00280585
          14    0.067772   0.0627071  0.00263234
          15    0.063392   0.0627528  0.00245724
          16    0.066012   0.0629565  0.00231209
          17      0.0473   0.0620355  0.00235237
          18    0.050204   0.0613782   0.0023117
          19    0.047468   0.0606461  0.00230304
          20    0.043708   0.0597992  0.00233843
           0        -nan        -nan        -nan
           1    0.062504    0.062504           0
           2    0.069528    0.066016  0.00248336
           3    0.088292   0.0734413  0.00628474
           4    0.065564    0.071472  0.00501262
           5    0.051112      0.0674  0.00541718
           6    0.053804    0.065134  0.00496568
           7    0.075876   0.0666686  0.00448716
           8    0.058732   0.0656765  0.00403444
           9    0.054788   0.0644667   0.0037632
          10    0.054632   0.0634832  0.00351304
          11    0.063164   0.0634542  0.00319379
          12     0.05746   0.0629547  0.00296645
          13    0.067772   0.0633252  0.00276131
          14    0.063392     0.06333  0.00256408
          15    0.066012   0.0635088  0.00239936
          16      0.0473   0.0624957  0.00245396
          17    0.050204   0.0617727  0.00241378
          18    0.047468    0.060978  0.00240696
          19    0.043708   0.0600691  0.00244588
          20    0.040196   0.0590754  0.00251735
           0        -nan        -nan        -nan
           1     0.08164     0.08164           0
           2     0.07148     0.07656   0.0035921
           3    0.061424   0.0715147  0.00476498
           4    0.049908    0.066113  0.00588686
           5    0.058472   0.0645848  0.00490383
           6    0.047968   0.0618153  0.00480534
           7      0.0269   0.0568274   0.0061879
           8    0.036628   0.0543025  0.00590713
           9    0.094772   0.0587991   0.0067486
          10    0.055692   0.0584884  0.00608089
          11    0.034924   0.0563462  0.00589335
          12    0.058136   0.0564953  0.00540413
          13    0.063316     0.05702  0.00501383
          14     0.07056   0.0579871  0.00474806
          15    0.071876   0.0589131   0.0045209
          16    0.042688    0.057899  0.00435059
          17    0.028536   0.0561718  0.00442428
          18    0.055744    0.056148  0.00417855
          19     0.07124   0.0569423  0.00403341
          20    0.074352   0.0578128  0.00392455
          21    0.070712    0.058427  0.00378543
          22     0.05254   0.0581595  0.00362281
          23    0.056432   0.0580843  0.00346608
          24    0.051284    0.057801  0.00333322
          25     0.04342   0.0572258  0.00324915
          26    0.068464    0.057658   0.0031528
          27    0.060484   0.0577627  0.00303777
          28    0.059868   0.0578379  0.00293021
          29    0.040448   0.0572382  0.00288987
          30    0.048968   0.0569625  0.00280666
          31    0.037504   0.0563348  0.00278543
          32    0.063872   0.0565704  0.00270832
          33    0.054912   0.0565201  0.00262672
          34    0.070324   0.0569261  0.00258065
          35    0.089344   0.0578523  0.00266796
          36    0.072212   0.0582512   0.0026235
          37    0.051192   0.0580604  0.00255952
          38    0.073148   0.0584575  0.00252277
          39    0.053604    0.058333  0.00246115
          40    0.032172    0.057679  0.00248501
           0        -nan        -nan        -nan
           1     0.08164     0.08164           0
           2     0.07148     0.07656   0.0035921
           3    0.061424   0.0715147  0.00476498
           4    0.049908    0.066113  0.00588686
           5    0.058472   0.0645848  0.00490383
           6    0.047968   0.0618153  0.00480534
           7      0.0269   0.0568274   0.0061879
           8    0.036628   0.0543025  0.00590713
           9    0.094772   0.0587991   0.0067486
          10    0.055692   0.0584884  0.00608089
          11    0.034924   0.0563462  0.00589335
          12    0.058136   0.0564953  0.00540413
          13    0.063316     0.05702  0.00501383
          14     0.07056   0.0579871  0.00474806
          15    0.071876   0.0589131   0.0045209
          16    0.042688    0.057899  0.00435059
          17    0.028536   0.0561718  0.00442428
          18    0.055744    0.056148  0.00417855
          19     0.07124   0.0569423  0.00403341
          20    0.074352   0.0578128  0.00392455
          21    0.070712    0.058427  0.00378543
          22     0.05254   0.0581595  0.00362281
          23    0.056432   0.0580843  0.00346608
          24    0.051284    0.057801  0.00333322
          25     0.04342   0.0572258  0.00324915
          26    0.068464    0.057658   0.0031528
          27    0.060484   0.0577627  0.00303777
          28    0.059868   0.0578379  0.00293021
          29    0.040448   0.0572382  0.00288987
          30    0.048968   0.0569625  0.00280666
          31    0.037504   0.0563348  0.00278543
          32    0.063872   0.0565704  0.00270832
          33    0.054912   0.0565201  0.00262672
          34    0.070324   0.0569261  0.00258065
          35    0.089344   0.0578523  0.00266796
          36    0.072212   0.0582512   0.0026235
          37    0.051192   0.0580604  0.00255952
          38    0.073148   0.0584575  0.00252277
          39    0.053604    0.058333  0.00246115
          40    0.032172    0.057679  0.00248501
