           0        -nan        -nan        -nan
           1    0.469856    0.469856           0
           2    0.438476    0.454166   0.0110945
           3    0.463384    0.457239  0.00781025
           4    0.437644     0.45234  0.00723258
           5    0.475372    0.456946  0.00710307
           6     0.49392    0.463109   0.0081659
           7     0.37612    0.450682   0.0134669
           8    0.414412    0.446148   0.0125235
           9     0.38122    0.438934   0.0130454
          10     0.29612    0.424652   0.0179279
          11    0.497644    0.431288    0.017483
          12    0.445144    0.432443   0.0160642
          13    0.370884    0.427707   0.0155107
          14    0.479144    0.431381   0.0148316
          15    0.296628    0.422398   0.0163385
          16    0.413616    0.421849   0.0153266
          17    0.443472    0.423121   0.0144777
          18    0.429564    0.423479   0.0136778
          19    0.577036    0.431561   0.0151588
          20    0.501316    0.435049   0.0147966
           0        -nan        -nan        -nan
           1    0.475372    0.475372           0
           2     0.49392    0.484646  0.00655771
           3     0.37612    0.448471   0.0298588
           4    0.414412    0.439956   0.0235769
           5     0.38122    0.428209   0.0215906
           6     0.29612    0.406194    0.026974
           7    0.497644    0.419258   0.0260932
           8    0.445144    0.422494   0.0230313
           9    0.370884     0.41676   0.0211741
          10    0.479144    0.422998   0.0199545
          11    0.296628     0.41151    0.021191
          12    0.413616    0.411685   0.0194258
          13    0.443472     0.41413   0.0180847
          14    0.429564    0.415233   0.0168265
          15    0.577036     0.42602   0.0188478
          16    0.501316    0.430726   0.0182479
          17    0.416824    0.429908   0.0171928
          18    0.432268    0.430039   0.0162381
          19    0.554036    0.436565   0.0166433
          20     0.55422    0.442448   0.0168187
           0        -nan        -nan        -nan
           1    0.469856    0.469856           0
           2    0.438476    0.454166   0.0110945
           3    0.463384    0.457239  0.00781025
           4    0.437644     0.45234  0.00723258
           5    0.475372    0.456946  0.00710307
           6     0.49392    0.463109   0.0081659
           7     0.37612    0.450682   0.0134669
           8    0.414412    0.446148   0.0125235
           9     0.38122    0.438934   0.0130454
          10     0.29612    0.424652   0.0179279
          11    0.497644    0.431288    0.017483
          12    0.445144    0.432443   0.0160642
          13    0.370884    0.427707   0.0155107
          14    0.479144    0.431381   0.0148316
          15    0.296628    0.422398   0.0163385
          16    0.413616    0.421849   0.0153266
          17    0.443472    0.423121   0.0144777
          18    0.429564    0.423479   0.0136778
          19    0.577036    0.431561   0.0151588
          20    0.501316    0.435049   0.0147966
           0        -nan        -nan        -nan
           1    0.438476    0.438476           0
           2    0.463384     0.45093  0.00880631
           3    0.437644    0.446501  0.00689511
           4    0.475372    0.453719  0.00811256
           5     0.49392    0.461759  0.00968693
           6     0.37612    0.447486   0.0153276
           7    0.414412    0.442761    0.013847
           8     0.38122    0.435069   0.0140919
           9     0.29612     0.41963   0.0192035
          10    0.497644    0.427431   0.0188011
          11    0.445144    0.429041   0.0171608
          12    0.370884    0.424195   0.0164008
          13    0.479144    0.428422   0.0156744
          14    0.296628    0.419008   0.0171503
          15    0.413616    0.418649   0.0160107
          16    0.443472      0.4202    0.015085
          17    0.429564    0.420751   0.0142077
          18    0.577036    0.429433   0.0158509
          19    0.501316    0.433217   0.0154616
          20    0.416824    0.432397   0.0147102
           0        -nan        -nan        -nan
           1    0.432268    0.432268           0
           2    0.554036    0.493152   0.0430515
           3     0.55422    0.513508   0.0331661
           4    0.447872    0.497099   0.0286476
           5    0.544268    0.506533   0.0244221
           6    0.499256     0.50532   0.0203818
           7     0.25928    0.470171   0.0369342
           8     0.57458    0.483222   0.0345465
           9     0.55286     0.49096   0.0315626
          10    0.425344    0.484398   0.0290804
          11    0.489252     0.48484     0.02644
          12    0.396528     0.47748   0.0252401
          13    0.579664    0.485341   0.0244919
          14    0.636132    0.496111   0.0249989
          15    0.507112    0.496845   0.0233431
          16     0.42454    0.492326   0.0223173
          17    0.366976    0.484952   0.0221892
          18      0.4038    0.480444   0.0214096
          19    0.364956    0.474365    0.021128
          20    0.498408    0.475568   0.0201057
          21    0.506412    0.477036   0.0192019
          22    0.493648    0.477791   0.0183439
          23    0.476148     0.47772   0.0175465
          24    0.412168    0.474989   0.0170267
          25     0.27962    0.467174   0.0180501
          26    0.391772    0.464274   0.0175873
          27    0.403244    0.462013   0.0170805
          28    0.477604     0.46257   0.0164796
          29     0.38578    0.459922   0.0161227
          30    0.452672    0.459681   0.0155871
          31      0.4521    0.459436   0.0150862
          32    0.430044    0.458518   0.0146427
          33    0.351412    0.455272   0.0145542
          34    0.457624    0.455341   0.0141263
          35    0.615132    0.459907   0.0144416
          36    0.528576    0.461814   0.0141659
          37    0.396012    0.460036   0.0138942
          38    0.559112    0.462643    0.013771
          39    0.423036    0.461627   0.0134553
          40    0.379636    0.459578   0.0132741
