           0        -nan        -nan        -nan
           1     7.13139     7.13139           0
           2     6.92418     7.02778   0.0732619
           3     8.02928     7.36162    0.276914
           4     7.39662     7.37037    0.207824
           5     6.91812     7.27992    0.184897
           6     6.98278      7.2304    0.160576
           7     7.38536     7.25253    0.139154
           8     7.30504      7.2591    0.121915
           9     7.83406     7.32298    0.123982
          10     7.27327     7.31801    0.111683
          11     7.14727     7.30249    0.102603
          12      7.2445     7.29766   0.0941666
          13     7.48579     7.31213    0.088028
          14     7.80725     7.34749     0.08856
          15     6.94864      7.3209   0.0865559
          16     7.89772     7.35696   0.0883354
          17     7.58433     7.37033   0.0841456
          18     6.01834     7.29522    0.107907
          19     7.31163     7.29608    0.102231
          20     7.49286     7.30592   0.0975915
           0        -nan        -nan        -nan
           1     6.91812     6.91812           0
           2     6.98278     6.95045   0.0228622
           3     7.38536     7.09542    0.119344
           4     7.30504     7.14783    0.100356
           5     7.83406     7.28507    0.146679
           6     7.27327     7.28311    0.122246
           7     7.14727      7.2637    0.106311
           8      7.2445      7.2613   0.0930495
           9     7.48579     7.28624   0.0859889
          10     7.80725     7.33834   0.0918271
          11     6.94864     7.30292   0.0900544
          12     7.89772     7.35248   0.0952188
          13     7.58433     7.37032   0.0895488
          14     6.01834     7.27375    0.124796
          15     7.31163     7.27627    0.116502
          16     7.49286     7.28981    0.110004
          17     7.45449      7.2995    0.103959
          18     7.87327     7.33137    0.102954
          19     6.64279     7.29513    0.103718
          20     6.90662     7.27571    0.100335
           0        -nan        -nan        -nan
           1     7.13139     7.13139           0
           2     6.92418     7.02778   0.0732619
           3     8.02928     7.36162    0.276914
           4     7.39662     7.37037    0.207824
           5     6.91812     7.27992    0.184897
           6     6.98278      7.2304    0.160576
           7     7.38536     7.25253    0.139154
           8     7.30504      7.2591    0.121915
           9     7.83406     7.32298    0.123982
          10     7.27327     7.31801    0.111683
          11     7.14727     7.30249    0.102603
          12      7.2445     7.29766   0.0941666
          13     7.48579     7.31213    0.088028
          14     7.80725     7.34749     0.08856
          15     6.94864      7.3209   0.0865559
          16     7.89772     7.35696   0.0883354
          17     7.58433     7.37033   0.0841456
          18     6.01834     7.29522    0.107907
          19     7.31163     7.29608    0.102231
          20     7.49286     7.30592   0.0975915
           0        -nan        -nan        -nan
           1     7.13139     7.13139           0
           2     6.92418     7.02778   0.0732619
           3     8.02928     7.36162    0.276914
           4     7.39662     7.37037    0.207824
           5     6.91812     7.27992    0.184897
           6     6.98278      7.2304    0.160576
           7     7.38536     7.25253    0.139154
           8     7.30504      7.2591    0.121915
           9     7.83406     7.32298    0.123982
          10     7.27327     7.31801    0.111683
          11     7.14727     7.30249    0.102603
          12      7.2445     7.29766   0.0941666
          13     7.48579     7.31213    0.088028
          14     7.80725     7.34749     0.08856
          15     6.94864      7.3209   0.0865559
          16     7.89772     7.35696   0.0883354
          17     7.58433     7.37033   0.0841456
          18     6.01834     7.29522    0.107907
          19     7.31163     7.29608    0.102231
          20     7.49286     7.30592   0.0975915
           0        -nan        -nan        -nan
           1     7.13139     7.13139           0
           2     6.92418     7.02778   0.0732619
           3     8.02928     7.36162    0.276914
           4     7.39662     7.37037    0.207824
           5     6.91812     7.27992    0.184897
           6     6.98278      7.2304    0.160576
           7     7.38536     7.25253    0.139154
           8     7.30504      7.2591    0.121915
           9     7.83406     7.32298    0.123982
          10     7.27327     7.31801    0.111683
          11     7.14727     7.30249    0.102603
          12      7.2445     7.29766   0.0941666
          13     7.48579     7.31213    0.088028
          14     7.80725     7.34749     0.08856
          15     6.94864      7.3209   0.0865559
          16     7.89772     7.35696   0.0883354
          17     7.58433     7.37033   0.0841456
          18     6.01834     7.29522    0.107907
          19     7.31163     7.29608    0.102231
          20     7.49286     7.30592   0.0975915
          21     7.45449       7.313   0.0932004
          22     7.87327     7.33846   0.0923779
          23     6.64279     7.30822   0.0931817
          24     6.90662     7.29148   0.0907892
          25     7.87356     7.31477   0.0900937
          26     7.96643     7.33983   0.0900475
          27     7.12031      7.3317   0.0870786
          28      6.9419     7.31778   0.0850742
          29     7.13226     7.31138   0.0823808
          30     7.58542     7.32052   0.0801396
          31      7.7777     7.33526   0.0788998
          32     6.99911     7.32476   0.0771303
          33     7.52998     7.33098   0.0750433
          34     6.85646     7.31702   0.0741225
          35     7.32162     7.31715   0.0720049
          36     7.56819     7.32413   0.0703416
          37     7.11393     7.31845   0.0686695
          38     6.05869     7.28529   0.0744357
          39     6.91758     7.27587   0.0731219
          40     7.29677     7.27639   0.0712957
           0        -nan        -nan        -nan
           1     7.13139     7.13139           0
           2     6.92418     7.02778   0.0732619
           3     8.02928     7.36162    0.276914
           4     7.39662     7.37037    0.207824
           5     6.91812     7.27992    0.184897
           6     6.98278      7.2304    0.160576
           7     7.38536     7.25253    0.139154
           8     7.30504      7.2591    0.121915
           9     7.83406     7.32298    0.123982
          10     7.27327     7.31801    0.111683
          11     7.14727     7.30249    0.102603
          12      7.2445     7.29766   0.0941666
          13     7.48579     7.31213    0.088028
          14     7.80725     7.34749     0.08856
          15     6.94864      7.3209   0.0865559
          16     7.89772     7.35696   0.0883354
          17     7.58433     7.37033   0.0841456
          18     6.01834     7.29522    0.107907
          19     7.31163     7.29608    0.102231
          20     7.49286     7.30592   0.0975915
          21     7.45449       7.313   0.0932004
          22     7.87327     7.33846   0.0923779
          23     6.64279     7.30822   0.0931817
          24     6.90662     7.29148   0.0907892
          25     7.87356     7.31477   0.0900937
          26     7.96643     7.33983   0.0900475
          27     7.12031      7.3317   0.0870786
          28      6.9419     7.31778   0.0850742
          29     7.13226     7.31138   0.0823808
          30     7.58542     7.32052   0.0801396
          31      7.7777     7.33526   0.0788998
          32     6.99911     7.32476   0.0771303
          33     7.52998     7.33098   0.0750433
          34     6.85646     7.31702   0.0741225
          35     7.32162     7.31715   0.0720049
          36     7.56819     7.32413   0.0703416
          37     7.11393     7.31845   0.0686695
          38     6.05869     7.28529   0.0744357
          39     6.91758     7.27587   0.0731219
          40     7.29677     7.27639   0.0712957
