           0        -nan        -nan        -nan
           1     50.4349     50.4349           0
           2     38.9407     44.6878     4.06379
           3     39.4193     42.9316     3.06526
           4     40.0757     42.2176     2.38065
           5     36.7991     41.1339     2.13699
           6     41.5688     41.2064     1.78205
           7     42.7929      41.433     1.54182
           8     36.6916     40.8404     1.45856
           9     37.5956     40.4798     1.34032
          10     53.1964     41.7515     1.70602
          11     47.0672     42.2347     1.61793
          12     42.8739      42.288     1.48398
          13     39.0511      42.039     1.39056
          14     37.4693     41.7126     1.32899
          15     47.6795     42.1104     1.29856
          16       43.86     42.2197     1.22199
          17     46.8718     42.4934     1.18035
          18     45.0369     42.6347     1.12321
          19     43.6248     42.6868      1.0653
          20      40.945     42.5997     1.01559
           0        -nan        -nan        -nan
           1     36.7991     36.7991           0
           2     41.5688     39.1839     1.68632
           3     42.7929     40.3869     1.49285
           4     36.6916     39.4631     1.37612
           5     37.5956     39.0896     1.15046
           6     53.1964     41.4407     2.35067
           7     47.0672     42.2445     2.14789
           8     42.8739     42.3232     1.88084
           9     39.0511     41.9596     1.70664
          10     37.4693     41.5106     1.59395
          11     47.6795     42.0714     1.54456
          12       43.86     42.2205     1.42302
          13     46.8718     42.5782     1.35779
          14     45.0369     42.7539     1.27211
          15     43.6248     42.8119     1.18863
          16      40.945     42.6952     1.12005
          17      46.251     42.9044     1.07352
          18     40.2512      42.757     1.02395
          19     52.8567     43.2886     1.09941
          20     53.1763      43.783     1.15024
           0        -nan        -nan        -nan
           1     50.4349     50.4349           0
           2     38.9407     44.6878     4.06379
           3     39.4193     42.9316     3.06526
           4     40.0757     42.2176     2.38065
           5     36.7991     41.1339     2.13699
           6     41.5688     41.2064     1.78205
           7     42.7929      41.433     1.54182
           8     36.6916     40.8404     1.45856
           9     37.5956     40.4798     1.34032
          10     53.1964     41.7515     1.70602
          11     47.0672     42.2347     1.61793
          12     42.8739      42.288     1.48398
          13     39.0511      42.039     1.39056
          14     37.4693     41.7126     1.32899
          15     47.6795     42.1104     1.29856
          16       43.86     42.2197     1.22199
          17     46.8718     42.4934     1.18035
          18     45.0369     42.6347     1.12321
          19     43.6248     42.6868      1.0653
          20      40.945     42.5997     1.01559
           0        -nan        -nan        -nan
           1     50.4349     50.4349           0
           2     38.9407     44.6878     4.06379
           3     39.4193     42.9316     3.06526
           4     40.0757     42.2176     2.38065
           5     36.7991     41.1339     2.13699
           6     41.5688     41.2064     1.78205
           7     42.7929      41.433     1.54182
           8     36.6916     40.8404     1.45856
           9     37.5956     40.4798     1.34032
          10     53.1964     41.7515     1.70602
          11     47.0672     42.2347     1.61793
          12     42.8739      42.288     1.48398
          13     39.0511      42.039     1.39056
          14     37.4693     41.7126     1.32899
          15     47.6795     42.1104     1.29856
          16       43.86     42.2197     1.22199
          17     46.8718     42.4934     1.18035
          18     45.0369     42.6347     1.12321
          19     43.6248     42.6868      1.0653
          20      40.945     42.5997     1.01559
           0        -nan        -nan        -nan
           1     50.4349     50.4349           0
           2     38.9407     44.6878     4.06379
           3     39.4193     42.9316     3.06526
           4     40.0757     42.2176     2.38065
           5     36.7991     41.1339     2.13699
           6     41.5688     41.2064     1.78205
           7     42.7929      41.433     1.54182
           8     36.6916     40.8404     1.45856
           9     37.5956     40.4798     1.34032
          10     53.1964     41.7515     1.70602
          11     47.0672     42.2347     1.61793
          12     42.8739      42.288     1.48398
          13     39.0511      42.039     1.39056
          14     37.4693     41.7126     1.32899
          15     47.6795     42.1104     1.29856
          16       43.86     42.2197     1.22199
          17     46.8718     42.4934     1.18035
          18     45.0369     42.6347     1.12321
          19     43.6248     42.6868      1.0653
          20      40.945     42.5997     1.01559
          21      46.251     42.7736    0.981996
          22     40.2512     42.6589    0.944029
          23     52.8567     43.1023     1.00171
          24     53.1763     43.5221     1.04422
          25     38.8619     43.3357     1.01895
          26     39.4366     43.1857    0.990735
          27     52.5946     43.5342     1.01348
          28     43.2489      43.524    0.977332
          29     46.0089     43.6097     0.94738
          30     47.7112     43.7464    0.925613
          31     48.3587     43.8952    0.907633
          32     47.1201      43.996    0.884847
          33     37.5631      43.801    0.879244
          34      39.571     43.6766    0.862141
          35     42.2466     43.6357    0.838476
          36     41.1988     43.5681    0.817913
          37     49.6738     43.7331    0.812284
          38     47.3006      43.827    0.796315
          39     41.8829     43.7771    0.777455
          40     43.8946       43.78    0.758024
           0        -nan        -nan        -nan
           1     50.4349     50.4349           0
           2     38.9407     44.6878     4.06379
           3     39.4193     42.9316     3.06526
           4     40.0757     42.2176     2.38065
           5     36.7991     41.1339     2.13699
           6     41.5688     41.2064     1.78205
           7     42.7929      41.433     1.54182
           8     36.6916     40.8404     1.45856
           9     37.5956     40.4798     1.34032
          10     53.1964     41.7515     1.70602
          11     47.0672     42.2347     1.61793
          12     42.8739      42.288     1.48398
          13     39.0511      42.039     1.39056
          14     37.4693     41.7126     1.32899
          15     47.6795     42.1104     1.29856
          16       43.86     42.2197     1.22199
          17     46.8718     42.4934     1.18035
          18     45.0369     42.6347     1.12321
          19     43.6248     42.6868      1.0653
          20      40.945     42.5997     1.01559
          21      46.251     42.7736    0.981996
          22     40.2512     42.6589    0.944029
          23     52.8567     43.1023     1.00171
          24     53.1763     43.5221     1.04422
          25     38.8619     43.3357     1.01895
          26     39.4366     43.1857    0.990735
          27     52.5946     43.5342     1.01348
          28     43.2489      43.524    0.977332
          29     46.0089     43.6097     0.94738
          30     47.7112     43.7464    0.925613
          31     48.3587     43.8952    0.907633
          32     47.1201      43.996    0.884847
          33     37.5631      43.801    0.879244
          34      39.571     43.6766    0.862141
          35     42.2466     43.6357    0.838476
          36     41.1988     43.5681    0.817913
          37     49.6738     43.7331    0.812284
          38     47.3006      43.827    0.796315
          39     41.8829     43.7771    0.777455
          40     43.8946       43.78    0.758024
