           0        -nan        -nan        -nan
           1   -0.528584   -0.528584           0
           2    -0.52568   -0.527132  0.00102672
           3   -0.527408   -0.527224 0.000688589
           4   -0.529752   -0.527856 0.000752516
           5   -0.531088   -0.528502 0.000834677
           6   -0.527328   -0.528307 0.000718147
           7   -0.528904   -0.528392 0.000620604
           8   -0.531136   -0.528735 0.000630732
           9   -0.527536   -0.528602 0.000574548
          10   -0.526976   -0.528439 0.000539605
          11    -0.53024   -0.528603 0.000514785
          12   -0.529344   -0.528665 0.000475576
          13    -0.52784   -0.528601 0.000443204
          14   -0.528072   -0.528563 0.000413156
          15   -0.527096   -0.528466 0.000397025
          16   -0.528024   -0.528438 0.000373169
          17   -0.528912   -0.528466 0.000352258
          18    -0.52496   -0.528271 0.000382766
          19    -0.52796   -0.528255  0.00036297
          20   -0.528664   -0.528275 0.000345398
           0        -nan        -nan        -nan
           1   -0.531088   -0.531088           0
           2   -0.527328   -0.529208  0.00132936
           3   -0.528904   -0.529107 0.000890094
           4   -0.531136   -0.529614 0.000799181
           5   -0.527536   -0.529198 0.000739555
           6   -0.526976   -0.528828 0.000702958
           7    -0.53024    -0.52903 0.000630813
           8   -0.529344   -0.529069 0.000553183
           9    -0.52784   -0.528932 0.000508294
          10   -0.528072   -0.528846  0.00046469
          11   -0.527096   -0.528687 0.000448865
          12   -0.528024   -0.528632 0.000414849
          13   -0.528912   -0.528654 0.000383496
          14    -0.52496    -0.52839  0.00043754
          15    -0.52796   -0.528361 0.000409307
          16   -0.528664    -0.52838 0.000384163
          17   -0.529328   -0.528436  0.00036559
          18   -0.529888   -0.528516  0.00035407
          19   -0.529104   -0.528547 0.000336783
          20   -0.529176   -0.528579 0.000321407
           0        -nan        -nan        -nan
           1   -0.528584   -0.528584           0
           2    -0.52568   -0.527132  0.00102672
           3   -0.527408   -0.527224 0.000688589
           4   -0.529752   -0.527856 0.000752516
           5   -0.531088   -0.528502 0.000834677
           6   -0.527328   -0.528307 0.000718147
           7   -0.528904   -0.528392 0.000620604
           8   -0.531136   -0.528735 0.000630732
           9   -0.527536   -0.528602 0.000574548
          10   -0.526976   -0.528439 0.000539605
          11    -0.53024   -0.528603 0.000514785
          12   -0.529344   -0.528665 0.000475576
          13    -0.52784   -0.528601 0.000443204
          14   -0.528072   -0.528563 0.000413156
          15   -0.527096   -0.528466 0.000397025
          16   -0.528024   -0.528438 0.000373169
          17   -0.528912   -0.528466 0.000352258
          18    -0.52496   -0.528271 0.000382766
          19    -0.52796   -0.528255  0.00036297
          20   -0.528664   -0.528275 0.000345398
           0        -nan        -nan        -nan
           1   -0.528584   -0.528584           0
           2    -0.52568   -0.527132  0.00102672
           3   -0.527408   -0.527224 0.000688589
           4   -0.529752   -0.527856 0.000752516
           5   -0.531088   -0.528502 0.000834677
           6   -0.527328   -0.528307 0.000718147
           7   -0.528904   -0.528392 0.000620604
           8   -0.531136   -0.528735 0.000630732
           9   -0.527536   -0.528602 0.000574548
          10   -0.526976   -0.528439 0.000539605
          11    -0.53024   -0.528603 0.000514785
          12   -0.529344   -0.528665 0.000475576
          13    -0.52784   -0.528601 0.000443204
          14   -0.528072   -0.528563 0.000413156
          15   -0.527096   -0.528466 0.000397025
          16   -0.528024   -0.528438 0.000373169
          17   -0.528912   -0.528466 0.000352258
          18    -0.52496   -0.528271 0.000382766
          19    -0.52796   -0.528255  0.00036297
          20   -0.528664   -0.528275 0.000345398
           0        -nan        -nan        -nan
           1   -0.528584   -0.528584           0
           2    -0.52568   -0.527132  0.00102672
           3   -0.527408   -0.527224 0.000688589
           4   -0.529752   -0.527856 0.000752516
           5   -0.531088   -0.528502 0.000834677
           6   -0.527328   -0.528307 0.000718147
           7   -0.528904   -0.528392 0.000620604
           8   -0.531136   -0.528735 0.000630732
           9   -0.527536   -0.528602 0.000574548
          10   -0.526976   -0.528439 0.000539605
          11    -0.53024   -0.528603 0.000514785
          12   -0.529344   -0.528665 0.000475576
          13    -0.52784   -0.528601 0.000443204
          14   -0.528072   -0.528563 0.000413156
          15   -0.527096   -0.528466 0.000397025
          16   -0.528024   -0.528438 0.000373169
          17   -0.528912   -0.528466 0.000352258
          18    -0.52496   -0.528271 0.000382766
          19    -0.52796   -0.528255  0.00036297
          20   -0.528664   -0.528275 0.000345398
          21   -0.529328   -0.528325 0.000332569
          22   -0.529888   -0.528396 0.000324949
          23   -0.529104   -0.528427 0.000312274
          24   -0.529176   -0.528458 0.000300818
          25   -0.525936   -0.528357 0.000305236
          26   -0.525448   -0.528246 0.000313337
          27   -0.526496   -0.528181  0.00030836
          28   -0.528952   -0.528208 0.000298574
          29       -0.53    -0.52827 0.000294602
          30    -0.52988   -0.528324 0.000289628
          31   -0.530368    -0.52839 0.000287695
          32     -0.5274   -0.528359 0.000280362
          33     -0.5294    -0.52839 0.000273636
          34    -0.52664   -0.528339 0.000270387
          35   -0.529144   -0.528362 0.000263638
          36   -0.529968   -0.528406 0.000260063
          37   -0.528288   -0.528403 0.000253054
          38   -0.523096   -0.528264 0.000282317
          39   -0.529016   -0.528283 0.000275737
          40   -0.530872   -0.528348 0.000276336
