           0        -nan        -nan        -nan
           1    0.047376    0.047376           0
           2    0.058312    0.052844  0.00386646
           3    0.054144   0.0532773  0.00260181
           4    0.063248     0.05577  0.00290995
           5    0.054104   0.0554368  0.00234696
           6    0.043996     0.05353  0.00261822
           7      0.0466     0.05254  0.00242414
           8    0.061268    0.053631  0.00235386
           9    0.053644   0.0536324  0.00209232
          10    0.048928    0.053162  0.00193525
          11    0.050384   0.0529095  0.00177572
          12    0.057972   0.0533313  0.00167711
          13    0.059012   0.0537683  0.00160402
          14     0.05824   0.0540877  0.00152092
          15    0.047988   0.0536811  0.00147288
          16    0.059444   0.0540412  0.00142419
          17    0.031576   0.0527198  0.00185481
          18    0.042264   0.0521389  0.00184047
          19     0.03576   0.0512768  0.00193499
          20      0.0371    0.050568  0.00196378
           0        -nan        -nan        -nan
           1    0.054104    0.054104           0
           2    0.043996     0.04905  0.00357372
           3      0.0466   0.0482333  0.00247403
           4    0.061268    0.051492  0.00337745
           5    0.053644   0.0519224  0.00272924
           6    0.048928   0.0514233  0.00231955
           7    0.050384   0.0512749  0.00199293
           8    0.057972    0.052112  0.00191157
           9    0.059012   0.0528787  0.00184653
          10     0.05824   0.0534148  0.00173796
          11    0.047988   0.0529215   0.0016485
          12    0.059444    0.053465  0.00159823
          13    0.031576   0.0517812   0.0021894
          14    0.042264   0.0511014  0.00213595
          15     0.03576   0.0500787  0.00222498
          16      0.0371   0.0492675  0.00222889
          17    0.031344   0.0482132  0.00233385
          18    0.062484    0.049006  0.00233498
          19     0.06038   0.0496046  0.00228753
          20    0.060204   0.0501346   0.0022337
           0        -nan        -nan        -nan
           1    0.047376    0.047376           0
           2    0.058312    0.052844  0.00386646
           3    0.054144   0.0532773  0.00260181
           4    0.063248     0.05577  0.00290995
           5    0.054104   0.0554368  0.00234696
           6    0.043996     0.05353  0.00261822
           7      0.0466     0.05254  0.00242414
           8    0.061268    0.053631  0.00235386
           9    0.053644   0.0536324  0.00209232
          10    0.048928    0.053162  0.00193525
          11    0.050384   0.0529095  0.00177572
          12    0.057972   0.0533313  0.00167711
          13    0.059012   0.0537683  0.00160402
          14     0.05824   0.0540877  0.00152092
          15    0.047988   0.0536811  0.00147288
          16    0.059444   0.0540412  0.00142419
          17    0.031576   0.0527198  0.00185481
          18    0.042264   0.0521389  0.00184047
          19     0.03576   0.0512768  0.00193499
          20      0.0371    0.050568  0.00196378
           0        -nan        -nan        -nan
           1    0.058312    0.058312           0
           2    0.054144    0.056228  0.00147361
           3    0.063248    0.058568  0.00214838
           4    0.054104    0.057452  0.00187892
           5    0.043996   0.0547608  0.00283786
           6      0.0466   0.0534007  0.00267101
           7    0.061268   0.0545246  0.00251481
           8    0.053644   0.0544145  0.00220286
           9    0.048928   0.0538049  0.00204071
          10    0.050384   0.0534628  0.00186509
          11    0.057972   0.0538727     0.00174
          12    0.059012    0.054301  0.00164686
          13     0.05824    0.054604  0.00154781
          14    0.047988   0.0541314  0.00150766
          15    0.059444   0.0544856  0.00144816
          16    0.031576   0.0530537  0.00194043
          17    0.042264   0.0524191  0.00192729
          18     0.03576   0.0514936  0.00203031
          19      0.0371    0.050736  0.00205994
          20    0.031344   0.0497664  0.00217319
           0        -nan        -nan        -nan
           1    0.062484    0.062484           0
           2     0.06038    0.061432 0.000743876
           3    0.060204   0.0610227 0.000598027
           4    0.050336    0.058351   0.0023568
           5    0.059352   0.0585512  0.00189393
           6    0.052252   0.0575013  0.00184647
           7    0.019388   0.0520566  0.00528349
           8      0.0263    0.048837  0.00551748
           9    0.073052   0.0515276  0.00552161
          10    0.056968   0.0520716  0.00499618
          11    0.030632   0.0501225  0.00490745
          12    0.054292     0.05047  0.00451078
          13    0.051704   0.0505649  0.00416479
          14    0.049476   0.0504871  0.00386803
          15    0.055188   0.0508005  0.00362284
          16    0.042196   0.0502628  0.00343609
          17    0.023468   0.0486866  0.00357725
          18    0.042388   0.0483367  0.00339558
          19    0.064376   0.0491808  0.00332015
          20    0.062952   0.0498694  0.00322475
          21    0.044624   0.0496196  0.00308085
          22    0.043996    0.049364  0.00295139
          23     0.05432   0.0495795  0.00283093
          24     0.03554   0.0489945  0.00277275
          25    0.042276   0.0487258  0.00267484
          26    0.062492   0.0492552  0.00262384
          27    0.050604   0.0493052  0.00252713
          28    0.052124   0.0494059  0.00243888
          29    0.022416   0.0484752  0.00252613
          30    0.047196   0.0484325  0.00244228
          31    0.033224   0.0479419  0.00241227
          32    0.057568   0.0482428  0.00235557
          33    0.044152   0.0481188  0.00228745
          34    0.055264   0.0483289   0.0022298
          35    0.070036   0.0489491  0.00225069
          36    0.064496    0.049381  0.00222922
          37    0.037876   0.0490701  0.00219055
          38    0.063984   0.0494625  0.00216778
          39     0.04186   0.0492676  0.00212094
          40    0.024824   0.0486565  0.00215415
           0        -nan        -nan        -nan
           1    0.062484    0.062484           0
           2     0.06038    0.061432 0.000743876
           3    0.060204   0.0610227 0.000598027
           4    0.050336    0.058351   0.0023568
           5    0.059352   0.0585512  0.00189393
           6    0.052252   0.0575013  0.00184647
           7    0.019388   0.0520566  0.00528349
           8      0.0263    0.048837  0.00551748
           9    0.073052   0.0515276  0.00552161
          10    0.056968   0.0520716  0.00499618
          11    0.030632   0.0501225  0.00490745
          12    0.054292     0.05047  0.00451078
          13    0.051704   0.0505649  0.00416479
          14    0.049476   0.0504871  0.00386803
          15    0.055188   0.0508005  0.00362284
          16    0.042196   0.0502628  0.00343609
          17    0.023468   0.0486866  0.00357725
          18    0.042388   0.0483367  0.00339558
          19    0.064376   0.0491808  0.00332015
          20    0.062952   0.0498694  0.00322475
          21    0.044624   0.0496196  0.00308085
          22    0.043996    0.049364  0.00295139
          23     0.05432   0.0495795  0.00283093
          24     0.03554   0.0489945  0.00277275
          25    0.042276   0.0487258  0.00267484
          26    0.062492   0.0492552  0.00262384
          27    0.050604   0.0493052  0.00252713
          28    0.052124   0.0494059  0.00243888
          29    0.022416   0.0484752  0.00252613
          30    0.047196   0.0484325  0.00244228
          31    0.033224   0.0479419  0.00241227
          32    0.057568   0.0482428  0.00235557
          33    0.044152   0.0481188  0.00228745
          34    0.055264   0.0483289   0.0022298
          35    0.070036   0.0489491  0.00225069
          36    0.064496    0.049381  0.00222922
          37    0.037876   0.0490701  0.00219055
          38    0.063984   0.0494625  0.00216778
          39     0.04186   0.0492676  0.00212094
          40    0.024824   0.0486565  0.00215415
