           0        -nan        -nan        -nan
           1    0.366286    0.366286           0
           2    0.375404    0.370845  0.00322376
           3    0.367443    0.369711  0.00234017
           4    0.370752    0.369971  0.00176952
           5    0.373622    0.370701  0.00155897
           6    0.376771    0.371713  0.00159391
           7    0.374861    0.372163  0.00142825
           8    0.373191    0.372291  0.00125549
           9    0.372561    0.372321  0.00111634
          10    0.387822    0.373871  0.00178096
          11    0.371731    0.373677  0.00162965
          12    0.366606    0.373088  0.00159681
          13     0.35846    0.371962  0.00182792
          14     0.38907    0.373184  0.00206583
          15    0.363292    0.372525  0.00203065
          16    0.387487     0.37346  0.00210809
          17    0.366664     0.37306  0.00202163
          18    0.374687    0.373151  0.00191133
          19    0.369824    0.372975  0.00181874
          20    0.370592    0.372856   0.0017317
           0        -nan        -nan        -nan
           1    0.373622    0.373622           0
           2    0.376771    0.375196  0.00111346
           3    0.374861    0.375085 0.000747891
           4    0.373191    0.374611 0.000694793
           5    0.372561    0.374201 0.000665947
           6    0.387822    0.376471  0.00214533
           7    0.371731    0.375794  0.00194278
           8    0.366606    0.374646  0.00201095
           9     0.35846    0.372847  0.00246376
          10     0.38907     0.37447  0.00269916
          11    0.363292    0.373453  0.00263814
          12    0.387487    0.374623  0.00266493
          13    0.366664    0.374011  0.00252928
          14    0.374687    0.374059  0.00234907
          15    0.369824    0.373777  0.00220937
          16    0.370592    0.373578  0.00208023
          17    0.363168    0.372965  0.00204601
          18    0.353733    0.371897  0.00219365
          19    0.366842    0.371631  0.00209426
          20    0.377344    0.371916  0.00200894
           0        -nan        -nan        -nan
           1    0.366286    0.366286           0
           2    0.375404    0.370845  0.00322376
           3    0.367443    0.369711  0.00234017
           4    0.370752    0.369971  0.00176952
           5    0.373622    0.370701  0.00155897
           6    0.376771    0.371713  0.00159391
           7    0.374861    0.372163  0.00142825
           8    0.373191    0.372291  0.00125549
           9    0.372561    0.372321  0.00111634
          10    0.387822    0.373871  0.00178096
          11    0.371731    0.373677  0.00162965
          12    0.366606    0.373088  0.00159681
          13     0.35846    0.371962  0.00182792
          14     0.38907    0.373184  0.00206583
          15    0.363292    0.372525  0.00203065
          16    0.387487     0.37346  0.00210809
          17    0.366664     0.37306  0.00202163
          18    0.374687    0.373151  0.00191133
          19    0.369824    0.372975  0.00181874
          20    0.370592    0.372856   0.0017317
           0        -nan        -nan        -nan
           1    0.366286    0.366286           0
           2    0.375404    0.370845  0.00322376
           3    0.367443    0.369711  0.00234017
           4    0.370752    0.369971  0.00176952
           5    0.373622    0.370701  0.00155897
           6    0.376771    0.371713  0.00159391
           7    0.374861    0.372163  0.00142825
           8    0.373191    0.372291  0.00125549
           9    0.372561    0.372321  0.00111634
          10    0.387822    0.373871  0.00178096
          11    0.371731    0.373677  0.00162965
          12    0.366606    0.373088  0.00159681
          13     0.35846    0.371962  0.00182792
          14     0.38907    0.373184  0.00206583
          15    0.363292    0.372525  0.00203065
          16    0.387487     0.37346  0.00210809
          17    0.366664     0.37306  0.00202163
          18    0.374687    0.373151  0.00191133
          19    0.369824    0.372975  0.00181874
          20    0.370592    0.372856   0.0017317
           0        -nan        -nan        -nan
           1    0.366286    0.366286           0
           2    0.375404    0.370845  0.00322376
           3    0.367443    0.369711  0.00234017
           4    0.370752    0.369971  0.00176952
           5    0.373622    0.370701  0.00155897
           6    0.376771    0.371713  0.00159391
           7    0.374861    0.372163  0.00142825
           8    0.373191    0.372291  0.00125549
           9    0.372561    0.372321  0.00111634
          10    0.387822    0.373871  0.00178096
          11    0.371731    0.373677  0.00162965
          12    0.366606    0.373088  0.00159681
          13     0.35846    0.371962  0.00182792
          14     0.38907    0.373184  0.00206583
          15    0.363292    0.372525  0.00203065
          16    0.387487     0.37346  0.00210809
          17    0.366664     0.37306  0.00202163
          18    0.374687    0.373151  0.00191133
          19    0.369824    0.372975  0.00181874
          20    0.370592    0.372856   0.0017317
          21    0.363168    0.372395   0.0017096
          22    0.353733    0.371547  0.00183027
          23    0.366842    0.371342  0.00176209
          24    0.377344    0.371592  0.00170632
          25    0.382422    0.372025  0.00169217
          26    0.366937     0.37183  0.00163836
          27     0.38593    0.372352  0.00165882
          28     0.36153    0.371965  0.00164399
          29    0.374104    0.372039  0.00158895
          30    0.365441    0.371819  0.00155114
          31    0.367691    0.371686   0.0015068
          32    0.374651    0.371779  0.00146256
          33    0.356866    0.371327  0.00148641
          34    0.378776    0.371546  0.00145875
          35     0.37306    0.371589  0.00141772
          36    0.377755     0.37176  0.00138864
          37    0.367927    0.371657  0.00135497
          38    0.373359    0.371702  0.00132005
          39    0.375604    0.371802  0.00128999
          40    0.382877    0.372079  0.00128712
           0        -nan        -nan        -nan
           1    0.366286    0.366286           0
           2    0.375404    0.370845  0.00322376
           3    0.367443    0.369711  0.00234017
           4    0.370752    0.369971  0.00176952
           5    0.373622    0.370701  0.00155897
           6    0.376771    0.371713  0.00159391
           7    0.374861    0.372163  0.00142825
           8    0.373191    0.372291  0.00125549
           9    0.372561    0.372321  0.00111634
          10    0.387822    0.373871  0.00178096
          11    0.371731    0.373677  0.00162965
          12    0.366606    0.373088  0.00159681
          13     0.35846    0.371962  0.00182792
          14     0.38907    0.373184  0.00206583
          15    0.363292    0.372525  0.00203065
          16    0.387487     0.37346  0.00210809
          17    0.366664     0.37306  0.00202163
          18    0.374687    0.373151  0.00191133
          19    0.369824    0.372975  0.00181874
          20    0.370592    0.372856   0.0017317
          21    0.363168    0.372395   0.0017096
          22    0.353733    0.371547  0.00183027
          23    0.366842    0.371342  0.00176209
          24    0.377344    0.371592  0.00170632
          25    0.382422    0.372025  0.00169217
          26    0.366937     0.37183  0.00163836
          27     0.38593    0.372352  0.00165882
          28     0.36153    0.371965  0.00164399
          29    0.374104    0.372039  0.00158895
          30    0.365441    0.371819  0.00155114
          31    0.367691    0.371686   0.0015068
          32    0.374651    0.371779  0.00146256
          33    0.356866    0.371327  0.00148641
          34    0.378776    0.371546  0.00145875
          35     0.37306    0.371589  0.00141772
          36    0.377755     0.37176  0.00138864
          37    0.367927    0.371657  0.00135497
          38    0.373359    0.371702  0.00132005
          39    0.375604    0.371802  0.00128999
          40    0.382877    0.372079  0.00128712
