           0        -nan        -nan        -nan
           1    -0.80004    -0.80004           0
           2   -0.804384   -0.802212  0.00153584
           3   -0.803936   -0.802787  0.00112628
           4   -0.802216   -0.802644   0.0008537
           5    -0.80756   -0.803627  0.00111345
           6   -0.803928   -0.803677 0.000929006
           7   -0.807392   -0.804208 0.000935659
           8   -0.806336   -0.804474 0.000855677
           9   -0.808608   -0.804933 0.000875248
          10   -0.803552   -0.804795 0.000798549
          11   -0.802536    -0.80459 0.000751902
          12    -0.80404   -0.804544 0.000690638
          13    -0.80356   -0.804468 0.000641646
          14    -0.80028   -0.804169 0.000661892
          15   -0.801456   -0.803988 0.000642005
          16   -0.806736    -0.80416 0.000624426
          17   -0.805456   -0.804236 0.000592331
          18   -0.806536   -0.804364 0.000573037
          19   -0.804608   -0.804377 0.000543021
          20   -0.803136   -0.804315 0.000519402
           0        -nan        -nan        -nan
           1    -0.80756    -0.80756           0
           2   -0.803928   -0.805744  0.00128411
           3   -0.807392   -0.806293 0.000966455
           4   -0.806336   -0.806304   0.0007249
           5   -0.808608   -0.806765 0.000711461
           6   -0.803552   -0.806229 0.000768407
           7   -0.802536   -0.805702 0.000820007
           8    -0.80404   -0.805494 0.000743349
           9    -0.80356   -0.805279 0.000691117
          10    -0.80028   -0.804779 0.000782183
          11   -0.801456   -0.804477 0.000767204
          12   -0.806736   -0.804665 0.000725997
          13   -0.805456   -0.804726 0.000672693
          14   -0.806536   -0.804855 0.000636944
          15   -0.804608   -0.804839 0.000594695
          16   -0.803136   -0.804732 0.000566971
          17   -0.809296   -0.805001 0.000593778
          18   -0.807984   -0.805167 0.000583459
          19   -0.802872   -0.805046 0.000565112
          20    -0.80152    -0.80487 0.000563685
           0        -nan        -nan        -nan
           1    -0.80004    -0.80004           0
           2   -0.804384   -0.802212  0.00153584
           3   -0.803936   -0.802787  0.00112628
           4   -0.802216   -0.802644   0.0008537
           5    -0.80756   -0.803627  0.00111345
           6   -0.803928   -0.803677 0.000929006
           7   -0.807392   -0.804208 0.000935659
           8   -0.806336   -0.804474 0.000855677
           9   -0.808608   -0.804933 0.000875248
          10   -0.803552   -0.804795 0.000798549
          11   -0.802536    -0.80459 0.000751902
          12    -0.80404   -0.804544 0.000690638
          13    -0.80356   -0.804468 0.000641646
          14    -0.80028   -0.804169 0.000661892
          15   -0.801456   -0.803988 0.000642005
          16   -0.806736    -0.80416 0.000624426
          17   -0.805456   -0.804236 0.000592331
          18   -0.806536   -0.804364 0.000573037
          19   -0.804608   -0.804377 0.000543021
          20   -0.803136   -0.804315 0.000519402
           0        -nan        -nan        -nan
           1    -0.80004    -0.80004           0
           2   -0.804384   -0.802212  0.00153584
           3   -0.803936   -0.802787  0.00112628
           4   -0.802216   -0.802644   0.0008537
           5    -0.80756   -0.803627  0.00111345
           6   -0.803928   -0.803677 0.000929006
           7   -0.807392   -0.804208 0.000935659
           8   -0.806336   -0.804474 0.000855677
           9   -0.808608   -0.804933 0.000875248
          10   -0.803552   -0.804795 0.000798549
          11   -0.802536    -0.80459 0.000751902
          12    -0.80404   -0.804544 0.000690638
          13    -0.80356   -0.804468 0.000641646
          14    -0.80028   -0.804169 0.000661892
          15   -0.801456   -0.803988 0.000642005
          16   -0.806736    -0.80416 0.000624426
          17   -0.805456   -0.804236 0.000592331
          18   -0.806536   -0.804364 0.000573037
          19   -0.804608   -0.804377 0.000543021
          20   -0.803136   -0.804315 0.000519402
           0        -nan        -nan        -nan
           1    -0.80004    -0.80004           0
           2   -0.804384   -0.802212  0.00153584
           3   -0.803936   -0.802787  0.00112628
           4   -0.802216   -0.802644   0.0008537
           5    -0.80756   -0.803627  0.00111345
           6   -0.803928   -0.803677 0.000929006
           7   -0.807392   -0.804208 0.000935659
           8   -0.806336   -0.804474 0.000855677
           9   -0.808608   -0.804933 0.000875248
          10   -0.803552   -0.804795 0.000798549
          11   -0.802536    -0.80459 0.000751902
          12    -0.80404   -0.804544 0.000690638
          13    -0.80356   -0.804468 0.000641646
          14    -0.80028   -0.804169 0.000661892
          15   -0.801456   -0.803988 0.000642005
          16   -0.806736    -0.80416 0.000624426
          17   -0.805456   -0.804236 0.000592331
          18   -0.806536   -0.804364 0.000573037
          19   -0.804608   -0.804377 0.000543021
          20   -0.803136   -0.804315 0.000519402
          21   -0.809296   -0.804552 0.000546152
          22   -0.807984   -0.804708 0.000543149
          23   -0.802872   -0.804628 0.000525368
          24    -0.80152   -0.804499 0.000519194
          25   -0.808584   -0.804662 0.000523512
          26   -0.808072   -0.804793 0.000519545
          27   -0.804072   -0.804767 0.000500989
          28   -0.807384    -0.80486 0.000491741
          29   -0.801712   -0.804751 0.000486618
          30    -0.80884   -0.804888  0.00048911
          31   -0.807704   -0.804979 0.000481695
          32   -0.804688   -0.804969 0.000466728
          33    -0.80556   -0.804987 0.000452927
          34   -0.800128   -0.804844 0.000461605
          35   -0.804632   -0.804838 0.000448457
          36   -0.805984    -0.80487 0.000437127
          37     -0.7976   -0.804674 0.000467394
          38   -0.803888   -0.804653 0.000455551
          39   -0.800744   -0.804553 0.000454763
          40   -0.809296   -0.804671 0.000458593
