           0        -nan        -nan        -nan
           1     1.36022     1.36022           0
           2     1.32906     1.34464   0.0110167
           3     1.34664     1.34531  0.00736463
           4     1.34747     1.34585  0.00554318
           5      1.3579     1.34826    0.004931
           6     1.31022     1.34192  0.00709859
           7     1.28929      1.3344  0.00924545
           8      1.3657     1.33831  0.00887924
           9     1.32651       1.337  0.00798891
          10     1.35815     1.33912  0.00746461
          11     1.36109     1.34111  0.00704826
          12     1.32319     1.33962  0.00661726
          13     1.35979     1.34117  0.00628745
          14     1.32132     1.33975  0.00599619
          15      1.3948     1.34342  0.00662475
          16     1.35364     1.34406  0.00624142
          17     1.36184     1.34511  0.00596128
          18      1.3292     1.34422  0.00569524
          19     1.33168     1.34356  0.00543365
          20     1.41259     1.34702  0.00616126
           0        -nan        -nan        -nan
           1      1.3579      1.3579           0
           2     1.31022     1.33406   0.0168603
           3     1.28929     1.31914   0.0165779
           4      1.3657     1.33078   0.0160075
           5     1.32651     1.32992   0.0128287
           6     1.35815     1.33463   0.0115208
           7     1.36109     1.33841   0.0104769
           8     1.32319     1.33651  0.00933834
           9     1.35979     1.33909  0.00865161
          10     1.32132     1.33732  0.00796701
          11      1.3948     1.34254  0.00879092
          12     1.35364     1.34347  0.00810688
          13     1.36184     1.34488  0.00760553
          14      1.3292     1.34376  0.00714427
          15     1.33168     1.34295  0.00671326
          16     1.41259     1.34731  0.00757411
          17     1.39067     1.34986  0.00754585
          18     1.36368     1.35063  0.00716558
          19     1.31274     1.34863  0.00706048
          20     1.32322     1.34736  0.00682085
           0        -nan        -nan        -nan
           1     1.36022     1.36022           0
           2     1.32906     1.34464   0.0110167
           3     1.34664     1.34531  0.00736463
           4     1.34747     1.34585  0.00554318
           5      1.3579     1.34826    0.004931
           6     1.31022     1.34192  0.00709859
           7     1.28929      1.3344  0.00924545
           8      1.3657     1.33831  0.00887924
           9     1.32651       1.337  0.00798891
          10     1.35815     1.33912  0.00746461
          11     1.36109     1.34111  0.00704826
          12     1.32319     1.33962  0.00661726
          13     1.35979     1.34117  0.00628745
          14     1.32132     1.33975  0.00599619
          15      1.3948     1.34342  0.00662475
          16     1.35364     1.34406  0.00624142
          17     1.36184     1.34511  0.00596128
          18      1.3292     1.34422  0.00569524
          19     1.33168     1.34356  0.00543365
          20     1.41259     1.34702  0.00616126
           0        -nan        -nan        -nan
           1     1.36022     1.36022           0
           2     1.32906     1.34464   0.0110167
           3     1.34664     1.34531  0.00736463
           4     1.34747     1.34585  0.00554318
           5      1.3579     1.34826    0.004931
           6     1.31022     1.34192  0.00709859
           7     1.28929      1.3344  0.00924545
           8      1.3657     1.33831  0.00887924
           9     1.32651       1.337  0.00798891
          10     1.35815     1.33912  0.00746461
          11     1.36109     1.34111  0.00704826
          12     1.32319     1.33962  0.00661726
          13     1.35979     1.34117  0.00628745
          14     1.32132     1.33975  0.00599619
          15      1.3948     1.34342  0.00662475
          16     1.35364     1.34406  0.00624142
          17     1.36184     1.34511  0.00596128
          18      1.3292     1.34422  0.00569524
          19     1.33168     1.34356  0.00543365
          20     1.41259     1.34702  0.00616126
           0        -nan        -nan        -nan
           1     1.36022     1.36022           0
           2     1.32906     1.34464   0.0110167
           3     1.34664     1.34531  0.00736463
           4     1.34747     1.34585  0.00554318
           5      1.3579     1.34826    0.004931
           6     1.31022     1.34192  0.00709859
           7     1.28929      1.3344  0.00924545
           8      1.3657     1.33831  0.00887924
           9     1.32651       1.337  0.00798891
          10     1.35815     1.33912  0.00746461
          11     1.36109     1.34111  0.00704826
          12     1.32319     1.33962  0.00661726
          13     1.35979     1.34117  0.00628745
          14     1.32132     1.33975  0.00599619
          15      1.3948     1.34342  0.00662475
          16     1.35364     1.34406  0.00624142
          17     1.36184     1.34511  0.00596128
          18      1.3292     1.34422  0.00569524
          19     1.33168     1.34356  0.00543365
          20     1.41259     1.34702  0.00616126
          21     1.39067     1.34909  0.00620862
          22     1.36368     1.34976  0.00596169
          23     1.31274     1.34815  0.00591579
          24     1.32322     1.34711  0.00575978
          25      1.3664     1.34788  0.00558086
          26      1.3285     1.34713  0.00541578
          27     1.32413     1.34628  0.00528178
          28     1.35497     1.34659  0.00510226
          29     1.31019     1.34534   0.0050784
          30     1.41792     1.34776  0.00545502
          31     1.38259     1.34888  0.00539352
          32     1.33531     1.34846  0.00524162
          33     1.43572      1.3511  0.00571098
          34     1.33751      1.3507  0.00555698
          35     1.27853     1.34864   0.0057681
          36     1.38091     1.34954  0.00567709
          37     1.36546     1.34997  0.00553995
          38     1.32991     1.34944  0.00541924
          39     1.35051     1.34947  0.00528036
          40     1.31711     1.34866  0.00520993
           0        -nan        -nan        -nan
           1     1.36022     1.36022           0
           2     1.32906     1.34464   0.0110167
           3     1.34664     1.34531  0.00736463
           4     1.34747     1.34585  0.00554318
           5      1.3579     1.34826    0.004931
           6     1.31022     1.34192  0.00709859
           7     1.28929      1.3344  0.00924545
           8      1.3657     1.33831  0.00887924
           9     1.32651       1.337  0.00798891
          10     1.35815     1.33912  0.00746461
          11     1.36109     1.34111  0.00704826
          12     1.32319     1.33962  0.00661726
          13     1.35979     1.34117  0.00628745
          14     1.32132     1.33975  0.00599619
          15      1.3948     1.34342  0.00662475
          16     1.35364     1.34406  0.00624142
          17     1.36184     1.34511  0.00596128
          18      1.3292     1.34422  0.00569524
          19     1.33168     1.34356  0.00543365
          20     1.41259     1.34702  0.00616126
          21     1.39067     1.34909  0.00620862
          22     1.36368     1.34976  0.00596169
          23     1.31274     1.34815  0.00591579
          24     1.32322     1.34711  0.00575978
          25      1.3664     1.34788  0.00558086
          26      1.3285     1.34713  0.00541578
          27     1.32413     1.34628  0.00528178
          28     1.35497     1.34659  0.00510226
          29     1.31019     1.34534   0.0050784
          30     1.41792     1.34776  0.00545502
          31     1.38259     1.34888  0.00539352
          32     1.33531     1.34846  0.00524162
          33     1.43572      1.3511  0.00571098
          34     1.33751      1.3507  0.00555698
          35     1.27853     1.34864   0.0057681
          36     1.38091     1.34954  0.00567709
          37     1.36546     1.34997  0.00553995
          38     1.32991     1.34944  0.00541924
          39     1.35051     1.34947  0.00528036
          40     1.31711     1.34866  0.00520993
