           0        -nan        -nan        -nan
           1     0.32988     0.32988           0
           2     0.28794     0.30891    0.014828
           3    0.281736    0.299852   0.0123458
           4     0.29892    0.299619  0.00926154
           5    0.336564    0.307008  0.00992847
           6    0.288692    0.303955  0.00873042
           7    0.243672    0.295343   0.0109347
           8    0.272868    0.292534  0.00992224
           9    0.211564    0.283537   0.0122366
          10    0.246852    0.279869   0.0115498
          11    0.303432    0.282011   0.0106966
          12    0.337676     0.28665   0.0107642
          13    0.257488    0.284406   0.0101672
          14    0.277064    0.283882   0.0094545
          15    0.243728    0.281205  0.00919536
          16    0.324216    0.283893  0.00900502
          17    0.246716    0.281706  0.00873682
          18    0.260724    0.280541  0.00832885
          19    0.348248    0.284104  0.00861918
          20     0.35562     0.28768   0.0088991
           0        -nan        -nan        -nan
           1    0.336564    0.336564           0
           2    0.288692    0.312628   0.0169253
           3    0.243672    0.289643   0.0218983
           4    0.272868    0.285449   0.0168205
           5    0.211564    0.270672   0.0188617
           6    0.246852    0.266702   0.0161304
           7    0.303432    0.271949   0.0146547
           8    0.337676    0.280165   0.0149495
           9    0.257488    0.277645   0.0134991
          10    0.277064    0.277587   0.0121494
          11    0.243728    0.274509   0.0114281
          12    0.324216    0.278651   0.0112014
          13    0.246716    0.276195   0.0106057
          14    0.260724     0.27509  0.00990553
          15    0.348248    0.279967   0.0103766
          16     0.35562    0.284695   0.0107515
          17    0.238252    0.281963   0.0104604
          18    0.322048     0.28419   0.0101136
          19    0.319116    0.286028  0.00974689
          20    0.339748    0.288714  0.00962252
           0        -nan        -nan        -nan
           1     0.32988     0.32988           0
           2     0.28794     0.30891    0.014828
           3    0.281736    0.299852   0.0123458
           4     0.29892    0.299619  0.00926154
           5    0.336564    0.307008  0.00992847
           6    0.288692    0.303955  0.00873042
           7    0.243672    0.295343   0.0109347
           8    0.272868    0.292534  0.00992224
           9    0.211564    0.283537   0.0122366
          10    0.246852    0.279869   0.0115498
          11    0.303432    0.282011   0.0106966
          12    0.337676     0.28665   0.0107642
          13    0.257488    0.284406   0.0101672
          14    0.277064    0.283882   0.0094545
          15    0.243728    0.281205  0.00919536
          16    0.324216    0.283893  0.00900502
          17    0.246716    0.281706  0.00873682
          18    0.260724    0.280541  0.00832885
          19    0.348248    0.284104  0.00861918
          20     0.35562     0.28768   0.0088991
           0        -nan        -nan        -nan
           1     0.28794     0.28794           0
           2    0.281736    0.284838  0.00219345
           3     0.29892    0.289532  0.00410212
           4    0.336564     0.30129   0.0106374
           5    0.288692     0.29877  0.00880323
           6    0.243672    0.289587   0.0111396
           7    0.272868    0.287199  0.00980096
           8    0.211564    0.277745    0.012319
           9    0.246852    0.274312   0.0114184
          10    0.303432    0.277224   0.0106414
          11    0.337676     0.28272   0.0110019
          12    0.257488    0.280617   0.0102841
          13    0.277064    0.280344  0.00949661
          14    0.243728    0.277728  0.00917136
          15    0.324216    0.280827  0.00906847
          16    0.246716    0.278695  0.00874871
          17    0.260724    0.277638  0.00829771
          18    0.348248    0.281561  0.00871478
          19     0.35562    0.285459  0.00908607
          20    0.238252    0.283099  0.00893309
           0        -nan        -nan        -nan
           1    0.322048    0.322048           0
           2    0.319116    0.320582  0.00103662
           3    0.339748    0.326971   0.0052619
           4     0.32898    0.327473  0.00397033
           5    0.319892    0.325957  0.00345366
           6    0.331804    0.326931  0.00301241
           7    0.279056    0.320092  0.00683821
           8     0.33912     0.32247   0.0063837
           9    0.317404    0.321908  0.00569917
          10    0.283764    0.318093  0.00627723
          11    0.295428    0.316033  0.00603527
          12    0.336312    0.317723  0.00576408
          13    0.350788    0.320266  0.00585504
          14    0.394024    0.325535  0.00743859
          15    0.351664    0.327277  0.00714374
          16    0.281964    0.324445  0.00723688
          17    0.278728    0.321755  0.00729373
          18    0.251812     0.31787  0.00785569
          19    0.293072    0.316564  0.00754987
          20    0.315476     0.31651  0.00717258
          21    0.333504    0.317319  0.00687653
          22    0.333548    0.318057   0.0066034
          23    0.253508     0.31525  0.00688691
          24    0.261968     0.31303  0.00694859
          25    0.293612    0.312254  0.00671392
          26    0.272116     0.31071  0.00663079
          27    0.364032    0.312685  0.00667283
          28    0.214972    0.309195  0.00729015
          29    0.222604    0.306209  0.00762577
          30    0.264584    0.304822  0.00749674
          31    0.304376    0.304807  0.00725493
          32    0.330524    0.305611  0.00707258
          33    0.319184    0.306022  0.00687021
          34    0.271252       0.305  0.00674383
          35     0.34278    0.306079  0.00663698
          36    0.430336    0.309531  0.00729512
          37    0.261944    0.308244  0.00721043
          38    0.377452    0.310066  0.00724705
          39    0.247792    0.308469    0.007235
          40    0.298608    0.308222  0.00705832
           0        -nan        -nan        -nan
           1    0.322048    0.322048           0
           2    0.319116    0.320582  0.00103662
           3    0.339748    0.326971   0.0052619
           4     0.32898    0.327473  0.00397033
           5    0.319892    0.325957  0.00345366
           6    0.331804    0.326931  0.00301241
           7    0.279056    0.320092  0.00683821
           8     0.33912     0.32247   0.0063837
           9    0.317404    0.321908  0.00569917
          10    0.283764    0.318093  0.00627723
          11    0.295428    0.316033  0.00603527
          12    0.336312    0.317723  0.00576408
          13    0.350788    0.320266  0.00585504
          14    0.394024    0.325535  0.00743859
          15    0.351664    0.327277  0.00714374
          16    0.281964    0.324445  0.00723688
          17    0.278728    0.321755  0.00729373
          18    0.251812     0.31787  0.00785569
          19    0.293072    0.316564  0.00754987
          20    0.315476     0.31651  0.00717258
          21    0.333504    0.317319  0.00687653
          22    0.333548    0.318057   0.0066034
          23    0.253508     0.31525  0.00688691
          24    0.261968     0.31303  0.00694859
          25    0.293612    0.312254  0.00671392
          26    0.272116     0.31071  0.00663079
          27    0.364032    0.312685  0.00667283
          28    0.214972    0.309195  0.00729015
          29    0.222604    0.306209  0.00762577
          30    0.264584    0.304822  0.00749674
          31    0.304376    0.304807  0.00725493
          32    0.330524    0.305611  0.00707258
          33    0.319184    0.306022  0.00687021
          34    0.271252       0.305  0.00674383
          35     0.34278    0.306079  0.00663698
          36    0.430336    0.309531  0.00729512
          37    0.261944    0.308244  0.00721043
          38    0.377452    0.310066  0.00724705
          39    0.247792    0.308469    0.007235
          40    0.298608    0.308222  0.00705832
