           0        -nan        -nan        -nan
           1    0.312893    0.312893           0
           2     0.31672    0.314806  0.00135301
           3    0.320606    0.316739  0.00181802
           4     0.30765    0.314467  0.00239409
           5     0.30878     0.31333  0.00216872
           6    0.311544    0.313032  0.00182756
           7    0.316219    0.313487  0.00162219
           8    0.317924    0.314042  0.00151125
           9    0.316854    0.314354  0.00137527
          10    0.314969    0.314416  0.00123911
          11    0.315879    0.314549  0.00113358
          12     0.31475    0.314566  0.00103924
          13    0.320697    0.315037  0.00106095
          14    0.327795    0.315949  0.00131971
          15    0.316624    0.315994   0.0012325
          16    0.324372    0.316517  0.00126181
          17    0.310097     0.31614  0.00124282
          18    0.319364    0.316319  0.00118662
          19    0.317373    0.316374  0.00112546
          20     0.31627    0.316369   0.0010692
           0        -nan        -nan        -nan
           1     0.30878     0.30878           0
           2    0.311544    0.310162 0.000977467
           3    0.316219    0.312181  0.00177254
           4    0.317924    0.313617   0.0018203
           5    0.316854    0.314264  0.00156718
           6    0.314969    0.314382  0.00131038
           7    0.315879    0.314596  0.00114051
           8     0.31475    0.314615 0.000998113
           9    0.320697    0.315291  0.00109231
          10    0.327795    0.316541  0.00154066
          11    0.316624    0.316549  0.00140062
          12    0.324372    0.317201  0.00142759
          13    0.310097    0.316654   0.0014185
          14    0.319364    0.316848  0.00133032
          15    0.317373    0.316883  0.00124209
          16     0.31627    0.316844  0.00116505
          17    0.312129    0.316567  0.00112906
          18    0.314446    0.316449  0.00107246
          19    0.311743    0.316202  0.00104422
          20    0.316489    0.316216 0.000992112
           0        -nan        -nan        -nan
           1    0.312893    0.312893           0
           2     0.31672    0.314806  0.00135301
           3    0.320606    0.316739  0.00181802
           4     0.30765    0.314467  0.00239409
           5     0.30878     0.31333  0.00216872
           6    0.311544    0.313032  0.00182756
           7    0.316219    0.313487  0.00162219
           8    0.317924    0.314042  0.00151125
           9    0.316854    0.314354  0.00137527
          10    0.314969    0.314416  0.00123911
          11    0.315879    0.314549  0.00113358
          12     0.31475    0.314566  0.00103924
          13    0.320697    0.315037  0.00106095
          14    0.327795    0.315949  0.00131971
          15    0.316624    0.315994   0.0012325
          16    0.324372    0.316517  0.00126181
          17    0.310097     0.31614  0.00124282
          18    0.319364    0.316319  0.00118662
          19    0.317373    0.316374  0.00112546
          20     0.31627    0.316369   0.0010692
           0        -nan        -nan        -nan
           1    0.312893    0.312893           0
           2     0.31672    0.314806  0.00135301
           3    0.320606    0.316739  0.00181802
           4     0.30765    0.314467  0.00239409
           5     0.30878     0.31333  0.00216872
           6    0.311544    0.313032  0.00182756
           7    0.316219    0.313487  0.00162219
           8    0.317924    0.314042  0.00151125
           9    0.316854    0.314354  0.00137527
          10    0.314969    0.314416  0.00123911
          11    0.315879    0.314549  0.00113358
          12     0.31475    0.314566  0.00103924
          13    0.320697    0.315037  0.00106095
          14    0.327795    0.315949  0.00131971
          15    0.316624    0.315994   0.0012325
          16    0.324372    0.316517  0.00126181
          17    0.310097     0.31614  0.00124282
          18    0.319364    0.316319  0.00118662
          19    0.317373    0.316374  0.00112546
          20     0.31627    0.316369   0.0010692
           0        -nan        -nan        -nan
           1    0.312893    0.312893           0
           2     0.31672    0.314806  0.00135301
           3    0.320606    0.316739  0.00181802
           4     0.30765    0.314467  0.00239409
           5     0.30878     0.31333  0.00216872
           6    0.311544    0.313032  0.00182756
           7    0.316219    0.313487  0.00162219
           8    0.317924    0.314042  0.00151125
           9    0.316854    0.314354  0.00137527
          10    0.314969    0.314416  0.00123911
          11    0.315879    0.314549  0.00113358
          12     0.31475    0.314566  0.00103924
          13    0.320697    0.315037  0.00106095
          14    0.327795    0.315949  0.00131971
          15    0.316624    0.315994   0.0012325
          16    0.324372    0.316517  0.00126181
          17    0.310097     0.31614  0.00124282
          18    0.319364    0.316319  0.00118662
          19    0.317373    0.316374  0.00112546
          20     0.31627    0.316369   0.0010692
          21    0.312129    0.316167  0.00103717
          22    0.314446    0.316089 0.000992973
          23    0.311743      0.3159 0.000967607
          24    0.316489    0.315924 0.000927601
          25    0.327113    0.316372 0.000992601
          26    0.311463    0.316183 0.000972216
          27    0.324206     0.31648  0.00098057
          28    0.316585    0.316484 0.000945557
          29    0.324051    0.316745 0.000948266
          30    0.308744    0.316478 0.000953424
          31    0.317982    0.316527 0.000923902
          32    0.320595    0.316654 0.000903734
          33    0.327623    0.316986  0.00093548
          34    0.312147    0.316844 0.000918728
          35    0.323298    0.317028 0.000910794
          36    0.308459     0.31679 0.000916072
          37    0.310614    0.316623 0.000906395
          38    0.308961    0.316422 0.000904694
          39    0.323229    0.316596 0.000898175
          40    0.328242    0.316887 0.000921697
