           0        -nan        -nan        -nan
           1     5.97162     5.97162           0
           2     5.81766     5.89464   0.0544344
           3     5.72044     5.83657   0.0597064
           4     6.32161     5.95783    0.114164
           5     5.63647     5.89356    0.107917
           6     5.40563     5.81224    0.116613
           7     5.33436     5.74397     0.11826
           8     5.50847     5.71453    0.107079
           9     5.59001      5.7007   0.0960712
          10     5.98921     5.72955   0.0906928
          11     5.39436     5.69908   0.0874174
          12     5.48868     5.68154   0.0818719
          13     5.27025      5.6499   0.0814581
          14       5.418     5.63334   0.0773055
          15     5.48667     5.62356   0.0727676
          16     5.74371     5.63107    0.068606
          17     5.27745     5.61027   0.0676502
          18     4.98539     5.57555   0.0722523
          19     5.35881     5.56415   0.0693442
          20     5.55814     5.56385   0.0658776
           0        -nan        -nan        -nan
           1     5.63647     5.63647           0
           2     5.40563     5.52105   0.0816156
           3     5.33436     5.45882   0.0744455
           4     5.50847     5.47123   0.0568592
           5     5.59001     5.49499    0.050205
           6     5.98921     5.57736   0.0860487
           7     5.39436     5.55121   0.0776259
           8     5.48868      5.5434    0.068315
           9     5.27025     5.51305   0.0671285
          10       5.418     5.50354   0.0610849
          11     5.48667     5.50201    0.055551
          12     5.74371     5.52215   0.0544509
          13     5.27745     5.50333   0.0534168
          14     4.98539     5.46633   0.0610836
          15     5.35881     5.45916   0.0574303
          16     5.55814     5.46535   0.0541731
          17      5.5635     5.47112   0.0512931
          18     5.49677     5.47255   0.0484633
          19     5.56362     5.47734    0.046149
          20     5.14319     5.46063   0.0467682
           0        -nan        -nan        -nan
           1     5.97162     5.97162           0
           2     5.81766     5.89464   0.0544344
           3     5.72044     5.83657   0.0597064
           4     6.32161     5.95783    0.114164
           5     5.63647     5.89356    0.107917
           6     5.40563     5.81224    0.116613
           7     5.33436     5.74397     0.11826
           8     5.50847     5.71453    0.107079
           9     5.59001      5.7007   0.0960712
          10     5.98921     5.72955   0.0906928
          11     5.39436     5.69908   0.0874174
          12     5.48868     5.68154   0.0818719
          13     5.27025      5.6499   0.0814581
          14       5.418     5.63334   0.0773055
          15     5.48667     5.62356   0.0727676
          16     5.74371     5.63107    0.068606
          17     5.27745     5.61027   0.0676502
          18     4.98539     5.57555   0.0722523
          19     5.35881     5.56415   0.0693442
          20     5.55814     5.56385   0.0658776
           0        -nan        -nan        -nan
           1     5.97162     5.97162           0
           2     5.81766     5.89464   0.0544344
           3     5.72044     5.83657   0.0597064
           4     6.32161     5.95783    0.114164
           5     5.63647     5.89356    0.107917
           6     5.40563     5.81224    0.116613
           7     5.33436     5.74397     0.11826
           8     5.50847     5.71453    0.107079
           9     5.59001      5.7007   0.0960712
          10     5.98921     5.72955   0.0906928
          11     5.39436     5.69908   0.0874174
          12     5.48868     5.68154   0.0818719
          13     5.27025      5.6499   0.0814581
          14       5.418     5.63334   0.0773055
          15     5.48667     5.62356   0.0727676
          16     5.74371     5.63107    0.068606
          17     5.27745     5.61027   0.0676502
          18     4.98539     5.57555   0.0722523
          19     5.35881     5.56415   0.0693442
          20     5.55814     5.56385   0.0658776
           0        -nan        -nan        -nan
           1     5.97162     5.97162           0
           2     5.81766     5.89464   0.0544344
           3     5.72044     5.83657   0.0597064
           4     6.32161     5.95783    0.114164
           5     5.63647     5.89356    0.107917
           6     5.40563     5.81224    0.116613
           7     5.33436     5.74397     0.11826
           8     5.50847     5.71453    0.107079
           9     5.59001      5.7007   0.0960712
          10     5.98921     5.72955   0.0906928
          11     5.39436     5.69908   0.0874174
          12     5.48868     5.68154   0.0818719
          13     5.27025      5.6499   0.0814581
          14       5.418     5.63334   0.0773055
          15     5.48667     5.62356   0.0727676
          16     5.74371     5.63107    0.068606
          17     5.27745     5.61027   0.0676502
          18     4.98539     5.57555   0.0722523
          19     5.35881     5.56415   0.0693442
          20     5.55814     5.56385   0.0658776
          21      5.5635     5.56383   0.0627406
          22     5.49677     5.56078   0.0599628
          23     5.56362     5.56091   0.0573558
          24     5.14319      5.5435   0.0575462
          25     5.42753     5.53886    0.055431
          26     5.77164     5.54781   0.0540172
          27     5.37879     5.54155   0.0523781
          28     5.38788     5.53607   0.0507942
          29     5.52916     5.53583   0.0490432
          30     5.66633     5.54018   0.0476009
          31     5.98353     5.55448    0.048166
          32     5.56471      5.5548   0.0466619
          33     5.70915     5.55948   0.0454817
          34     5.60793      5.5609   0.0441664
          35     5.74454     5.56615    0.043215
          36     5.95018     5.57682   0.0433112
          37     5.46988     5.57393   0.0422369
          38     5.26908      5.5659   0.0418803
          39     5.57542     5.56615   0.0408072
          40     5.19107     5.55677   0.0408502
