29.8272
27.8073
25.5989
24.9262
22.8093
22.0352
22.0296
19.6352
19.4927
17.3065
17.2509
16.5387
16.3403
15.5803
14.9425
14.0942
13.788
13.2136
13.0202
12.7644
12.467
11.7446
10.7758
10.108
10.108
9.50059
9.44865
9.17259
8.5062
8.50123
8.1971
8.16668
8.16668
8.16668
7.79143
7.30641
7.30641
7.14058
6.83215
6.83215
6.75579
6.62126
6.52676
6.4504
6.4504
6.4504
6.31587
6.31587
6.31587
6.31587
6.26943
6.26186
6.26186
6.26186
6.26186
6.24788
6.2403
6.2403
6.2403
6.2403
6.2403
6.2403
6.2403
6.2403
6.2403
6.2403
6.2403
6.2403
6.2403
6.2403
6.2403
6.2403
6.2403
6.2403
6.2403
6.2403
6.2403
6.2403
6.2403
6.2403
6.2403
6.2403
6.2403
6.2403
6.2403
6.2403
6.2403
6.2403
6.2403
6.2403
6.2403
6.2403
6.2403
6.2403
6.2403
6.2403
6.2403
6.2403
6.2403
6.2403
