15.4153
14.1243
12.5656
11.3034
10.4766
9.96366
9.60074
9.29117
8.96389
8.65333
8.40967
8.2047
7.98954
7.73586
7.47272
7.22049
7.01177
6.81149
6.63858
6.53505
6.44956
6.37202
6.29395
6.22963
6.16574
6.08744
5.98009
5.88967
5.82869
5.75734
5.6972
5.61417
5.52596
5.45401
5.38796
5.33684
5.28752
5.25984
5.23092
5.20171
5.16612
5.12819
5.09341
5.07002
5.06362
5.06059
5.05554
5.04487
5.02372
4.98813
4.94969
4.91724
4.90251
4.89013
4.88204
4.87883
4.89015
4.9341
4.93776
4.87278
4.86967
4.8694
4.8691
4.86889
4.86889
4.86889
4.86889
4.86889
4.86889
4.86889
4.86889
4.86889
4.86889
4.86889
4.86889
4.86889
4.86889
4.86889
4.86889
4.86889
4.86889
4.86889
4.86889
4.86889
4.86889
4.86889
4.86889
4.86889
4.86889
4.86889
4.86889
4.86889
4.86889
4.86889
4.86889
4.86889
4.86889
4.86889
4.86889
4.86889
