2.3
2.30001
2.30003
2.30006
2.3001
2.30014
2.30019
2.30025
2.30032
2.3004
2.30048
2.30058
2.30068
2.30079
2.30091
2.30104
2.30118
2.30133
2.30149
2.30166
2.30184
2.30204
2.30224
2.30245
2.30268
2.30292
2.30317
2.30344
2.30372
2.30401
2.30432
2.30464
2.30498
2.30534
2.30571
2.30611
2.30652
2.30695
2.30741
2.30789
2.30839
2.30892
2.30947
2.31006
2.31067
2.31132
2.312
2.31272
2.31348
2.31428
2.31513
2.31603
2.31698
2.31798
2.31904
2.32017
2.32137
2.32264
2.324
2.32544
2.32697
2.3286
2.33034
2.33219
2.33416
2.33626
2.33848
2.34084
2.34333
2.34595
2.34869
2.35153
2.35444
2.35737
2.36025
2.36297
2.3654
2.36733
2.36853
2.36869
2.36749
2.36466
2.3601
2.35408
2.34736
2.34123
2.33714
2.33617
2.33849
2.34336
2.34942
2.3552
2.35958
2.36212
2.36339
2.36482
2.36812
2.37429
2.38297
2.39265
1.20632
1.21265
1.2179
1.22179
1.22437
1.22593
1.22685
1.22743
1.22792
1.22842
1.22896
1.2295
1.22996
1.23025
1.23024
1.22982
1.22895
1.22766
1.22614
1.22471
1.22376
1.2237
1.22481
1.22716
1.2306
1.23481
1.23933
1.24373
1.24762
1.25075
1.25298
1.25432
1.25485
1.25474
1.25422
1.25352
1.25289
1.25252
1.25256
1.2531
1.25413
1.25558
1.25734
1.25927
1.26122
1.26306
1.2647
1.26606
1.26714
1.26796
1.26855
1.26899
1.26933
1.26963
1.2699
1.27015
1.2704
1.27066
1.27093
1.27123
1.27157
1.27195
1.27237
1.27281
1.27326
1.27372
1.27419
1.2747
1.2753
1.27601
1.27689
1.27796
1.27923
1.2807
1.28234
1.28411
1.28594
1.28778
1.28955
1.29121
1.29268
1.29392
1.29488
1.29552
1.29581
1.2957
1.29521
1.29431
1.29305
1.29149
1.28971
1.28782
1.28593
1.28411
1.28241
1.28082
1.27926
1.27771
1.27615
1.27469
1.19894
1.19851
1.1991
1.20087
1.20374
1.20733
1.2111
1.21441
1.21668
1.21748
1.21652
1.21379
1.20959
1.20464
1.20002
1.19683
1.19582
1.19704
1.19998
1.20388
1.20808
1.21214
1.21577
1.21869
1.22065
1.22136
1.22058
1.21808
1.21377
1.20768
1.2001
1.19164
1.18322
1.17602
1.17121
1.16956
1.17125
1.17582
1.18235
1.18979
1.19722
1.20399
1.20971
1.21424
1.2176
1.21991
1.22134
1.22212
1.22245
1.22251
1.22247
1.22242
1.22245
1.22257
1.22278
1.22305
1.22336
1.22367
1.22397
1.22423
1.22445
1.22464
1.22478
1.22489
1.22496
1.225
1.22501
1.22497
1.22488
1.22471
1.22443
1.22398
1.22331
1.22234
1.22096
1.21907
1.21657
1.21338
1.20952
1.20516
1.20067
1.19661
1.19361
1.19219
1.19256
1.19454
1.19771
1.20153
1.20555
1.20947
1.21308
1.21624
1.21885
1.22083
1.22213
1.22273
1.22262
1.22186
1.22058
1.2189
1.19819
1.19628
1.1945
1.19293
1.1916
1.19045
1.18946
1.18856
1.18778
1.18714
1.18672
1.18659
1.18676
1.18725
1.18799
1.18889
1.18984
1.19075
1.19155
1.19223
1.19278
1.19327
1.19373
1.19423
1.19482
1.19551
1.19631
1.19721
1.19818
1.19922
1.20027
1.20133
1.20236
1.20333
1.20421
1.20496
1.20554
1.20591
1.20603
1.2059
1.2055
1.20488
1.20407
1.20316
1.20223
1.20137
1.20065
1.20009
1.19971
1.1995
1.19944
1.19952
1.1997
1.19992
1.20006
1.19993
1.19936
1.19817
1.19629
1.19374
1.19065
1.18728
1.18387
1.1807
1.17792
1.17562
1.17377
1.17234
1.17128
1.1706
1.17034
1.17053
1.17115
1.17213
1.17338
1.17492
1.17681
1.17914
1.18189
1.18488
1.18788
1.19065
1.19307
1.19511
1.19684
1.19833
1.19964
1.20081
1.20186
1.20278
1.20357
1.20422
1.20472
1.20508
1.20529
1.20538
1.20535
1.20521
1.20498
1.20466
1.19961
1.19912
1.19857
1.19794
1.19724
1.19646
1.19559
1.19463
1.19359
1.19248
1.19131
1.19012
1.18897
1.18792
1.18704
1.1864
1.18604
1.18599
1.18623
1.18671
1.18735
1.18805
1.18872
1.18927
1.18964
1.18977
1.18965
1.18928
1.18869
1.18794
1.18711
1.1863
1.18562
1.18516
1.18499
1.18513
1.18557
1.18623
1.18701
1.18781
1.18851
1.18904
1.18933
1.18937
1.18915
1.18867
1.18798
1.18716
1.18634
1.18572
1.18551
1.18591
1.18697
1.18857
1.19043
1.19216
1.19342
1.19396
1.19365
1.19255
1.19084
1.1888
1.18679
1.18513
1.18407
1.1837
1.18393
1.18453
1.18514
1.18544
1.18516
1.18418
1.18258
1.18063
1.17873
1.17729
1.17664
1.17688
1.17789
1.17942
1.18117
1.18291
1.18451
1.18593
1.18723
1.18849
1.18979
1.19119
1.1927
1.1943
1.19595
1.19764
1.19932
1.20099
1.20261
1.20419
1.2057
1.20712
1.20844
1.20962
1.20096
1.20179
1.20243
1.20283
1.20298
1.20283
1.20234
1.20149
1.20023
1.19857
1.19651
1.19411
1.1915
1.18885
1.18639
1.18439
1.18309
1.18264
1.18308
1.18427
1.18593
1.18769
1.18915
1.18995
1.18984
1.18871
1.18659
1.18374
1.18056
1.17764
1.17559
1.17499
1.17617
1.17913
1.18354
1.18882
1.19427
1.19929
1.20339
1.20627
1.20784
1.20811
1.20726
1.20557
1.20337
1.20108
1.19907
1.1976
1.19678
1.19648
1.19645
1.19639
1.19611
1.19567
1.19532
1.19545
1.19639
1.19823
1.20078
1.20368
1.20648
1.20885
1.21056
1.21145
1.21141
1.2103
1.20802
1.20457
1.2002
1.19557
1.19166
1.18951
1.18964
1.19181
1.1951
1.19844
1.20096
1.20227
1.20228
1.20118
1.19924
1.19684
1.19433
1.19211
1.19047
1.18966
1.18977
1.19074
1.19242
1.19457
1.19692
1.19924
1.20127
1.20278
1.20352
1.20317
1.20135
1.19764
1.19178
1.18396
1.19144
1.18382
1.18012
1.18159
1.18723
1.19461
1.20148
1.20671
1.21014
1.21215
1.21324
1.21384
1.2142
1.21447
1.21463
1.21459
1.21415
1.21303
1.21096
1.20772
1.20333
1.19823
1.19336
1.18994
1.1889
1.19036
1.19351
1.19716
1.20038
1.20282
1.20462
1.20616
1.20782
1.20978
1.21204
1.21446
1.21688
1.21913
1.22103
1.2224
1.22306
1.22282
1.22157
1.21929
1.2161
1.21225
1.2081
1.20412
1.20077
1.19848
1.19754
1.19807
1.19996
1.20295
1.20667
1.2107
1.21466
1.21824
1.22123
1.22356
1.2252
1.22625
1.22683
1.22713
1.22733
1.22761
1.22811
1.22889
1.22995
1.23118
1.2324
1.23338
1.23383
1.23347
1.23198
1.22916
1.22502
1.21995
1.2149
1.2112
1.2101
1.21206
1.21643
1.22189
1.22708
1.23114
1.2337
1.23479
1.23462
1.23349
1.23168
1.22945
1.22703
1.22459
1.2223
1.22028
1.21865
1.21751
1.21692
1.2169
2.3
2.30001
2.30003
2.30006
2.3001
2.30014
2.30019
2.30025
2.30032
2.3004
2.30048
2.30058
2.30068
2.30079
2.30091
2.30104
2.30118
2.30133
2.30149
2.30166
2.30184
2.30204
2.30224
2.30245
2.30268
2.30292
2.30317
2.30344
2.30372
2.30401
2.30432
2.30464
2.30498
2.30534
2.30571
2.30611
2.30652
2.30695
2.30741
2.30789
2.30839
2.30892
2.30947
2.31006
2.31067
2.31132
2.312
2.31272
2.31348
2.31428
2.31513
2.31603
2.31698
2.31798
2.31904
2.32017
2.32137
2.32264
2.324
2.32544
2.32697
2.3286
2.33034
2.33219
2.33416
2.33626
2.33848
2.34084
2.34333
2.34595
2.34869
2.35153
2.35444
2.35737
2.36025
2.36297
2.3654
2.36733
2.36853
2.36869
2.36749
2.36466
2.3601
2.35408
2.34736
2.34123
2.33714
2.33617
2.33849
2.34336
2.34942
2.3552
2.35958
2.36212
2.36339
2.36482
2.36812
2.37429
2.38297
2.39265
1.20632
1.21265
1.2179
1.22179
1.22437
1.22593
1.22685
1.22743
1.22792
1.22842
1.22896
1.2295
1.22996
1.23025
1.23024
1.22982
1.22895
1.22766
1.22614
1.22471
1.22376
1.2237
1.22481
1.22716
1.2306
1.23481
1.23933
1.24373
1.24762
1.25075
1.25298
1.25432
1.25485
1.25474
1.25422
1.25352
1.25289
1.25252
1.25256
1.2531
1.25413
1.25558
1.25734
1.25927
1.26122
1.26306
1.2647
1.26606
1.26714
1.26796
1.26855
1.26899
1.26933
1.26963
1.2699
1.27015
1.2704
1.27066
1.27093
1.27123
1.27157
1.27195
1.27237
1.27281
1.27326
1.27372
1.27419
1.2747
1.2753
1.27601
1.27689
1.27796
1.27923
1.2807
1.28234
1.28411
1.28594
1.28778
1.28955
1.29121
1.29268
1.29392
1.29488
1.29552
1.29581
1.2957
1.29521
1.29431
1.29305
1.29149
1.28971
1.28782
1.28593
1.28411
1.28241
1.28082
1.27926
1.27771
1.27615
1.27469
1.19894
1.19851
1.1991
1.20087
1.20374
1.20733
1.2111
1.21441
1.21668
1.21748
1.21652
1.21379
1.20959
1.20464
1.20002
1.19683
1.19582
1.19704
1.19998
1.20388
1.20808
1.21214
1.21577
1.21869
1.22065
1.22136
1.22058
1.21808
1.21377
1.20768
1.2001
1.19164
1.18322
1.17602
1.17121
1.16956
1.17125
1.17582
1.18235
1.18979
1.19722
1.20399
1.20971
1.21424
1.2176
1.21991
1.22134
1.22212
1.22245
1.22251
1.22247
1.22242
1.22245
1.22257
1.22278
1.22305
1.22336
1.22367
1.22397
1.22423
1.22445
1.22464
1.22478
1.22489
1.22496
1.225
1.22501
1.22497
1.22488
1.22471
1.22443
1.22398
1.22331
1.22234
1.22096
1.21907
1.21657
1.21338
1.20952
1.20516
1.20067
1.19661
1.19361
1.19219
1.19256
1.19454
1.19771
1.20153
1.20555
1.20947
1.21308
1.21624
1.21885
1.22083
1.22213
1.22273
1.22262
1.22186
1.22058
1.2189
1.19819
1.19628
1.1945
1.19293
1.1916
1.19045
1.18946
1.18856
1.18778
1.18714
1.18672
1.18659
1.18676
1.18725
1.18799
1.18889
1.18984
1.19075
1.19155
1.19223
1.19278
1.19327
1.19373
1.19423
1.19482
1.19551
1.19631
1.19721
1.19818
1.19922
1.20027
1.20133
1.20236
1.20333
1.20421
1.20496
1.20554
1.20591
1.20603
1.2059
1.2055
1.20488
1.20407
1.20316
1.20223
1.20137
1.20065
1.20009
1.19971
1.1995
1.19944
1.19952
1.1997
1.19992
1.20006
1.19993
1.19936
1.19817
1.19629
1.19374
1.19065
1.18728
1.18387
1.1807
1.17792
1.17562
1.17377
1.17234
1.17128
1.1706
1.17034
1.17053
1.17115
1.17213
1.17338
1.17492
1.17681
1.17914
1.18189
1.18488
1.18788
1.19065
1.19307
1.19511
1.19684
1.19833
1.19964
1.20081
1.20186
1.20278
1.20357
1.20422
1.20472
1.20508
1.20529
1.20538
1.20535
1.20521
1.20498
1.20466
1.19961
1.19912
1.19857
1.19794
1.19724
1.19646
1.19559
1.19463
1.19359
1.19248
1.19131
1.19012
1.18897
1.18792
1.18704
1.1864
1.18604
1.18599
1.18623
1.18671
1.18735
1.18805
1.18872
1.18927
1.18964
1.18977
1.18965
1.18928
1.18869
1.18794
1.18711
1.1863
1.18562
1.18516
1.18499
1.18513
1.18557
1.18623
1.18701
1.18781
1.18851
1.18904
1.18933
1.18937
1.18915
1.18867
1.18798
1.18716
1.18634
1.18572
1.18551
1.18591
1.18697
1.18857
1.19043
1.19216
1.19342
1.19396
1.19365
1.19255
1.19084
1.1888
1.18679
1.18513
1.18407
1.1837
1.18393
1.18453
1.18514
1.18544
1.18516
1.18418
1.18258
1.18063
1.17873
1.17729
1.17664
1.17688
1.17789
1.17942
1.18117
1.18291
1.18451
1.18593
1.18723
1.18849
1.18979
1.19119
1.1927
1.1943
1.19595
1.19764
1.19932
1.20099
1.20261
1.20419
1.2057
1.20712
1.20844
1.20962
1.20096
1.20179
1.20243
1.20283
1.20298
1.20283
1.20234
1.20149
1.20023
1.19857
1.19651
1.19411
1.1915
1.18885
1.18639
1.18439
1.18309
1.18264
1.18308
1.18427
1.18593
1.18769
1.18915
1.18995
1.18984
1.18871
1.18659
1.18374
1.18056
1.17764
1.17559
1.17499
1.17617
1.17913
1.18354
1.18882
1.19427
1.19929
1.20339
1.20627
1.20784
1.20811
1.20726
1.20557
1.20337
1.20108
1.19907
1.1976
1.19678
1.19648
1.19645
1.19639
1.19611
1.19567
1.19532
1.19545
1.19639
1.19823
1.20078
1.20368
1.20648
1.20885
1.21056
1.21145
1.21141
1.2103
1.20802
1.20457
1.2002
1.19557
1.19166
1.18951
1.18964
1.19181
1.1951
1.19844
1.20096
1.20227
1.20228
1.20118
1.19924
1.19684
1.19433
1.19211
1.19047
1.18966
1.18977
1.19074
1.19242
1.19457
1.19692
1.19924
1.20127
1.20278
1.20352
1.20317
1.20135
1.19764
1.19178
1.18396
1.19144
1.18382
1.18012
1.18159
1.18723
1.19461
1.20148
1.20671
1.21014
1.21215
1.21324
1.21384
1.2142
1.21447
1.21463
1.21459
1.21415
1.21303
1.21096
1.20772
1.20333
1.19823
1.19336
1.18994
1.1889
1.19036
1.19351
1.19716
1.20038
1.20282
1.20462
1.20616
1.20782
1.20978
1.21204
1.21446
1.21688
1.21913
1.22103
1.2224
1.22306
1.22282
1.22157
1.21929
1.2161
1.21225
1.2081
1.20412
1.20077
1.19848
1.19754
1.19807
1.19996
1.20295
1.20667
1.2107
1.21466
1.21824
1.22123
1.22356
1.2252
1.22625
1.22683
1.22713
1.22733
1.22761
1.22811
1.22889
1.22995
1.23118
1.2324
1.23338
1.23383
1.23347
1.23198
1.22916
1.22502
1.21995
1.2149
1.2112
1.2101
1.21206
1.21643
1.22189
1.22708
1.23114
1.2337
1.23479
1.23462
1.23349
1.23168
1.22945
1.22703
1.22459
1.2223
1.22028
1.21865
1.21751
1.21692
1.2169
2.3
2.30001
2.30003
2.30006
2.3001
2.30014
2.30019
2.30025
2.30032
2.3004
2.30048
2.30058
2.30068
2.30079
2.30091
2.30104
2.30118
2.30133
2.30149
2.30166
2.30184
2.30204
2.30224
2.30245
2.30268
2.30292
2.30317
2.30344
2.30372
2.30401
2.30432
2.30464
2.30498
2.30534
2.30571
2.30611
2.30652
2.30695
2.30741
2.30789
2.30839
2.30892
2.30947
2.31006
2.31067
2.31132
2.312
2.31272
2.31348
2.31428
2.31513
2.31603
2.31698
2.31798
2.31904
2.32017
2.32137
2.32264
2.324
2.32544
2.32697
2.3286
2.33034
2.33219
2.33416
2.33626
2.33848
2.34084
2.34333
2.34595
2.34869
2.35153
2.35444
2.35737
2.36025
2.36297
2.3654
2.36733
2.36853
2.36869
2.36749
2.36466
2.3601
2.35408
2.34736
2.34123
2.33714
2.33617
2.33849
2.34336
2.34942
2.3552
2.35958
2.36212
2.36339
2.36482
2.36812
2.37429
2.38297
2.39265
1.20632
1.21265
1.2179
1.22179
1.22437
1.22593
1.22685
1.22743
1.22792
1.22842
1.22896
1.2295
1.22996
1.23025
1.23024
1.22982
1.22895
1.22766
1.22614
1.22471
1.22376
1.2237
1.22481
1.22716
1.2306
1.23481
1.23933
1.24373
1.24762
1.25075
1.25298
1.25432
1.25485
1.25474
1.25422
1.25352
1.25289
1.25252
1.25256
1.2531
1.25413
1.25558
1.25734
1.25927
1.26122
1.26306
1.2647
1.26606
1.26714
1.26796
1.26855
1.26899
1.26933
1.26963
1.2699
1.27015
1.2704
1.27066
1.27093
1.27123
1.27157
1.27195
1.27237
1.27281
1.27326
1.27372
1.27419
1.2747
1.2753
1.27601
1.27689
1.27796
1.27923
1.2807
1.28234
1.28411
1.28594
1.28778
1.28955
1.29121
1.29268
1.29392
1.29488
1.29552
1.29581
1.2957
1.29521
1.29431
1.29305
1.29149
1.28971
1.28782
1.28593
1.28411
1.28241
1.28082
1.27926
1.27771
1.27615
1.27469
1.19894
1.19851
1.1991
1.20087
1.20374
1.20733
1.2111
1.21441
1.21668
1.21748
1.21652
1.21379
1.20959
1.20464
1.20002
1.19683
1.19582
1.19704
1.19998
1.20388
1.20808
1.21214
1.21577
1.21869
1.22065
1.22136
1.22058
1.21808
1.21377
1.20768
1.2001
1.19164
1.18322
1.17602
1.17121
1.16956
1.17125
1.17582
1.18235
1.18979
1.19722
1.20399
1.20971
1.21424
1.2176
1.21991
1.22134
1.22212
1.22245
1.22251
1.22247
1.22242
1.22245
1.22257
1.22278
1.22305
1.22336
1.22367
1.22397
1.22423
1.22445
1.22464
1.22478
1.22489
1.22496
1.225
1.22501
1.22497
1.22488
1.22471
1.22443
1.22398
1.22331
1.22234
1.22096
1.21907
1.21657
1.21338
1.20952
1.20516
1.20067
1.19661
1.19361
1.19219
1.19256
1.19454
1.19771
1.20153
1.20555
1.20947
1.21308
1.21624
1.21885
1.22083
1.22213
1.22273
1.22262
1.22186
1.22058
1.2189
1.19819
1.19628
1.1945
1.19293
1.1916
1.19045
1.18946
1.18856
1.18778
1.18714
1.18672
1.18659
1.18676
1.18725
1.18799
1.18889
1.18984
1.19075
1.19155
1.19223
1.19278
1.19327
1.19373
1.19423
1.19482
1.19551
1.19631
1.19721
1.19818
1.19922
1.20027
1.20133
1.20236
1.20333
1.20421
1.20496
1.20554
1.20591
1.20603
1.2059
1.2055
1.20488
1.20407
1.20316
1.20223
1.20137
1.20065
1.20009
1.19971
1.1995
1.19944
1.19952
1.1997
1.19992
1.20006
1.19993
1.19936
1.19817
1.19629
1.19374
1.19065
1.18728
1.18387
1.1807
1.17792
1.17562
1.17377
1.17234
1.17128
1.1706
1.17034
1.17053
1.17115
1.17213
1.17338
1.17492
1.17681
1.17914
1.18189
1.18488
1.18788
1.19065
1.19307
1.19511
1.19684
1.19833
1.19964
1.20081
1.20186
1.20278
1.20357
1.20422
1.20472
1.20508
1.20529
1.20538
1.20535
1.20521
1.20498
1.20466
1.19961
1.19912
1.19857
1.19794
1.19724
1.19646
1.19559
1.19463
1.19359
1.19248
1.19131
1.19012
1.18897
1.18792
1.18704
1.1864
1.18604
1.18599
1.18623
1.18671
1.18735
1.18805
1.18872
1.18927
1.18964
1.18977
1.18965
1.18928
1.18869
1.18794
1.18711
1.1863
1.18562
1.18516
1.18499
1.18513
1.18557
1.18623
1.18701
1.18781
1.18851
1.18904
1.18933
1.18937
1.18915
1.18867
1.18798
1.18716
1.18634
1.18572
1.18551
1.18591
1.18697
1.18857
1.19043
1.19216
1.19342
1.19396
1.19365
1.19255
1.19084
1.1888
1.18679
1.18513
1.18407
1.1837
1.18393
1.18453
1.18514
1.18544
1.18516
1.18418
1.18258
1.18063
1.17873
1.17729
1.17664
1.17688
1.17789
1.17942
1.18117
1.18291
1.18451
1.18593
1.18723
1.18849
1.18979
1.19119
1.1927
1.1943
1.19595
1.19764
1.19932
1.20099
1.20261
1.20419
1.2057
1.20712
1.20844
1.20962
1.20096
1.20179
1.20243
1.20283
1.20298
1.20283
1.20234
1.20149
1.20023
1.19857
1.19651
1.19411
1.1915
1.18885
1.18639
1.18439
1.18309
1.18264
1.18308
1.18427
1.18593
1.18769
1.18915
1.18995
1.18984
1.18871
1.18659
1.18374
1.18056
1.17764
1.17559
1.17499
1.17617
1.17913
1.18354
1.18882
1.19427
1.19929
1.20339
1.20627
1.20784
1.20811
1.20726
1.20557
1.20337
1.20108
1.19907
1.1976
1.19678
1.19648
1.19645
1.19639
1.19611
1.19567
1.19532
1.19545
1.19639
1.19823
1.20078
1.20368
1.20648
1.20885
1.21056
1.21145
1.21141
1.2103
1.20802
1.20457
1.2002
1.19557
1.19166
1.18951
1.18964
1.19181
1.1951
1.19844
1.20096
1.20227
1.20228
1.20118
1.19924
1.19684
1.19433
1.19211
1.19047
1.18966
1.18977
1.19074
1.19242
1.19457
1.19692
1.19924
1.20127
1.20278
1.20352
1.20317
1.20135
1.19764
1.19178
1.18396
1.19144
1.18382
1.18012
1.18159
1.18723
1.19461
1.20148
1.20671
1.21014
1.21215
1.21324
1.21384
1.2142
1.21447
1.21463
1.21459
1.21415
1.21303
1.21096
1.20772
1.20333
1.19823
1.19336
1.18994
1.1889
1.19036
1.19351
1.19716
1.20038
1.20282
1.20462
1.20616
1.20782
1.20978
1.21204
1.21446
1.21688
1.21913
1.22103
1.2224
1.22306
1.22282
1.22157
1.21929
1.2161
1.21225
1.2081
1.20412
1.20077
1.19848
1.19754
1.19807
1.19996
1.20295
1.20667
1.2107
1.21466
1.21824
1.22123
1.22356
1.2252
1.22625
1.22683
1.22713
1.22733
1.22761
1.22811
1.22889
1.22995
1.23118
1.2324
1.23338
1.23383
1.23347
1.23198
1.22916
1.22502
1.21995
1.2149
1.2112
1.2101
1.21206
1.21643
1.22189
1.22708
1.23114
1.2337
1.23479
1.23462
1.23349
1.23168
1.22945
1.22703
1.22459
1.2223
1.22028
1.21865
1.21751
1.21692
1.2169
