1   -0.352599   -0.352599           0
2    -0.36658    -0.35959  0.00699087
3   -0.363951   -0.361044  0.00429007
4   -0.368739   -0.362967  0.00359214
5   -0.357767   -0.361927  0.00297047
6   -0.383888   -0.365588  0.00439084
7    -0.39017   -0.369099  0.00510914
8    -0.35762   -0.367664  0.00465149
9   -0.369617   -0.367881  0.00410796
10   -0.386247   -0.369718  0.00410769
1   -0.361927   -0.361927           0
2   -0.377508   -0.369718  0.00779054
3   -0.409642   -0.383026   0.0140477
4   -0.367189   -0.379067   0.0106933
5   -0.416444   -0.386542   0.0111576
6    -0.39433    -0.38784  0.00920211
7   -0.361808   -0.384121  0.00862062
8   -0.403403   -0.386531  0.00784508
9   -0.420364   -0.390291  0.00787401
10   -0.457258   -0.396987  0.00971832
11   -0.404319   -0.397654  0.00881579
12   -0.411819   -0.398834  0.00813378
13    -0.37378   -0.396907  0.00772623
14   -0.401047   -0.397203  0.00715921
15   -0.417715    -0.39857   0.0068037
16   -0.358107   -0.396041  0.00684833
17   -0.386918   -0.395505  0.00645524
18   -0.378109   -0.394538   0.0061623
19   -0.452273   -0.397577  0.00657345
20   -0.413948   -0.398395  0.00628962
