1.21742
1.21839
1.21967
1.22111
1.22255
1.22384
1.22484
1.22544
1.22557
1.22523
1.22447
1.22345
1.22235
1.22138
1.22065
1.22018
1.2199
1.21971
1.21963
1.21979
1.22042
1.22173
1.22377
1.2264
1.22934
1.23228
1.23496
1.23722
1.239
1.2403
1.24115
1.24159
1.24164
1.24127
1.24044
1.23907
1.23705
1.23425
1.23053
1.2258
1.22002
1.21333
1.20608
1.19887
1.19257
1.1881
1.18624
1.18735
1.19125
1.1973
1.20457
1.21213
1.21922
1.22529
1.23004
1.23337
1.23528
1.23592
1.23553
1.23444
1.23307
1.23186
1.2312
1.23135
1.23239
1.23425
1.2367
1.2395
1.24238
1.24511
1.24752
1.2495
1.25101
1.25202
1.25254
1.25261
1.25227
1.25155
1.2505
1.24916
1.2476
1.2459
1.24416
1.2425
1.24107
1.24002
1.23948
1.2395
1.24009
1.24116
1.24253
1.24401
1.2454
1.24649
1.24717
1.24734
1.24699
1.24618
1.24503
1.24372
1.24245
1.24143
1.24082
1.24073
1.24116
1.24203
1.24318
1.24444
1.24561
1.24652
1.24703
1.24705
1.2465
1.24536
1.24362
1.24132
1.23851
1.23529
1.23183
1.22836
1.22517
1.22263
1.22112
1.22096
1.22228
1.22505
1.22898
1.23365
1.23856
1.24329
1.2475
1.25099
1.25366
1.25552
1.25658
1.25691
1.25654
1.25553
1.25393
1.25185
1.24944
1.24693
1.24461
1.24281
1.24179
1.24168
1.24244
1.24386
1.24564
1.24748
1.24914
1.25046
1.25136
1.25183
1.25188
1.25156
1.25092
1.25003
1.24895
1.24775
1.24651
1.24528
1.2441
1.24294
1.24176
1.24044
1.23884
1.23683
1.23432
1.23132
1.22796
1.22446
1.22115
1.21835
1.21629
1.21508
1.21463
1.21469
1.21491
1.21501
1.21489
1.21477
1.21511
1.21644
1.21905
1.22282
1.22725
1.23171
1.23564
1.23868
1.24066
1.24161
1.24159
1.24072
1.23915
1.237
1.2344
1.23147
1.22836
1.22519
1.22213
1.21932
1.2169
1.215
1.21371
1.21311
1.21323
1.21406
1.21554
1.21755
1.21994
1.22254
1.22519
1.22773
1.23006
1.23211
1.23384
1.23525
1.23637
1.2372
1.23778
1.23812
1.23824
1.23814
1.23781
1.23724
1.23644
1.23543
1.23425
1.23297
1.23168
1.23046
1.22937
1.22844
1.22765
1.22694
1.22624
1.22546
1.22455
1.22346
1.22227
1.22109
1.22016
1.21974
1.2201
1.22151
1.22414
1.22805
1.23306
1.23877
1.24466
1.25019
1.25493
1.25863
1.26122
1.26272
1.26323
1.26289
1.26181
1.26008
1.25778
1.25493
1.25156
1.24773
1.24358
1.23939
1.23559
1.23269
1.2311
1.23103
1.23241
1.23488
1.238
1.24131
1.24446
1.24716
1.24923
1.25054
1.25103
1.25069
1.24958
1.24781
1.24554
1.24298
1.24034
1.23786
1.23581
1.23441
1.23383
1.23417
1.23536
1.23727
1.23966
1.24228
1.24491
1.24737
1.24952
1.25132
1.25276
1.25386
1.25468
1.25532
1.25586
1.25636
1.25686
1.25737
1.25784
1.25821
1.25836
1.25818
1.25754
1.25633
1.25448
1.25195
1.24877
1.24504
1.24098
1.23697
1.23357
1.23144
1.23114
1.23288
1.23632
1.24069
1.24506
1.24863
1.25087
1.25158
1.25078
1.24867
1.24558
1.24192
1.23816
1.23472
1.23189
1.22981
1.2284
1.22742
1.22657
1.22564
1.22464
1.22385
1.22373
1.22475
1.22711
1.23061
1.23479
1.23908
1.243
1.24628
1.24881
1.2506
1.25174
1.25231
1.25243
1.25218
1.25164
1.25088
1.24996
1.24891
1.24778
1.2466
1.2454
1.2442
1.24302
1.24186
1.24074
1.23966
1.23862
1.23761
1.23663
1.23568
1.23474
1.23379
1.23283
1.23183
1.2308
1.22974
1.22865
1.22756
1.22653
1.22561
1.22488
1.22438
1.22416
1.22425
1.22462
1.22522
1.22599
1.22685
1.22773
1.22859
1.22938
1.23008
1.2307
1.23125
1.23174
1.23218
1.23259
1.23298
1.23337
1.23377
1.23419
1.23464
1.23513
1.23567
1.23628
1.23695
1.2377
1.2385
1.23935
1.24018
1.24093
1.24151
1.24178
1.24158
1.24073
1.23904
1.23634
1.23253
1.22762
1.22181
1.21545
1.20909
1.20337
1.19909
1.19708
1.198
1.20198
1.20834
1.21584
1.22316
1.22935
1.23397
1.23695
1.23847
1.23881
1.23824
1.23703
1.23538
1.23349
1.23152
1.2296
1.22785
1.22637
1.22526
1.22459
1.22441
1.22478
1.22571
1.22717
1.22909
1.23134
1.23377
1.23621
1.23849
1.24047
1.24204
1.2431
1.24359
1.24349
1.24282
1.24165
1.24008
1.23822
1.23621
1.23417
1.23219
1.23036
1.22879
1.22766
1.22719
1.22764
1.22917
1.23174
1.23512
1.23887
1.24256
1.24583
1.24852
1.25061
1.25217
1.25327
1.25393
1.25409
1.25361
1.25231
1.24998
1.24651
1.24187
1.23617
1.22975
1.22311
1.21692
1.21189
1.20864
1.20749
1.20841
1.21104
1.2148
1.21909
1.22338
1.22732
1.23074
1.2336
1.23596
1.23792
1.23958
1.24102
1.24234
1.24355
1.24468
1.2457
1.2466
1.24733
1.24785
1.24813
1.24813
1.24782
1.24716
1.24613
1.24473
1.24298
1.24097
1.23887
1.23695
1.23555
1.23501
1.23556
1.23728
1.24002
1.24348
1.2473
1.25117
1.25484
1.25818
1.2611
1.26356
1.26556
1.26706
1.268
1.26831
1.26785
1.26648
1.26404
1.26043
1.25562
1.2498
1.24337
1.23699
1.23137
1.2271
1.22444
1.22332
1.22348
1.22463
1.2266
1.22927
1.23256
1.23628
1.24023
1.24416
1.24791
1.25134
1.25436
1.25688
1.25876
1.25989
1.26011
1.25931
1.25741
1.25449
1.25078
1.24677
1.24321
1.24088
1.24037
1.24183
1.24489
1.2489
1.25317
1.25721
1.26078
1.26378
1.26626
1.2683
1.26999
1.27142
1.27263
1.27367
1.27456
1.27529
1.27584
1.27617
1.27619
1.2758
1.27485
1.27315
1.27051
1.26675
1.26185
1.25607
1.25007
1.24495
1.2419
1.24167
1.24418
1.24858
1.25374
1.25872
1.26301
1.26641
1.26893
1.27061
1.27148
1.27153
1.27073
1.26903
1.26642
1.26292
1.25869
1.254
1.24926
1.245
1.24182
1.24021
1.24046
1.24259
1.24629
1.25107
1.25632
1.26148
1.26606
1.26971
1.27222
1.27348
1.27348
1.27231
1.27015
1.26724
1.26387
1.26037
1.25703
1.2541
1.25176
1.25009
1.24913
1.24886
1.24919
1.25003
1.25125
1.25267
1.25409
1.25526
1.25593
1.25591
1.25507
1.25343
1.25115
1.24858
1.24612
1.24421
1.24313
1.24297
1.24365
1.24497
1.2467
1.24867
1.25074
1.25281
1.25479
1.25661
1.25821
1.25954
1.26057
1.2613
1.26173
1.26188
1.26176
1.2614
1.26081
1.26
1.25898
1.25773
1.25626
1.25454
1.25259
1.25041
1.24801
1.24545
1.24279
1.24013
1.23756
1.23518
1.23308
1.23128
1.22979
1.22853
1.2274
1.22628
1.22503
1.22359
1.22193
1.22015
1.21847
1.2172
1.21669
1.21721
1.21885
1.22143
1.22462
1.228
1.23114
1.23371
1.23545
1.23615
1.2357
1.23409
1.2315
1.22835
1.22524
1.22281
1.22144
1.22112
1.22147
1.2221
1.22285
1.22388
1.22549
1.22786
1.23085
1.23408
1.23706
1.23944
1.24104
1.24188
1.24209
1.24187
1.24142
1.24093
1.24051
1.24025
1.24017
1.24028
1.24053
1.24089
1.24128
1.24165
1.24193
1.24204
1.24187
1.24132
1.24024
1.23844
1.23574
1.23196
1.22702
1.22104
1.21448
1.20819
1.20327
1.20075
1.2011
1.20402
1.20858
1.21364
1.2182
1.22157
1.22346
1.22397
1.22356
1.22301
1.22316
1.22462
1.22754
1.23154
1.236
1.24027
1.24393
1.24678
1.24881
1.2501
1.25079
1.251
1.25087
1.25049
1.24994
1.24929
1.24859
1.24786
1.24713
1.24638
1.24559
1.24472
1.24373
1.24254
1.24108
1.2393
1.23712
1.23452
1.23151
1.2282
1.22482
1.2217
1.21931
1.21805
1.21824
1.21994
1.22303
1.22722
1.23216
1.2375
1.24284
1.24786
1.25226
1.25583
1.25842
1.25992
1.26025
1.25928
1.25689
1.25293
1.2474
1.24068
1.23375
1.22826
1.22598
1.22781
1.23316
1.24027
1.24728
1.25286
1.25643
1.25789
1.25739
1.25519
1.25161
1.24704
1.24199
1.23703
1.23278
1.22972
1.22811
1.22789
1.22873
1.23017
1.23178
1.23328
1.23456
1.23564
1.23667
1.2378
1.2392
1.241
1.2432
1.24565
1.24808
1.25015
1.25154
1.25205
1.25164
1.25045
1.24881
1.24709
1.24565
1.24467
1.24414
1.24392
1.24388
1.24404
1.24455
1.24562
1.24735
1.24969
1.25236
1.25501
1.25729
1.25895
1.25983
1.25988
1.25912
1.25759
1.25536
1.25249
1.24904
1.24505
1.24058
1.2357
1.23052
1.22522
1.22011
1.21556
1.21205
1.21001
1.20977
1.21147
1.21498
1.21995
1.22589
1.23228
1.23864
1.2446
1.24992
1.25449
1.25829
1.26134
1.26372
1.26553
1.26686
1.26779
1.26841
1.26876
1.2689
1.26888
1.26871
1.26842
1.26801
1.26749
1.26686
1.26611
1.26522
1.26416
1.26292
1.26142
1.25961
1.25738
1.25461
1.25117
1.24696
1.24204
1.23669
1.23154
1.22754
1.2256
1.22619
1.22907
1.23336
1.23804
1.24228
1.24565
1.24802
1.2495
1.25025
1.25048
1.25033
1.24996
1.24943
1.24883
1.2482
1.24756
1.24695
1.24639
1.24588
1.24544
1.24507
1.24477
1.24453
1.24433
1.24416
1.24401
1.24387
1.24374
1.24365
1.24363
1.24372
1.24394
1.24434
1.24491
1.24565
1.2465
1.24743
1.24836
1.24925
1.25006
1.25078
1.25142
1.25202
1.25263
1.25328
1.25404
1.2549
1.25589
1.25696
1.25806
1.25912
1.26004
1.26073
1.26107
1.26096
1.2603
1.25902
1.25708
1.25453
1.25152
1.2483
1.24521
1.24257
1.24061
1.23938
1.23879
