1    0.064633           0
1    0.129266           0
1    0.193899           0
1    0.258532           0
1    0.323165           0
1    0.387798           0
1    0.452431           0
1    0.517064           0
1    0.581697           0
1     0.64633           0
1    0.710963           0
1    0.775596           0
1     0.84023           0
1    0.904863           0
1    0.969496    0.163513
1     1.03413     1.17043
1     1.09876     1.67838
1     1.16339     1.26591
1     1.22803     1.25424
1     1.29266      1.3764
1     1.35729     1.35761
1     1.42193     1.36036
1     1.48656     1.32217
1     1.55119     1.27646
1     1.61583     1.12964
1     1.68046     1.16879
1     1.74509     1.06081
1     1.80973    0.841207
1     1.87436    0.850368
1     1.93899    0.862405
1     2.00362     0.68752
1     2.06826    0.727502
1     2.13289    0.667214
1     2.19752    0.753817
1     2.26216    0.903361
1     2.32679    0.777528
1     2.39142    0.721867
1     2.45606    0.832138
1     2.52069    0.886384
1     2.58532    0.919018
1     2.64995    0.887306
1     2.71459    0.845439
1     2.77922    0.921234
1     2.84385    0.948648
1     2.90849    0.831484
1     2.97312    0.954117
1     3.03775    0.889695
1     3.10239     1.21674
1     3.16702    0.942656
1     3.23165     1.00713
1     3.29629     1.06677
1     3.36092     1.01186
1     3.42555     1.01176
1     3.49018     0.94227
1     3.55482    0.998279
1     3.61945     1.00224
1     3.68408     1.05847
1     3.74872    0.986553
1     3.81335    0.948121
1     3.87798     1.00233
1     3.94262    0.972019
1     4.00725    0.960725
1     4.07188    0.945865
1     4.13651    0.959532
1     4.20115    0.888731
1     4.26578    0.948596
1     4.33041    0.997124
1     4.39505    0.969387
1     4.45968     1.03706
1     4.52431     1.00368
1     4.58895     0.96747
1     4.65358     0.93702
1     4.71821    0.933923
1     4.78285    0.863785
1     4.84748    0.868057
1     4.91211    0.887106
1     4.97674    0.973042
1     5.04138    0.996591
1     5.10601     1.04214
1     5.17064    0.979187
1     5.23528    0.963358
1     5.29991     1.28336
1     5.36454     1.00168
1     5.42918     0.96741
1     5.49381    0.993443
1     5.55844    0.989718
1     5.62307     1.01969
1     5.68771    0.970159
1     5.75234    0.966317
1     5.81697    0.924555
1     5.88161    0.953089
1     5.94624     0.90695
1     6.01087    0.935102
1     6.07551    0.948176
1     6.14014     1.07432
1     6.20477    0.941751
1      6.2694    0.946646
1     6.33404    0.916609
1     6.39867    0.859687
1      6.4633     1.01937
2    0.064633           0
2    0.129266           0
2    0.193899           0
2    0.258532           0
2    0.323165           0
2    0.387798           0
2    0.452431           0
2    0.517064           0
2    0.581697           0
2     0.64633           0
2    0.710963           0
2    0.775596           0
2     0.84023           0
2    0.904863           0
2    0.969496    0.161242
2     1.03413      1.0602
2     1.09876     1.91356
2     1.16339     1.61029
2     1.22803     1.32886
2     1.29266     1.26473
2     1.35729     1.27497
2     1.42193     1.33449
2     1.48656     1.27375
2     1.55119     1.16554
2     1.61583     1.01131
2     1.68046    0.993162
2     1.74509    0.852254
2     1.80973     0.78544
2     1.87436    0.936909
2     1.93899    0.941606
2     2.00362    0.835474
2     2.06826    0.832907
2     2.13289     0.82964
2     2.19752    0.891375
2     2.26216    0.974816
2     2.32679    0.813987
2     2.39142    0.675683
2     2.45606    0.783535
2     2.52069    0.803482
2     2.58532    0.901051
2     2.64995     0.85118
2     2.71459    0.867497
2     2.77922    0.947481
2     2.84385    0.972902
2     2.90849    0.946426
2     2.97312     1.03716
2     3.03775    0.953555
2     3.10239       1.052
2     3.16702    0.894097
2     3.23165     0.99943
2     3.29629    0.993303
2     3.36092    0.995626
2     3.42555    0.959327
2     3.49018     0.94962
2     3.55482    0.973649
2     3.61945    0.961032
2     3.68408     1.01704
2     3.74872    0.979695
2     3.81335    0.942571
2     3.87798     1.01545
2     3.94262     1.08688
2     4.00725    0.982661
2     4.07188    0.942752
2     4.13651    0.991936
2     4.20115    0.942289
2     4.26578    0.952052
2     4.33041     1.01773
2     4.39505    0.978111
2     4.45968     1.03796
2     4.52431     1.05715
2     4.58895    0.975157
2     4.65358      0.9473
2     4.71821    0.949482
2     4.78285    0.910495
2     4.84748     0.91009
2     4.91211    0.969083
2     4.97674     1.05937
2     5.04138     1.02299
2     5.10601     1.03472
2     5.17064     1.00597
2     5.23528    0.986037
2     5.29991     1.12699
2     5.36454     1.02618
2     5.42918     0.95388
2     5.49381    0.953649
2     5.55844    0.941428
2     5.62307    0.988255
2     5.68771     0.98779
2     5.75234    0.996501
2     5.81697    0.965205
2     5.88161    0.999309
2     5.94624    0.927745
2     6.01087    0.918308
2     6.07551    0.939008
2     6.14014    0.997543
2     6.20477    0.908343
2      6.2694    0.931374
2     6.33404     0.92516
2     6.39867    0.908862
2      6.4633    0.976029
3    0.064633           0
3    0.129266           0
3    0.193899           0
3    0.258532           0
3    0.323165           0
3    0.387798           0
3    0.452431           0
3    0.517064           0
3    0.581697           0
3     0.64633           0
3    0.710963           0
3    0.775596           0
3     0.84023           0
3    0.904863           0
3    0.969496    0.148373
3     1.03413     1.12767
3     1.09876     1.68907
3     1.16339      1.5529
3     1.22803     1.37957
3     1.29266     1.32273
3     1.35729      1.3159
3     1.42193      1.3194
3     1.48656     1.24312
3     1.55119     1.18494
3     1.61583     1.11845
3     1.68046     1.07191
3     1.74509    0.930432
3     1.80973    0.811195
3     1.87436    0.911407
3     1.93899    0.891348
3     2.00362    0.856558
3     2.06826    0.914889
3     2.13289    0.935331
3     2.19752    0.928974
3     2.26216    0.940893
3     2.32679    0.829418
3     2.39142    0.747223
3     2.45606    0.777644
3     2.52069    0.817357
3     2.58532     0.91924
3     2.64995     0.91646
3     2.71459    0.870418
3     2.77922    0.908159
3     2.84385    0.977679
3     2.90849    0.947657
3     2.97312     1.03472
3     3.03775    0.946137
3     3.10239     1.03653
3     3.16702    0.912956
3     3.23165    0.994009
3     3.29629    0.968266
3     3.36092    0.966583
3     3.42555    0.963713
3     3.49018     0.94864
3     3.55482     1.01316
3     3.61945    0.974539
3     3.68408      1.0511
3     3.74872    0.990274
3     3.81335    0.951409
3     3.87798     1.02142
3     3.94262     1.06707
3     4.00725     1.03562
3     4.07188    0.970048
3     4.13651     1.01848
3     4.20115    0.952593
3     4.26578     0.97904
3     4.33041     1.01302
3     4.39505     0.99203
3     4.45968     1.00535
3     4.52431     1.03706
3     4.58895    0.950744
3     4.65358    0.962702
3     4.71821    0.942342
3     4.78285    0.907447
3     4.84748    0.919314
3     4.91211    0.990626
3     4.97674     1.05034
3     5.04138     1.01371
3     5.10601     1.00772
3     5.17064    0.993954
3     5.23528     0.98768
3     5.29991     1.09309
3     5.36454     1.03409
3     5.42918     1.00272
3     5.49381    0.963827
3     5.55844    0.957233
3     5.62307    0.974069
3     5.68771    0.967883
3     5.75234    0.976174
3     5.81697    0.965072
3     5.88161    0.983946
3     5.94624    0.924216
3     6.01087    0.923864
3     6.07551    0.935911
3     6.14014    0.976378
3     6.20477    0.930888
3      6.2694    0.946569
3     6.33404    0.953962
3     6.39867    0.958074
3      6.4633    0.961223
4    0.064633           0
4    0.129266           0
4    0.193899           0
4    0.258532           0
4    0.323165           0
4    0.387798           0
4    0.452431           0
4    0.517064           0
4    0.581697           0
4     0.64633           0
4    0.710963           0
4    0.775596           0
4     0.84023           0
4    0.904863           0
4    0.969496     0.13626
4     1.03413     1.02713
4     1.09876     1.62314
4     1.16339     1.61189
4     1.22803     1.42716
4     1.29266     1.34329
4     1.35729     1.34758
4     1.42193     1.29623
4     1.48656     1.17098
4     1.55119     1.13645
4     1.61583     1.10111
4     1.68046     1.07787
4     1.74509    0.910707
4     1.80973    0.841543
4     1.87436    0.918096
4     1.93899    0.950406
4     2.00362    0.894875
4     2.06826     0.94658
4     2.13289    0.977478
4     2.19752    0.969553
4     2.26216    0.983044
4     2.32679    0.865399
4     2.39142    0.798905
4     2.45606    0.810414
4     2.52069    0.854727
4     2.58532    0.929167
4     2.64995    0.886038
4     2.71459      0.8959
4     2.77922    0.975746
4     2.84385     1.02899
4     2.90849    0.970021
4     2.97312     1.01242
4     3.03775    0.928882
4     3.10239    0.997241
4     3.16702    0.902673
4     3.23165    0.973107
4     3.29629     0.97612
4     3.36092      0.9882
4     3.42555     1.00557
4     3.49018      1.0019
4     3.55482      1.0074
4     3.61945    0.982318
4     3.68408     1.01563
4     3.74872     1.00864
4     3.81335     0.99437
4     3.87798     1.04833
4     3.94262     1.03811
4     4.00725     1.01019
4     4.07188    0.984983
4     4.13651     1.02539
4     4.20115    0.979308
4     4.26578    0.967356
4     4.33041    0.988919
4     4.39505    0.967642
4     4.45968     0.98254
4     4.52431     1.01976
4     4.58895    0.937897
4     4.65358    0.945431
4     4.71821    0.931195
4     4.78285    0.922541
4     4.84748    0.939629
4     4.91211    0.983865
4     4.97674     1.02947
4     5.04138     1.01568
4     5.10601    0.997196
4     5.17064      0.9978
4     5.23528     0.97556
4     5.29991     1.08842
4     5.36454     1.05421
4     5.42918     1.01725
4     5.49381    0.975562
4     5.55844    0.978995
4     5.62307    0.996631
4     5.68771    0.977232
4     5.75234    0.971291
4     5.81697    0.957508
4     5.88161    0.970756
4     5.94624     0.92867
4     6.01087    0.941626
4     6.07551    0.944264
4     6.14014    0.988416
4     6.20477    0.963554
4      6.2694    0.954569
4     6.33404    0.973707
4     6.39867    0.992604
4      6.4633    0.969788
5    0.064633           0
5    0.129266           0
5    0.193899           0
5    0.258532           0
5    0.323165           0
5    0.387798           0
5    0.452431           0
5    0.517064           0
5    0.581697           0
5     0.64633           0
5    0.710963           0
5    0.775596           0
5     0.84023           0
5    0.904863           0
5    0.969496    0.142619
5     1.03413     1.04136
5     1.09876      1.5957
5     1.16339     1.57777
5     1.22803     1.47409
5     1.29266     1.39821
5     1.35729     1.35147
5     1.42193     1.27715
5     1.48656     1.10398
5     1.55119     1.09281
5     1.61583      1.0427
5     1.68046           1
5     1.74509    0.923697
5     1.80973    0.898183
5     1.87436    0.978048
5     1.93899    0.968241
5     2.00362    0.889925
5     2.06826    0.970967
5     2.13289    0.997902
5     2.19752    0.968407
5     2.26216     1.00643
5     2.32679     0.88748
5     2.39142     0.84637
5     2.45606    0.844951
5     2.52069    0.894079
5     2.58532    0.989825
5     2.64995    0.954361
5     2.71459    0.944426
5     2.77922    0.968074
5     2.84385     1.02648
5     2.90849    0.981647
5     2.97312     1.02711
5     3.03775    0.974165
5     3.10239    0.987403
5     3.16702    0.901047
5     3.23165     0.96399
5     3.29629    0.940829
5     3.36092    0.958082
5     3.42555    0.975459
5     3.49018    0.993794
5     3.55482     1.00955
5     3.61945    0.952655
5     3.68408     1.00136
5     3.74872     1.00697
5     3.81335    0.990547
5     3.87798     1.02935
5     3.94262     1.03245
5     4.00725     1.00024
5     4.07188    0.995567
5     4.13651     1.03358
5     4.20115    0.980173
5     4.26578    0.966122
5     4.33041      1.0011
5     4.39505    0.997071
5     4.45968     0.98463
5     4.52431     1.00552
5     4.58895    0.954274
5     4.65358    0.963311
5     4.71821    0.938369
5     4.78285    0.932267
5     4.84748    0.945958
5     4.91211    0.983091
5     4.97674      1.0176
5     5.04138     1.01222
5     5.10601    0.990296
5     5.17064    0.998929
5     5.23528    0.961583
5     5.29991     1.06438
5     5.36454     1.03784
5     5.42918     1.01058
5     5.49381    0.970955
5     5.55844    0.966638
5     5.62307     1.00592
5     5.68771    0.980194
5     5.75234      0.9921
5     5.81697    0.966724
5     5.88161    0.971708
5     5.94624    0.934915
5     6.01087    0.945566
5     6.07551    0.944851
5     6.14014    0.996789
5     6.20477    0.973283
5      6.2694    0.964881
5     6.33404    0.981392
5     6.39867     1.00084
5      6.4633    0.984329
6    0.064633           0
6    0.129266           0
6    0.193899           0
6    0.258532           0
6    0.323165           0
6    0.387798           0
6    0.452431           0
6    0.517064           0
6    0.581697           0
6     0.64633           0
6    0.710963           0
6    0.775596           0
6     0.84023           0
6    0.904863           0
6    0.969496    0.152158
6     1.03413    0.993394
6     1.09876     1.59523
6     1.16339      1.5699
6     1.22803     1.43984
6     1.29266     1.40886
6     1.35729     1.42647
6     1.42193     1.33198
6     1.48656      1.1163
6     1.55119      1.0819
6     1.61583     1.06306
6     1.68046     1.02502
6     1.74509    0.978301
6     1.80973    0.925865
6     1.87436    0.965966
6     1.93899    0.983064
6     2.00362    0.904042
6     2.06826     1.00428
6     2.13289     1.03308
6     2.19752     1.00753
6     2.26216     1.02245
6     2.32679    0.917903
6     2.39142    0.855633
6     2.45606    0.866012
6     2.52069    0.884868
6     2.58532    0.976693
6     2.64995     0.95903
6     2.71459    0.956029
6     2.77922    0.988726
6     2.84385     1.03491
6     2.90849    0.971822
6     2.97312     1.01613
6     3.03775     0.94525
6     3.10239     0.96468
6     3.16702    0.893132
6     3.23165    0.965046
6     3.29629    0.930883
6     3.36092    0.950148
6     3.42555    0.974455
6     3.49018    0.976631
6     3.55482      1.0085
6     3.61945    0.944733
6     3.68408    0.988975
6     3.74872     1.00021
6     3.81335    0.972787
6     3.87798    0.999198
6     3.94262     1.02209
6     4.00725    0.986946
6     4.07188    0.995585
6     4.13651     1.01712
6     4.20115    0.973881
6     4.26578    0.962913
6     4.33041     1.00982
6     4.39505     1.00789
6     4.45968    0.993067
6     4.52431     1.00448
6     4.58895    0.956865
6     4.65358    0.966198
6     4.71821    0.935338
6     4.78285    0.951862
6     4.84748    0.964795
6     4.91211    0.992554
6     4.97674     1.02032
6     5.04138     1.00031
6     5.10601    0.993584
6     5.17064     1.00384
6     5.23528     0.97645
6     5.29991     1.05073
6     5.36454     1.02065
6     5.42918      1.0016
6     5.49381    0.983662
6     5.55844    0.978095
6     5.62307     1.01038
6     5.68771    0.986814
6     5.75234     0.98485
6     5.81697    0.966116
6     5.88161    0.961933
6     5.94624    0.927745
6     6.01087    0.940513
6     6.07551    0.948013
6     6.14014    0.980686
6     6.20477    0.962303
6      6.2694    0.967679
6     6.33404     0.98087
6     6.39867    0.996279
6      6.4633    0.978173
7    0.064633           0
7    0.129266           0
7    0.193899           0
7    0.258532           0
7    0.323165           0
7    0.387798           0
7    0.452431           0
7    0.517064           0
7    0.581697           0
7     0.64633           0
7    0.710963           0
7    0.775596           0
7     0.84023           0
7    0.904863           0
7    0.969496    0.144696
7     1.03413     0.98261
7     1.09876     1.56078
7     1.16339     1.67224
7     1.22803     1.51501
7     1.29266     1.40014
7     1.35729     1.40078
7     1.42193     1.30955
7     1.48656     1.13047
7     1.55119     1.10554
7     1.61583     1.05795
7     1.68046      1.0278
7     1.74509    0.978129
7     1.80973    0.937767
7     1.87436    0.949631
7     1.93899    0.971693
7     2.00362    0.903911
7     2.06826     1.01345
7     2.13289     1.04792
7     2.19752     1.01701
7     2.26216     1.03687
7     2.32679    0.938347
7     2.39142    0.871674
7     2.45606     0.85707
7     2.52069    0.871193
7     2.58532    0.951436
7     2.64995    0.940001
7     2.71459    0.954993
7     2.77922    0.978177
7     2.84385     1.02188
7     2.90849    0.975877
7     2.97312    0.998181
7     3.03775    0.934688
7     3.10239    0.968271
7     3.16702    0.917963
7     3.23165    0.978763
7     3.29629    0.956762
7     3.36092    0.972826
7     3.42555    0.981583
7     3.49018    0.982695
7     3.55482     1.01438
7     3.61945      0.9571
7     3.68408     0.99829
7     3.74872    0.993524
7     3.81335    0.961511
7     3.87798    0.993724
7     3.94262     1.01296
7     4.00725    0.980087
7     4.07188    0.989217
7     4.13651     1.00556
7     4.20115    0.962334
7     4.26578    0.959951
7     4.33041     1.01831
7     4.39505     1.00139
7     4.45968    0.973686
7     4.52431    0.999471
7     4.58895    0.966341
7     4.65358     0.97004
7     4.71821    0.940129
7     4.78285    0.961981
7     4.84748    0.970015
7     4.91211    0.979648
7     4.97674     1.00402
7     5.04138    0.989632
7     5.10601    0.990109
7     5.17064     1.00029
7     5.23528     0.97998
7     5.29991     1.04494
7     5.36454     1.01933
7     5.42918     1.00115
7     5.49381    0.975119
7     5.55844    0.986196
7     5.62307     1.00633
7     5.68771    0.984236
7     5.75234    0.971047
7     5.81697    0.954371
7     5.88161    0.950519
7     5.94624      0.9352
7     6.01087     0.94807
7     6.07551     0.95289
7     6.14014    0.984385
7     6.20477    0.958714
7      6.2694    0.965084
7     6.33404    0.988052
7     6.39867    0.997668
7      6.4633    0.983054
8    0.064633           0
8    0.129266           0
8    0.193899           0
8    0.258532           0
8    0.323165           0
8    0.387798           0
8    0.452431           0
8    0.517064           0
8    0.581697           0
8     0.64633           0
8    0.710963           0
8    0.775596           0
8     0.84023           0
8    0.904863           0
8    0.969496    0.152725
8     1.03413    0.949971
8     1.09876     1.51891
8     1.16339     1.72748
8     1.22803     1.51111
8     1.29266     1.41957
8     1.35729     1.39568
8     1.42193     1.26066
8     1.48656     1.08575
8     1.55119     1.07622
8     1.61583     1.05012
8     1.68046     1.00968
8     1.74509    0.963026
8     1.80973    0.940982
8     1.87436    0.989587
8     1.93899    0.981793
8     2.00362    0.924576
8     2.06826     1.01272
8     2.13289     1.05444
8     2.19752     1.01541
8     2.26216      1.0584
8     2.32679    0.943541
8     2.39142    0.878078
8     2.45606    0.875586
8     2.52069    0.880962
8     2.58532    0.938567
8     2.64995    0.942763
8     2.71459    0.958069
8     2.77922    0.966949
8     2.84385     1.01204
8     2.90849    0.983268
8     2.97312    0.995513
8     3.03775    0.945754
8     3.10239    0.962321
8     3.16702      0.9191
8     3.23165    0.975943
8     3.29629    0.962796
8     3.36092    0.981022
8     3.42555    0.994699
8     3.49018    0.993582
8     3.55482     1.01648
8     3.61945    0.971077
8     3.68408    0.994216
8     3.74872    0.988028
8     3.81335    0.975369
8     3.87798    0.982274
8     3.94262     1.00575
8     4.00725    0.978959
8     4.07188    0.979027
8     4.13651    0.999972
8     4.20115     0.95148
8     4.26578    0.946745
8     4.33041     1.02045
8     4.39505    0.993465
8     4.45968    0.981099
8     4.52431    0.993298
8     4.58895    0.962959
8     4.65358    0.968145
8     4.71821    0.950012
8     4.78285    0.970382
8     4.84748    0.977952
8     4.91211    0.986546
8     4.97674     1.00148
8     5.04138    0.978612
8     5.10601    0.978176
8     5.17064    0.996727
8     5.23528    0.970877
8     5.29991     1.03309
8     5.36454     1.01123
8     5.42918    0.995864
8     5.49381    0.975244
8     5.55844    0.986216
8     5.62307    0.999643
8     5.68771    0.984671
8     5.75234    0.974851
8     5.81697    0.962456
8     5.88161    0.956495
8     5.94624    0.941396
8     6.01087    0.949867
8     6.07551    0.963134
8     6.14014    0.986352
8     6.20477    0.956667
8      6.2694    0.960181
8     6.33404    0.982975
8     6.39867     0.99933
8      6.4633    0.983176
9    0.064633           0
9    0.129266           0
9    0.193899           0
9    0.258532           0
9    0.323165           0
9    0.387798           0
9    0.452431           0
9    0.517064           0
9    0.581697           0
9     0.64633           0
9    0.710963           0
9    0.775596           0
9     0.84023           0
9    0.904863           0
9    0.969496    0.170578
9     1.03413    0.951307
9     1.09876     1.53703
9     1.16339     1.72473
9     1.22803     1.53328
9     1.29266     1.44738
9     1.35729     1.36548
9     1.42193     1.24131
9     1.48656      1.1118
9     1.55119     1.07806
9     1.61583       1.039
9     1.68046     1.00024
9     1.74509     0.94743
9     1.80973    0.943483
9     1.87436     1.01843
9     1.93899    0.977784
9     2.00362    0.918159
9     2.06826     1.01455
9     2.13289     1.04059
9     2.19752     1.00845
9     2.26216      1.0482
9     2.32679    0.945487
9     2.39142    0.896254
9     2.45606    0.896941
9     2.52069    0.879155
9     2.58532    0.935212
9     2.64995    0.938573
9     2.71459    0.961334
9     2.77922    0.979111
9     2.84385     1.00646
9     2.90849    0.979878
9     2.97312    0.996971
9     3.03775    0.953717
9     3.10239    0.958622
9     3.16702    0.926074
9     3.23165    0.981881
9     3.29629    0.961773
9     3.36092    0.988189
9     3.42555    0.990197
9     3.49018    0.987024
9     3.55482     1.01344
9     3.61945    0.977313
9     3.68408    0.999411
9     3.74872    0.991762
9     3.81335    0.988032
9     3.87798    0.979432
9     3.94262     1.00643
9     4.00725     0.99016
9     4.07188    0.986893
9     4.13651     1.01218
9     4.20115    0.960283
9     4.26578    0.940533
9     4.33041     1.00953
9     4.39505     0.97802
9     4.45968    0.969037
9     4.52431    0.976442
9     4.58895    0.950815
9     4.65358    0.958687
9     4.71821    0.941579
9     4.78285    0.969311
9     4.84748    0.981997
9     4.91211    0.986917
9     4.97674      1.0016
9     5.04138    0.989683
9     5.10601    0.996261
9     5.17064     1.00133
9     5.23528    0.969439
9     5.29991     1.02451
9     5.36454     1.00589
9     5.42918     0.99734
9     5.49381    0.974446
9     5.55844    0.982764
9     5.62307    0.999891
9     5.68771    0.990709
9     5.75234    0.984032
9     5.81697    0.967989
9     5.88161     0.95406
9     5.94624    0.945309
9     6.01087     0.93796
9     6.07551    0.948882
9     6.14014     0.97937
9     6.20477    0.956012
9      6.2694     0.95448
9     6.33404    0.978989
9     6.39867     0.99321
9      6.4633    0.976798
10    0.064633           0
10    0.129266           0
10    0.193899           0
10    0.258532           0
10    0.323165           0
10    0.387798           0
10    0.452431           0
10    0.517064           0
10    0.581697           0
10     0.64633           0
10    0.710963           0
10    0.775596           0
10     0.84023           0
10    0.904863           0
10    0.969496    0.160333
10     1.03413    0.911491
10     1.09876     1.58858
10     1.16339     1.77674
10     1.22803     1.55388
10     1.29266     1.43925
10     1.35729     1.35667
10     1.42193     1.20988
10     1.48656      1.0858
10     1.55119     1.03953
10     1.61583     1.00946
10     1.68046    0.994872
10     1.74509    0.958768
10     1.80973    0.955428
10     1.87436     1.02634
10     1.93899    0.991238
10     2.00362    0.944597
10     2.06826     1.03421
10     2.13289      1.0477
10     2.19752     1.00692
10     2.26216     1.03363
10     2.32679    0.935491
10     2.39142    0.893718
10     2.45606    0.896941
10     2.52069    0.880018
10     2.58532    0.928002
10     2.64995     0.92958
10     2.71459     0.95337
10     2.77922    0.975343
10     2.84385     1.00052
10     2.90849    0.981594
10     2.97312    0.999905
10     3.03775    0.954958
10     3.10239    0.973528
10     3.16702    0.946576
10     3.23165    0.988687
10     3.29629    0.969968
10     3.36092    0.989487
10     3.42555    0.989112
10     3.49018    0.997616
10     3.55482     1.01986
10     3.61945    0.993107
10     3.68408     1.01199
10     3.74872    0.997908
10     3.81335     0.99437
10     3.87798    0.986136
10     3.94262     1.00273
10     4.00725     1.00141
10     4.07188     1.00185
10     4.13651     1.02077
10     4.20115    0.966053
10     4.26578    0.943931
10     4.33041     1.00525
10     4.39505    0.966549
10     4.45968     0.96637
10     4.52431    0.966955
10     4.58895    0.952929
10     4.65358    0.964267
10     4.71821    0.943683
10     4.78285    0.966566
10     4.84748    0.980389
10     4.91211    0.982792
10     4.97674     1.00054
10     5.04138    0.989665
10     5.10601    0.989277
10     5.17064    0.999417
10     5.23528     0.96934
10     5.29991     1.01968
10     5.36454     1.00082
10     5.42918    0.993827
10     5.49381    0.970776
10     5.55844    0.983926
10     5.62307    0.995612
10     5.68771    0.992264
10     5.75234     0.98147
10     5.81697    0.964059
10     5.88161    0.952176
10     5.94624    0.948859
10     6.01087    0.939747
10     6.07551     0.94919
10     6.14014    0.976465
10     6.20477     0.95257
10      6.2694    0.947829
10     6.33404    0.971896
10     6.39867    0.988855
10      6.4633    0.970225
1    0.064633           0
1    0.129266           0
1    0.193899           0
1    0.258532           0
1    0.323165           0
1    0.387798           0
1    0.452431           0
1    0.517064           0
1    0.581697           0
1     0.64633           0
1    0.710963           0
1    0.775596           0
1     0.84023           0
1    0.904863           0
1    0.969496    0.142619
1     1.03413     1.04136
1     1.09876      1.5957
1     1.16339     1.57777
1     1.22803     1.47409
1     1.29266     1.39821
1     1.35729     1.35147
1     1.42193     1.27715
1     1.48656     1.10398
1     1.55119     1.09281
1     1.61583      1.0427
1     1.68046           1
1     1.74509    0.923697
1     1.80973    0.898183
1     1.87436    0.978048
1     1.93899    0.968241
1     2.00362    0.889925
1     2.06826    0.970967
1     2.13289    0.997902
1     2.19752    0.968407
1     2.26216     1.00643
1     2.32679     0.88748
1     2.39142     0.84637
1     2.45606    0.844951
1     2.52069    0.894079
1     2.58532    0.989825
1     2.64995    0.954361
1     2.71459    0.944426
1     2.77922    0.968074
1     2.84385     1.02648
1     2.90849    0.981647
1     2.97312     1.02711
1     3.03775    0.974165
1     3.10239    0.987403
1     3.16702    0.901047
1     3.23165     0.96399
1     3.29629    0.940829
1     3.36092    0.958082
1     3.42555    0.975459
1     3.49018    0.993794
1     3.55482     1.00955
1     3.61945    0.952655
1     3.68408     1.00136
1     3.74872     1.00697
1     3.81335    0.990547
1     3.87798     1.02935
1     3.94262     1.03245
1     4.00725     1.00024
1     4.07188    0.995567
1     4.13651     1.03358
1     4.20115    0.980173
1     4.26578    0.966122
1     4.33041      1.0011
1     4.39505    0.997071
1     4.45968     0.98463
1     4.52431     1.00552
1     4.58895    0.954274
1     4.65358    0.963311
1     4.71821    0.938369
1     4.78285    0.932267
1     4.84748    0.945958
1     4.91211    0.983091
1     4.97674      1.0176
1     5.04138     1.01222
1     5.10601    0.990296
1     5.17064    0.998929
1     5.23528    0.961583
1     5.29991     1.06438
1     5.36454     1.03784
1     5.42918     1.01058
1     5.49381    0.970955
1     5.55844    0.966638
1     5.62307     1.00592
1     5.68771    0.980194
1     5.75234      0.9921
1     5.81697    0.966724
1     5.88161    0.971708
1     5.94624    0.934915
1     6.01087    0.945566
1     6.07551    0.944851
1     6.14014    0.996789
1     6.20477    0.973283
1      6.2694    0.964881
1     6.33404    0.981392
1     6.39867     1.00084
1      6.4633    0.984329
2    0.064633           0
2    0.129266           0
2    0.193899           0
2    0.258532           0
2    0.323165           0
2    0.387798           0
2    0.452431           0
2    0.517064           0
2    0.581697           0
2     0.64633           0
2    0.710963           0
2    0.775596           0
2     0.84023           0
2    0.904863           0
2    0.969496    0.160333
2     1.03413    0.911491
2     1.09876     1.58858
2     1.16339     1.77674
2     1.22803     1.55388
2     1.29266     1.43925
2     1.35729     1.35667
2     1.42193     1.20988
2     1.48656      1.0858
2     1.55119     1.03953
2     1.61583     1.00946
2     1.68046    0.994872
2     1.74509    0.958768
2     1.80973    0.955428
2     1.87436     1.02634
2     1.93899    0.991238
2     2.00362    0.944597
2     2.06826     1.03421
2     2.13289      1.0477
2     2.19752     1.00692
2     2.26216     1.03363
2     2.32679    0.935491
2     2.39142    0.893718
2     2.45606    0.896941
2     2.52069    0.880018
2     2.58532    0.928002
2     2.64995     0.92958
2     2.71459     0.95337
2     2.77922    0.975343
2     2.84385     1.00052
2     2.90849    0.981594
2     2.97312    0.999905
2     3.03775    0.954958
2     3.10239    0.973528
2     3.16702    0.946576
2     3.23165    0.988687
2     3.29629    0.969968
2     3.36092    0.989487
2     3.42555    0.989112
2     3.49018    0.997616
2     3.55482     1.01986
2     3.61945    0.993107
2     3.68408     1.01199
2     3.74872    0.997908
2     3.81335     0.99437
2     3.87798    0.986136
2     3.94262     1.00273
2     4.00725     1.00141
2     4.07188     1.00185
2     4.13651     1.02077
2     4.20115    0.966053
2     4.26578    0.943931
2     4.33041     1.00525
2     4.39505    0.966549
2     4.45968     0.96637
2     4.52431    0.966955
2     4.58895    0.952929
2     4.65358    0.964267
2     4.71821    0.943683
2     4.78285    0.966566
2     4.84748    0.980389
2     4.91211    0.982792
2     4.97674     1.00054
2     5.04138    0.989665
2     5.10601    0.989277
2     5.17064    0.999417
2     5.23528     0.96934
2     5.29991     1.01968
2     5.36454     1.00082
2     5.42918    0.993827
2     5.49381    0.970776
2     5.55844    0.983926
2     5.62307    0.995612
2     5.68771    0.992264
2     5.75234     0.98147
2     5.81697    0.964059
2     5.88161    0.952176
2     5.94624    0.948859
2     6.01087    0.939747
2     6.07551     0.94919
2     6.14014    0.976465
2     6.20477     0.95257
2      6.2694    0.947829
2     6.33404    0.971896
2     6.39867    0.988855
2      6.4633    0.970225
3    0.064633           0
3    0.129266           0
3    0.193899           0
3    0.258532           0
3    0.323165           0
3    0.387798           0
3    0.452431           0
3    0.517064           0
3    0.581697           0
3     0.64633           0
3    0.710963           0
3    0.775596           0
3     0.84023           0
3    0.904863  0.00138396
3    0.969496    0.173505
3     1.03413    0.969478
3     1.09876     1.68289
3     1.16339     1.88558
3     1.22803     1.58411
3     1.29266     1.52685
3     1.35729      1.4053
3     1.42193     1.24697
3     1.48656     1.12809
3     1.55119     1.06008
3     1.61583     1.05254
3     1.68046     1.02684
3     1.74509    0.982294
3     1.80973    0.991889
3     1.87436     1.05347
3     1.93899     1.04779
3     2.00362    0.972941
3     2.06826      1.0307
3     2.13289     1.04141
3     2.19752     1.01952
3     2.26216     1.03357
3     2.32679     0.95876
3     2.39142    0.926526
3     2.45606    0.956296
3     2.52069    0.947761
3     2.58532    0.955486
3     2.64995    0.942277
3     2.71459    0.962757
3     2.77922    0.962383
3     2.84385    0.995796
3     2.90849    0.977183
3     2.97312    0.991878
3     3.03775    0.963715
3     3.10239    0.976916
3     3.16702    0.975741
3     3.23165    0.999659
3     3.29629    0.978638
3     3.36092    0.988286
3     3.42555    0.986925
3     3.49018    0.980539
3     3.55482     1.01822
3     3.61945    0.996218
3     3.68408     1.02777
3     3.74872     1.01979
3     3.81335     1.02109
3     3.87798    0.994277
3     3.94262     1.01081
3     4.00725      1.0038
3     4.07188     1.00786
3     4.13651      1.0147
3     4.20115    0.972574
3     4.26578     0.95434
3     4.33041    0.992588
3     4.39505    0.962129
3     4.45968    0.971824
3     4.52431    0.970425
3     4.58895    0.971726
3     4.65358    0.974512
3     4.71821    0.951031
3     4.78285    0.967196
3     4.84748    0.981231
3     4.91211    0.973304
3     4.97674    0.984031
3     5.04138    0.972559
3     5.10601    0.979899
3     5.17064    0.984611
3     5.23528    0.958669
3     5.29991    0.999283
3     5.36454    0.985449
3     5.42918    0.983707
3     5.49381    0.972389
3     5.55844    0.972415
3     5.62307    0.983973
3     5.68771    0.969026
3     5.75234     0.95358
3     5.81697    0.948625
3     5.88161    0.943484
3     5.94624    0.939091
3     6.01087    0.930233
3     6.07551    0.942765
3     6.14014    0.967281
3     6.20477    0.957161
3      6.2694    0.958779
3     6.33404    0.967178
3     6.39867    0.972437
3      6.4633    0.968327
4    0.064633           0
4    0.129266           0
4    0.193899           0
4    0.258532           0
4    0.323165           0
4    0.387798           0
4    0.452431           0
4    0.517064           0
4    0.581697           0
4     0.64633           0
4    0.710963           0
4    0.775596           0
4     0.84023           0
4    0.904863  0.00103797
4    0.969496      0.1567
4     1.03413    0.980033
4     1.09876     1.67731
4     1.16339     1.85614
4     1.22803     1.56521
4     1.29266     1.49236
4     1.35729     1.41109
4     1.42193     1.23867
4     1.48656     1.11624
4     1.55119     1.03362
4     1.61583     1.03875
4     1.68046      1.0108
4     1.74509    0.981861
4     1.80973    0.979482
4     1.87436     1.02671
4     1.93899     1.00989
4     2.00362    0.958952
4     2.06826      1.0076
4     2.13289     1.00826
4     2.19752     1.00069
4     2.26216     1.01011
4     2.32679    0.954991
4     2.39142    0.935284
4     2.45606    0.939542
4     2.52069     0.91895
4     2.58532    0.939914
4     2.64995    0.946882
4     2.71459    0.948445
4     2.77922    0.962075
4     2.84385    0.984367
4     2.90849    0.961954
4     2.97312    0.975067
4     3.03775    0.950145
4     3.10239    0.945801
4     3.16702    0.954951
4     3.23165    0.966772
4     3.29629    0.953299
4     3.36092    0.966616
4     3.42555    0.970539
4     3.49018    0.968528
4     3.55482      1.0029
4     3.61945     1.00167
4     3.68408     1.00939
4     3.74872     1.01425
4     3.81335       1.015
4     3.87798    0.999929
4     3.94262     1.01593
4     4.00725     1.01121
4     4.07188     1.01848
4     4.13651     1.01821
4     4.20115    0.978482
4     4.26578     0.95557
4     4.33041    0.986379
4     4.39505    0.965595
4     4.45968    0.979251
4     4.52431    0.974762
4     4.58895    0.973566
4     4.65358    0.968867
4     4.71821    0.957453
4     4.78285    0.976262
4     4.84748    0.985636
4     4.91211    0.973578
4     4.97674    0.983901
4     5.04138    0.966823
4     5.10601    0.973155
4     5.17064    0.981916
4     5.23528    0.955716
4     5.29991    0.987137
4     5.36454    0.980473
4     5.42918    0.977852
4     5.49381    0.971373
4     5.55844    0.971007
4     5.62307    0.973677
4     5.68771    0.968752
4     5.75234    0.948322
4     5.81697    0.948265
4     5.88161    0.942639
4     5.94624    0.938341
4     6.01087    0.931075
4     6.07551    0.939674
4     6.14014    0.959009
4     6.20477    0.958472
4      6.2694    0.964766
4     6.33404     0.96847
4     6.39867    0.975982
4      6.4633    0.969701
5    0.064633           0
5    0.129266           0
5    0.193899           0
5    0.258532           0
5    0.323165           0
5    0.387798           0
5    0.452431           0
5    0.517064           0
5    0.581697           0
5     0.64633           0
5    0.710963           0
5    0.775596           0
5     0.84023           0
5    0.904863 0.000830375
5    0.969496    0.163694
5     1.03413    0.980915
5     1.09876     1.69676
5     1.16339     1.89855
5     1.22803     1.64136
5     1.29266     1.52889
5     1.35729     1.41494
5     1.42193      1.2674
5     1.48656     1.15307
5     1.55119     1.07666
5     1.61583     1.06143
5     1.68046     1.03376
5     1.74509     1.01093
5     1.80973    0.995365
5     1.87436     1.00835
5     1.93899    0.993303
5     2.00362    0.965255
5     2.06826     1.00408
5     2.13289     1.00409
5     2.19752     1.00685
5     2.26216     1.01093
5     2.32679    0.969444
5     2.39142    0.948425
5     2.45606     0.94304
5     2.52069    0.929311
5     2.58532     0.94199
5     2.64995    0.956085
5     2.71459    0.950735
5     2.77922    0.977119
5     2.84385    0.988601
5     2.90849    0.972009
5     2.97312    0.988223
5     3.03775    0.952975
5     3.10239    0.940701
5     3.16702    0.950479
5     3.23165    0.963374
5     3.29629    0.950739
5     3.36092    0.973131
5     3.42555    0.976222
5     3.49018     0.96701
5     3.55482     0.99275
5     3.61945    0.999679
5     3.68408     0.99956
5     3.74872     1.00083
5     3.81335     1.00226
5     3.87798    0.985223
5     3.94262    0.994057
5     4.00725     0.98516
5     4.07188    0.994127
5     4.13651    0.997263
5     4.20115    0.977731
5     4.26578    0.951539
5     4.33041    0.984494
5     4.39505    0.973202
5     4.45968    0.980761
5     4.52431    0.967692
5     4.58895    0.967726
5     4.65358    0.968495
5     4.71821    0.954638
5     4.78285    0.970256
5     4.84748     0.97685
5     4.91211    0.963528
5     4.97674     0.98793
5     5.04138    0.971749
5     5.10601    0.971388
5     5.17064    0.981835
5     5.23528     0.95453
5     5.29991    0.984372
5     5.36454    0.983443
5     5.42918    0.970969
5     5.49381    0.963567
5     5.55844     0.97245
5     5.62307    0.972962
5     5.68771    0.974965
5     5.75234    0.944235
5     5.81697    0.947964
5     5.88161    0.944927
5     5.94624    0.943524
5     6.01087    0.938703
5     6.07551     0.93804
5     6.14014    0.959618
5     6.20477    0.957965
5      6.2694    0.966231
5     6.33404    0.968044
5     6.39867    0.971388
5      6.4633    0.965766
6    0.064633           0
6    0.129266           0
6    0.193899           0
6    0.258532           0
6    0.323165           0
6    0.387798           0
6    0.452431           0
6    0.517064           0
6    0.581697           0
6     0.64633           0
6    0.710963           0
6    0.775596           0
6     0.84023           0
6    0.904863  0.00069198
6    0.969496     0.16427
6     1.03413    0.973352
6     1.09876     1.69916
6     1.16339     1.85263
6     1.22803      1.6396
6     1.29266     1.52893
6     1.35729     1.41813
6     1.42193     1.29583
6     1.48656     1.18844
6     1.55119     1.10699
6     1.61583     1.09205
6     1.68046     1.04891
6     1.74509     1.02795
6     1.80973    0.999146
6     1.87436     1.00439
6     1.93899    0.996283
6     2.00362    0.985811
6     2.06826     1.01651
6     2.13289      1.0073
6     2.19752     1.00836
6     2.26216     1.01945
6     2.32679    0.974873
6     2.39142    0.947095
6     2.45606    0.938131
6     2.52069    0.930458
6     2.58532    0.948854
6     2.64995    0.959748
6     2.71459    0.957923
6     2.77922    0.977189
6     2.84385    0.986131
6     2.90849    0.968114
6     2.97312    0.973048
6     3.03775    0.939009
6     3.10239    0.932042
6     3.16702    0.953837
6     3.23165    0.961921
6     3.29629    0.945452
6     3.36092    0.966174
6     3.42555    0.969357
6     3.49018     0.96541
6     3.55482    0.979839
6     3.61945    0.988536
6     3.68408     0.98126
6     3.74872    0.980439
6     3.81335     0.98807
6     3.87798    0.966294
6     3.94262     0.98112
6     4.00725    0.970645
6     4.07188    0.976212
6     4.13651    0.984371
6     4.20115    0.970471
6     4.26578    0.944952
6     4.33041     0.97902
6     4.39505    0.969279
6     4.45968    0.970777
6     4.52431    0.954963
6     4.58895    0.962516
6     4.65358    0.963422
6     4.71821    0.954729
6     4.78285    0.963249
6     4.84748     0.96625
6     4.91211    0.957114
6     4.97674    0.975883
6     5.04138    0.965474
6     5.10601    0.965276
6     5.17064    0.969423
6     5.23528    0.951082
6     5.29991    0.975205
6     5.36454    0.975539
6     5.42918    0.967405
6     5.49381    0.963409
6     5.55844    0.967183
6     5.62307    0.966218
6     5.68771    0.968199
6     5.75234    0.945835
6     5.81697    0.949358
6     5.88161     0.94421
6     5.94624    0.945819
6     6.01087    0.945445
6     6.07551    0.947809
6     6.14014    0.960966
6     6.20477    0.955122
6      6.2694    0.967193
6     6.33404    0.965423
6     6.39867    0.973636
6      6.4633    0.968132
7    0.064633           0
7    0.129266           0
7    0.193899           0
7    0.258532           0
7    0.323165           0
7    0.387798           0
7    0.452431           0
7    0.517064           0
7    0.581697           0
7     0.64633           0
7    0.710963           0
7    0.775596           0
7     0.84023           0
7    0.904863 0.000593125
7    0.969496     0.15936
7     1.03413    0.971615
7     1.09876     1.65924
7     1.16339      1.8376
7     1.22803     1.65277
7     1.29266      1.4943
7     1.35729     1.38837
7     1.42193     1.26021
7     1.48656     1.16852
7     1.55119     1.09426
7     1.61583     1.07876
7     1.68046       1.052
7     1.74509      1.0326
7     1.80973    0.996624
7     1.87436     1.00098
7     1.93899    0.986444
7     2.00362    0.986665
7     2.06826     1.01626
7     2.13289    0.991094
7     2.19752     1.00737
7     2.26216      1.0242
7     2.32679    0.993241
7     2.39142    0.959407
7     2.45606    0.940305
7     2.52069    0.935635
7     2.58532    0.950923
7     2.64995    0.949164
7     2.71459    0.954458
7     2.77922    0.984951
7     2.84385    0.994336
7     2.90849    0.970303
7     2.97312    0.971786
7     3.03775    0.935406
7     3.10239    0.936093
7     3.16702    0.952711
7     3.23165     0.95894
7     3.29629    0.948519
7     3.36092    0.968831
7     3.42555    0.968126
7     3.49018    0.954492
7     3.55482    0.973492
7     3.61945    0.984055
7     3.68408    0.978009
7     3.74872    0.974259
7     3.81335    0.982328
7     3.87798    0.957204
7     3.94262    0.975334
7     4.00725    0.969987
7     4.07188    0.972596
7     4.13651    0.983844
7     4.20115    0.977753
7     4.26578    0.950656
7     4.33041    0.967991
7     4.39505    0.962096
7     4.45968    0.969327
7     4.52431    0.950244
7     4.58895    0.962358
7     4.65358    0.967435
7     4.71821    0.955648
7     4.78285    0.963099
7     4.84748    0.968182
7     4.91211    0.955997
7     4.97674    0.973229
7     5.04138    0.966199
7     5.10601    0.966176
7     5.17064    0.967612
7     5.23528     0.95177
7     5.29991    0.974586
7     5.36454    0.976764
7     5.42918    0.970463
7     5.49381    0.963843
7     5.55844     0.96853
7     5.62307    0.967881
7     5.68771    0.972377
7     5.75234    0.953075
7     5.81697    0.949969
7     5.88161    0.945877
7     5.94624     0.94986
7     6.01087    0.946329
7     6.07551    0.949206
7     6.14014    0.960578
7     6.20477    0.957669
7      6.2694    0.966619
7     6.33404     0.96862
7     6.39867    0.976032
7      6.4633    0.966719
8    0.064633           0
8    0.129266           0
8    0.193899           0
8    0.258532           0
8    0.323165           0
8    0.387798           0
8    0.452431           0
8    0.517064           0
8    0.581697           0
8     0.64633           0
8    0.710963           0
8    0.775596           0
8     0.84023           0
8    0.904863 0.000778477
8    0.969496    0.156472
8     1.03413    0.977027
8     1.09876     1.69771
8     1.16339     1.86156
8     1.22803      1.6633
8     1.29266     1.49891
8     1.35729     1.38931
8     1.42193      1.2792
8     1.48656     1.18645
8     1.55119     1.10099
8     1.61583     1.07979
8     1.68046     1.06003
8     1.74509     1.03176
8     1.80973    0.990333
8     1.87436    0.987204
8     1.93899    0.983025
8     2.00362    0.982465
8     2.06826      1.0006
8     2.13289    0.977867
8     2.19752    0.993374
8     2.26216     1.01204
8     2.32679     0.98889
8     2.39142    0.962451
8     2.45606    0.941439
8     2.52069    0.931403
8     2.58532    0.943574
8     2.64995    0.938453
8     2.71459    0.950817
8     2.77922    0.976078
8     2.84385    0.988364
8     2.90849     0.96285
8     2.97312    0.962889
8     3.03775    0.928326
8     3.10239    0.928167
8     3.16702    0.941575
8     3.23165    0.952348
8     3.29629    0.946457
8     3.36092    0.970854
8     3.42555    0.966983
8     3.49018    0.960305
8     3.55482    0.978761
8     3.61945    0.985191
8     3.68408    0.970759
8     3.74872    0.969416
8     3.81335     0.97288
8     3.87798    0.952198
8     3.94262    0.974891
8     4.00725    0.973985
8     4.07188    0.980117
8     4.13651    0.991602
8     4.20115    0.981026
8     4.26578    0.953866
8     4.33041    0.970112
8     4.39505    0.961326
8     4.45968    0.975698
8     4.52431    0.956457
8     4.58895    0.969872
8     4.65358    0.968607
8     4.71821    0.959459
8     4.78285    0.966114
8     4.84748      0.9708
8     4.91211    0.954935
8     4.97674    0.972197
8     5.04138    0.965025
8     5.10601    0.968366
8     5.17064    0.969859
8     5.23528    0.953592
8     5.29991    0.974239
8     5.36454    0.978301
8     5.42918    0.978494
8     5.49381    0.972123
8     5.55844    0.975698
8     5.62307    0.970651
8     5.68771    0.975637
8     5.75234    0.958573
8     5.81697    0.955009
8     5.88161    0.951179
8     5.94624    0.950027
8     6.01087    0.944767
8     6.07551    0.948038
8     6.14014    0.959691
8     6.20477    0.957921
8      6.2694    0.965383
8     6.33404     0.96696
8     6.39867     0.97652
8      6.4633    0.968483
9    0.064633           0
9    0.129266           0
9    0.193899           0
9    0.258532           0
9    0.323165           0
9    0.387798           0
9    0.452431           0
9    0.517064           0
9    0.581697           0
9     0.64633           0
9    0.710963           0
9    0.775596           0
9     0.84023           0
9    0.904863  0.00149929
9    0.969496    0.160888
9     1.03413    0.990321
9     1.09876     1.72003
9     1.16339     1.87786
9     1.22803     1.69815
9     1.29266     1.51265
9     1.35729     1.39875
9     1.42193     1.29099
9     1.48656     1.20324
9     1.55119     1.10332
9     1.61583     1.08675
9     1.68046     1.07198
9     1.74509     1.04294
9     1.80973     1.00273
9     1.87436     1.00436
9     1.93899    0.999869
9     2.00362    0.995919
9     2.06826     1.01474
9     2.13289     0.97979
9     2.19752    0.994574
9     2.26216     1.00945
9     2.32679    0.994391
9     2.39142    0.969268
9     2.45606    0.948031
9     2.52069    0.940455
9     2.58532    0.942088
9     2.64995     0.93984
9     2.71459    0.949624
9     2.77922    0.972125
9     2.84385    0.983657
9     2.90849    0.969754
9     2.97312    0.971853
9     3.03775     0.94503
9     3.10239    0.940658
9     3.16702    0.947477
9     3.23165     0.95367
9     3.29629    0.948804
9     3.36092     0.97006
9     3.42555    0.964026
9     3.49018    0.963659
9     3.55482    0.982725
9     3.61945    0.983354
9     3.68408    0.968891
9     3.74872    0.970434
9     3.81335    0.966072
9     3.87798    0.948291
9     3.94262    0.969043
9     4.00725    0.970015
9     4.07188    0.975667
9     4.13651    0.980324
9     4.20115    0.971568
9     4.26578    0.948816
9     4.33041    0.966085
9     4.39505     0.95729
9     4.45968    0.975706
9     4.52431    0.961113
9     4.58895    0.969102
9     4.65358    0.970455
9     4.71821    0.958179
9     4.78285    0.964552
9     4.84748    0.969414
9     4.91211    0.956418
9     4.97674    0.973329
9     5.04138    0.967029
9     5.10601    0.966907
9     5.17064    0.967643
9     5.23528    0.955382
9     5.29991    0.977286
9     5.36454    0.978693
9     5.42918    0.981889
9     5.49381    0.973975
9     5.55844    0.973216
9     5.62307    0.969963
9     5.68771    0.973724
9     5.75234    0.958679
9     5.81697    0.956361
9     5.88161    0.956528
9     5.94624    0.953578
9     6.01087    0.948873
9     6.07551    0.950025
9     6.14014    0.960116
9     6.20477    0.959558
9      6.2694    0.964916
9     6.33404    0.965785
9     6.39867      0.9755
9      6.4633    0.970798
10    0.064633           0
10    0.129266           0
10    0.193899           0
10    0.258532           0
10    0.323165           0
10    0.387798           0
10    0.452431           0
10    0.517064           0
10    0.581697           0
10     0.64633           0
10    0.710963           0
10    0.775596           0
10     0.84023           0
10    0.904863  0.00134936
10    0.969496     0.15788
10     1.03413     1.00665
10     1.09876     1.73689
10     1.16339     1.90142
10     1.22803     1.73469
10     1.29266     1.52651
10     1.35729     1.42112
10     1.42193     1.32449
10     1.48656     1.21984
10     1.55119     1.13507
10     1.61583     1.12447
10     1.68046     1.09994
10     1.74509     1.06072
10     1.80973     1.02071
10     1.87436     1.02972
10     1.93899     1.02339
10     2.00362     1.01682
10     2.06826     1.03001
10     2.13289    0.995957
10     2.19752     1.00439
10     2.26216     1.01778
10     2.32679     1.00349
10     2.39142    0.977936
10     2.45606    0.956678
10     2.52069    0.949599
10     2.58532    0.945145
10     2.64995    0.953258
10     2.71459    0.953479
10     2.77922    0.977235
10     2.84385    0.986307
10     2.90849    0.980202
10     2.97312    0.980328
10     3.03775    0.951311
10     3.10239    0.943801
10     3.16702    0.955103
10     3.23165    0.955883
10     3.29629    0.950509
10     3.36092    0.970399
10     3.42555    0.970745
10     3.49018    0.970362
10     3.55482    0.983777
10     3.61945    0.983457
10     3.68408    0.973273
10     3.74872    0.981813
10     3.81335    0.972269
10     3.87798    0.955234
10     3.94262    0.969278
10     4.00725    0.974155
10     4.07188    0.979076
10     4.13651    0.980344
10     4.20115    0.973955
10     4.26578    0.954565
10     4.33041    0.970378
10     4.39505    0.960617
10     4.45968    0.972413
10     4.52431    0.963463
10     4.58895    0.970506
10     4.65358    0.972233
10     4.71821    0.961913
10     4.78285    0.965807
10     4.84748    0.971599
10     4.91211    0.962409
10     4.97674     0.97836
10     5.04138    0.965457
10     5.10601    0.963619
10     5.17064    0.967615
10     5.23528    0.956324
10     5.29991    0.979798
10     5.36454    0.976188
10     5.42918    0.974225
10     5.49381    0.967404
10     5.55844    0.968033
10     5.62307    0.965506
10     5.68771    0.967966
10     5.75234    0.957072
10     5.81697    0.953711
10     5.88161    0.956096
10     5.94624    0.951391
10     6.01087    0.945983
10     6.07551    0.947286
10     6.14014    0.955489
10     6.20477    0.958532
10      6.2694    0.960324
10     6.33404     0.95959
10     6.39867    0.969988
10      6.4633    0.966985
11    0.064633           0
11    0.129266           0
11    0.193899           0
11    0.258532           0
11    0.323165           0
11    0.387798           0
11    0.452431           0
11    0.517064           0
11    0.581697           0
11     0.64633           0
11    0.710963           0
11    0.775596           0
11     0.84023           0
11    0.904863  0.00122669
11    0.969496    0.159136
11     1.03413     1.00208
11     1.09876     1.74291
11     1.16339     1.91299
11     1.22803     1.74717
11     1.29266     1.53831
11     1.35729     1.41775
11     1.42193     1.31184
11     1.48656     1.22508
11     1.55119     1.13619
11     1.61583     1.11323
11     1.68046     1.09009
11     1.74509     1.05824
11     1.80973     1.01949
11     1.87436     1.01878
11     1.93899     1.01878
11     2.00362     1.02489
11     2.06826     1.02694
11     2.13289     1.00268
11     2.19752     1.00591
11     2.26216     1.01359
11     2.32679     1.00336
11     2.39142    0.980356
11     2.45606    0.965574
11     2.52069    0.962983
11     2.58532    0.956019
11     2.64995    0.962727
11     2.71459    0.960952
11     2.77922    0.980618
11     2.84385    0.989198
11     2.90849    0.980305
11     2.97312    0.977908
11     3.03775    0.954708
11     3.10239    0.951477
11     3.16702    0.956879
11     3.23165    0.957936
11     3.29629    0.951896
11     3.36092     0.96768
11     3.42555    0.967228
11     3.49018    0.971349
11     3.55482    0.983363
11     3.61945    0.981384
11     3.68408    0.975057
11     3.74872    0.981571
11     3.81335    0.976594
11     3.87798    0.957379
11     3.94262    0.969165
11     4.00725    0.971481
11     4.07188    0.974521
11     4.13651    0.977961
11     4.20115    0.971555
11     4.26578    0.954503
11     4.33041    0.966027
11     4.39505    0.957438
11     4.45968    0.970516
11     4.52431    0.958773
11     4.58895     0.96636
11     4.65358    0.967072
11     4.71821    0.965191
11     4.78285    0.965494
11     4.84748    0.971065
11     4.91211    0.963964
11     4.97674    0.976604
11     5.04138    0.965337
11     5.10601    0.961711
11     5.17064    0.966587
11     5.23528    0.955389
11     5.29991    0.976686
11     5.36454    0.974904
11     5.42918    0.970734
11     5.49381    0.967436
11     5.55844    0.965821
11     5.62307    0.961232
11     5.68771    0.961351
11     5.75234    0.958715
11     5.81697    0.953908
11     5.88161    0.954369
11     5.94624    0.950118
11     6.01087    0.946188
11     6.07551    0.949402
11     6.14014    0.955875
11     6.20477    0.956499
11      6.2694    0.959436
11     6.33404    0.956877
11     6.39867     0.96517
11      6.4633    0.965194
12    0.064633           0
12    0.129266           0
12    0.193899           0
12    0.258532           0
12    0.323165           0
12    0.387798           0
12    0.452431           0
12    0.517064           0
12    0.581697           0
12     0.64633           0
12    0.710963           0
12    0.775596           0
12     0.84023           0
12    0.904863  0.00112447
12    0.969496    0.158365
12     1.03413     1.01544
12     1.09876     1.75576
12     1.16339     1.93028
12     1.22803     1.76062
12     1.29266     1.54884
12     1.35729     1.41971
12     1.42193      1.3125
12     1.48656     1.21594
12     1.55119     1.13193
12     1.61583     1.11118
12     1.68046     1.09282
12     1.74509      1.0502
12     1.80973     1.01496
12     1.87436     1.01003
12     1.93899     1.01492
12     2.00362     1.02701
12     2.06826      1.0215
12     2.13289     1.00153
12     2.19752     1.00157
12     2.26216     1.01238
12     2.32679     1.00169
12     2.39142    0.984107
12     2.45606    0.967747
12     2.52069    0.968318
12     2.58532    0.958858
12     2.64995    0.968558
12     2.71459    0.961488
12     2.77922    0.980794
12     2.84385    0.988079
12     2.90849    0.984406
12     2.97312    0.980368
12     3.03775    0.955088
12     3.10239    0.952839
12     3.16702    0.957038
12     3.23165     0.96165
12     3.29629    0.953491
12     3.36092    0.972174
12     3.42555      0.9678
12     3.49018    0.971529
12     3.55482    0.985722
12     3.61945     0.98131
12     3.68408    0.977475
12     3.74872     0.98332
12     3.81335    0.973044
12     3.87798    0.957163
12     3.94262    0.969773
12     4.00725    0.968312
12     4.07188    0.969385
12     4.13651    0.975074
12     4.20115    0.970136
12     4.26578    0.957647
12     4.33041    0.967121
12     4.39505    0.959279
12     4.45968    0.972638
12     4.52431    0.958733
12     4.58895    0.966466
12     4.65358    0.971051
12     4.71821    0.970486
12     4.78285    0.970867
12     4.84748    0.974357
12     4.91211    0.967361
12     4.97674    0.979206
12     5.04138    0.965533
12     5.10601    0.967303
12     5.17064    0.970818
12     5.23528    0.959956
12     5.29991     0.97733
12     5.36454     0.97419
12     5.42918    0.967599
12     5.49381     0.96491
12     5.55844      0.9631
12     5.62307    0.961451
12     5.68771    0.960894
12     5.75234     0.95665
12     5.81697    0.954058
12     5.88161    0.956194
12     5.94624    0.951177
12     6.01087    0.945543
12     6.07551     0.94951
12     6.14014    0.955113
12     6.20477    0.955794
12      6.2694    0.956617
12     6.33404    0.953943
12     6.39867     0.96089
12      6.4633     0.95882
13    0.064633           0
13    0.129266           0
13    0.193899           0
13    0.258532           0
13    0.323165           0
13    0.387798           0
13    0.452431           0
13    0.517064           0
13    0.581697           0
13     0.64633           0
13    0.710963           0
13    0.775596           0
13     0.84023           0
13    0.904863  0.00103797
13    0.969496    0.152332
13     1.03413     1.00091
13     1.09876     1.73808
13     1.16339     1.92519
13     1.22803     1.75006
13     1.29266     1.53821
13     1.35729     1.41108
13     1.42193     1.30849
13     1.48656     1.20642
13     1.55119     1.12174
13     1.61583     1.10958
13     1.68046     1.08819
13     1.74509     1.05017
13     1.80973     1.01058
13     1.87436     1.00624
13     1.93899      1.0092
13     2.00362     1.02382
13     2.06826     1.01493
13     2.13289    0.987982
13     2.19752    0.991065
13     2.26216     1.00217
13     2.32679    0.992742
13     2.39142    0.976115
13     2.45606    0.963558
13     2.52069    0.969625
13     2.58532    0.965775
13     2.64995    0.970947
13     2.71459    0.963699
13     2.77922    0.976834
13     2.84385    0.980203
13     2.90849    0.980682
13     2.97312     0.97577
13     3.03775    0.955878
13     3.10239    0.952671
13     3.16702    0.963799
13     3.23165    0.956036
13     3.29629    0.952777
13     3.36092    0.967897
13     3.42555    0.960996
13     3.49018    0.967424
13     3.55482    0.980789
13     3.61945    0.977638
13     3.68408    0.978651
13     3.74872    0.983702
13     3.81335    0.973978
13     3.87798     0.95755
13     3.94262    0.972259
13     4.00725    0.970562
13     4.07188    0.973123
13     4.13651    0.976865
13     4.20115    0.970474
13     4.26578    0.961618
13     4.33041    0.972252
13     4.39505    0.960705
13     4.45968    0.973741
13     4.52431    0.961221
13     4.58895    0.967838
13     4.65358    0.971998
13     4.71821    0.977267
13     4.78285    0.974757
13     4.84748     0.97599
13     4.91211    0.966694
13     4.97674    0.980879
13     5.04138    0.964224
13     5.10601    0.964982
13     5.17064    0.970876
13     5.23528    0.958764
13     5.29991    0.971588
13     5.36454    0.972504
13     5.42918    0.968765
13     5.49381    0.966586
13     5.55844    0.965507
13     5.62307    0.962461
13     5.68771    0.962603
13     5.75234    0.960753
13     5.81697    0.956329
13     5.88161    0.960077
13     5.94624     0.95542
13     6.01087     0.94784
13     6.07551    0.952256
13     6.14014    0.957116
13     6.20477    0.958571
13      6.2694    0.960883
13     6.33404    0.956583
13     6.39867    0.965364
13      6.4633    0.962584
14    0.064633           0
14    0.129266           0
14    0.193899           0
14    0.258532           0
14    0.323165           0
14    0.387798           0
14    0.452431           0
14    0.517064           0
14    0.581697           0
14     0.64633           0
14    0.710963           0
14    0.775596           0
14     0.84023           0
14    0.904863 0.000963829
14    0.969496    0.148459
14     1.03413     0.99578
14     1.09876     1.74048
14     1.16339     1.91217
14     1.22803       1.739
14     1.29266     1.53919
14     1.35729     1.41407
14     1.42193     1.31749
14     1.48656     1.22307
14     1.55119     1.13048
14     1.61583     1.11533
14     1.68046      1.0877
14     1.74509      1.0524
14     1.80973     1.01058
14     1.87436     1.00125
14     1.93899     1.00458
14     2.00362     1.01959
14     2.06826     1.01176
14     2.13289    0.990608
14     2.19752    0.992172
14     2.26216    0.999909
14     2.32679    0.992644
14     2.39142     0.97472
14     2.45606    0.969309
14     2.52069    0.972993
14     2.58532    0.967712
14     2.64995    0.971129
14     2.71459    0.968211
14     2.77922    0.975145
14     2.84385     0.97995
14     2.90849    0.983809
14     2.97312    0.979063
14     3.03775    0.957771
14     3.10239    0.956285
14     3.16702    0.965961
14     3.23165    0.956806
14     3.29629    0.951853
14     3.36092    0.965137
14     3.42555    0.959338
14     3.49018    0.967486
14     3.55482    0.979805
14     3.61945    0.976156
14     3.68408    0.981561
14     3.74872    0.984707
14     3.81335    0.973805
14     3.87798    0.957149
14     3.94262    0.970655
14     4.00725    0.972877
14     4.07188    0.974054
14     4.13651    0.979724
14     4.20115    0.970512
14     4.26578    0.962853
14     4.33041    0.974635
14     4.39505    0.964376
14     4.45968    0.975807
14     4.52431    0.965226
14     4.58895    0.967653
14     4.65358    0.974021
14     4.71821    0.978711
14     4.78285    0.975627
14     4.84748    0.975755
14     4.91211    0.969562
14     4.97674     0.98228
14     5.04138    0.965589
14     5.10601    0.967148
14     5.17064    0.970897
14     5.23528    0.957505
14     5.29991    0.969346
14     5.36454    0.969508
14     5.42918    0.965693
14     5.49381    0.963241
14     5.55844    0.966021
14     5.62307    0.962522
14     5.68771    0.962209
14     5.75234    0.962472
14     5.81697    0.958387
14     5.88161    0.962527
14     5.94624    0.955643
14     6.01087    0.950819
14     6.07551    0.951722
14     6.14014    0.958596
14     6.20477     0.96075
14      6.2694    0.960547
14     6.33404    0.955378
14     6.39867    0.961938
14      6.4633    0.959381
15    0.064633           0
15    0.129266           0
15    0.193899           0
15    0.258532           0
15    0.323165           0
15    0.387798           0
15    0.452431           0
15    0.517064           0
15    0.581697           0
15     0.64633           0
15    0.710963           0
15    0.775596           0
15     0.84023           0
15    0.904863 0.000968771
15    0.969496    0.147827
15     1.03413     0.99652
15     1.09876     1.74836
15     1.16339     1.91152
15     1.22803     1.73615
15     1.29266       1.545
15     1.35729     1.41755
15     1.42193     1.32846
15     1.48656     1.23964
15     1.55119     1.15415
15     1.61583     1.11861
15     1.68046     1.08743
15     1.74509       1.057
15     1.80973     1.01273
15     1.87436     1.00481
15     1.93899     1.00418
15     2.00362     1.01883
15     2.06826     1.01199
15     2.13289    0.990822
15     2.19752     1.00099
15     2.26216     1.00568
15     2.32679    0.990243
15     2.39142    0.973398
15     2.45606    0.970709
15     2.52069    0.974299
15     2.58532    0.963987
15     2.64995    0.966783
15     2.71459    0.962306
15     2.77922    0.975181
15     2.84385    0.984433
15     2.90849    0.987819
15     2.97312    0.989152
15     3.03775    0.967327
15     3.10239    0.958323
15     3.16702    0.967508
15     3.23165    0.958911
15     3.29629      0.9606
15     3.36092    0.969366
15     3.42555    0.963789
15     3.49018    0.969166
15     3.55482    0.982346
15     3.61945    0.981984
15     3.68408    0.983726
15     3.74872    0.983278
15     3.81335    0.972635
15     3.87798    0.956105
15     3.94262    0.970765
15     4.00725     0.97074
15     4.07188     0.97116
15     4.13651    0.976709
15     4.20115    0.970841
15     4.26578    0.961146
15     4.33041     0.97284
15     4.39505    0.961564
15     4.45968    0.973704
15     4.52431    0.965107
15     4.58895    0.965736
15     4.65358    0.972346
15     4.71821    0.977808
15     4.78285    0.976592
15     4.84748    0.975326
15     4.91211    0.971621
15     4.97674    0.983765
15     5.04138    0.963518
15     5.10601    0.965306
15     5.17064    0.969269
15     5.23528    0.956471
15     5.29991    0.968065
15     5.36454    0.970006
15     5.42918    0.966585
15     5.49381    0.961623
15     5.55844    0.966058
15     5.62307    0.963193
15     5.68771     0.96507
15     5.75234    0.964211
15     5.81697    0.959806
15     5.88161    0.965806
15     5.94624    0.956595
15     6.01087    0.952287
15     6.07551    0.954093
15     6.14014    0.960726
15     6.20477    0.964098
15      6.2694    0.962927
15     6.33404    0.958389
15     6.39867    0.964591
15      6.4633      0.9636
16    0.064633           0
16    0.129266           0
16    0.193899           0
16    0.258532           0
16    0.323165           0
16    0.387798           0
16    0.452431           0
16    0.517064           0
16    0.581697           0
16     0.64633           0
16    0.710963           0
16    0.775596           0
16     0.84023           0
16    0.904863 0.000908223
16    0.969496    0.146139
16     1.03413    0.985695
16     1.09876     1.74238
16     1.16339     1.89564
16     1.22803      1.7226
16     1.29266     1.54277
16     1.35729     1.40598
16     1.42193     1.31719
16     1.48656     1.21999
16     1.55119     1.14322
16     1.61583      1.1104
16     1.68046     1.08113
16     1.74509     1.05114
16     1.80973     1.00873
16     1.87436     1.00301
16     1.93899    0.997354
16     2.00362     1.01834
16     2.06826     1.01232
16     2.13289    0.988541
16     2.19752    0.991517
16     2.26216     0.99897
16     2.32679    0.982438
16     2.39142    0.963227
16     2.45606    0.964451
16     2.52069    0.969443
16     2.58532     0.95725
16     2.64995    0.966894
16     2.71459    0.964278
16     2.77922    0.974023
16     2.84385    0.982652
16     2.90849    0.984514
16     2.97312    0.987593
16     3.03775    0.969617
16     3.10239    0.957727
16     3.16702    0.965465
16     3.23165    0.955077
16     3.29629    0.955085
16     3.36092    0.970438
16     3.42555    0.961005
16     3.49018    0.966217
16     3.55482    0.976808
16     3.61945    0.976514
16     3.68408    0.980659
16     3.74872    0.982031
16     3.81335    0.971292
16     3.87798    0.956343
16     3.94262    0.967957
16     4.00725    0.970607
16     4.07188     0.96673
16     4.13651    0.972513
16     4.20115    0.967197
16     4.26578    0.958328
16     4.33041    0.969306
16     4.39505    0.960469
16     4.45968    0.975062
16     4.52431     0.96338
16     4.58895     0.96522
16     4.65358    0.971296
16     4.71821    0.977323
16     4.78285    0.976825
16     4.84748     0.97367
16     4.91211    0.971568
16     4.97674    0.983653
16     5.04138    0.964252
16     5.10601    0.967023
16     5.17064    0.970644
16     5.23528    0.958722
16     5.29991    0.968419
16     5.36454    0.971637
16     5.42918    0.966774
16     5.49381    0.965077
16     5.55844    0.968086
16     5.62307    0.964883
16     5.68771    0.966609
16     5.75234    0.966264
16     5.81697    0.959432
16     5.88161    0.964515
16     5.94624    0.957726
16     6.01087    0.954384
16     6.07551    0.956501
16     6.14014    0.963802
16     6.20477    0.966739
16      6.2694    0.965314
16     6.33404    0.960442
16     6.39867    0.965286
16      6.4633    0.964012
17    0.064633           0
17    0.129266           0
17    0.193899           0
17    0.258532           0
17    0.323165           0
17    0.387798           0
17    0.452431           0
17    0.517064           0
17    0.581697           0
17     0.64633           0
17    0.710963           0
17    0.775596           0
17     0.84023           0
17    0.904863 0.000854798
17    0.969496    0.149032
17     1.03413    0.989394
17     1.09876     1.74088
17     1.16339     1.87983
17     1.22803     1.71248
17     1.29266     1.53842
17     1.35729     1.40361
17     1.42193     1.32113
17     1.48656     1.21636
17     1.55119     1.15331
17     1.61583     1.11847
17     1.68046     1.08757
17     1.74509     1.06198
17     1.80973     1.01408
17     1.87436     1.00937
17     1.93899     1.00049
17     2.00362     1.01524
17     2.06826     1.00908
17     2.13289    0.987867
17     2.19752    0.989715
17     2.26216    0.996301
17     2.32679    0.981672
17     2.39142    0.965795
17     2.45606    0.967203
17     2.52069    0.968969
17     2.58532    0.960239
17     2.64995    0.974724
17     2.71459    0.973825
17     2.77922    0.979401
17     2.84385    0.982253
17     2.90849    0.986293
17     2.97312    0.990453
17     3.03775    0.972446
17     3.10239     0.95772
17     3.16702    0.965061
17     3.23165    0.956945
17     3.29629    0.952295
17     3.36092     0.96761
17     3.42555    0.958638
17     3.49018     0.96157
17     3.55482    0.974231
17     3.61945    0.972153
17     3.68408    0.975992
17     3.74872    0.977839
17     3.81335    0.967295
17     3.87798    0.954954
17     3.94262    0.965538
17     4.00725    0.965272
17     4.07188    0.964553
17     4.13651    0.967811
17     4.20115     0.96292
17     4.26578    0.956664
17     4.33041    0.964432
17     4.39505    0.955727
17     4.45968    0.969715
17     4.52431    0.961859
17     4.58895    0.963365
17     4.65358    0.967904
17     4.71821    0.974005
17     4.78285    0.973716
17     4.84748    0.971699
17     4.91211    0.969696
17     4.97674    0.982148
17     5.04138    0.964725
17     5.10601    0.965375
17     5.17064    0.970378
17     5.23528    0.959605
17     5.29991    0.967731
17     5.36454    0.969991
17     5.42918    0.966813
17     5.49381     0.96719
17     5.55844    0.969046
17     5.62307    0.963436
17     5.68771    0.964148
17     5.75234    0.964805
17     5.81697    0.958996
17     5.88161    0.965905
17     5.94624     0.95918
17     6.01087    0.955718
17     6.07551    0.957313
17     6.14014    0.964312
17     6.20477    0.966326
17      6.2694    0.965158
17     6.33404    0.962472
17     6.39867    0.967427
17      6.4633    0.965768
18    0.064633           0
18    0.129266           0
18    0.193899           0
18    0.258532           0
18    0.323165           0
18    0.387798           0
18    0.452431           0
18    0.517064           0
18    0.581697           0
18     0.64633           0
18    0.710963           0
18    0.775596           0
18     0.84023           0
18    0.904863 0.000807309
18    0.969496    0.148827
18     1.03413    0.983863
18     1.09876     1.73187
18     1.16339     1.86907
18     1.22803     1.70972
18     1.29266     1.53614
18     1.35729      1.4079
18     1.42193     1.31713
18     1.48656     1.21308
18     1.55119     1.14623
18     1.61583     1.11536
18     1.68046     1.08485
18     1.74509     1.06102
18     1.80973     1.00666
18     1.87436     1.01105
18     1.93899    0.997757
18     2.00362     1.01375
18     2.06826     1.01089
18     2.13289    0.988609
18     2.19752    0.990294
18     2.26216    0.991869
18     2.32679    0.979643
18     2.39142    0.965991
18     2.45606    0.966319
18     2.52069     0.97119
18     2.58532    0.960707
18     2.64995    0.973311
18     2.71459    0.974568
18     2.77922    0.981143
18     2.84385    0.984545
18     2.90849    0.986451
18     2.97312    0.991222
18     3.03775    0.972832
18     3.10239    0.956709
18     3.16702    0.963881
18     3.23165    0.959077
18     3.29629    0.952719
18     3.36092    0.964814
18     3.42555    0.955509
18     3.49018    0.959563
18     3.55482    0.970405
18     3.61945    0.969934
18     3.68408     0.97242
18     3.74872    0.975169
18     3.81335    0.965278
18     3.87798    0.952771
18     3.94262    0.963239
18     4.00725    0.963731
18     4.07188    0.961347
18     4.13651    0.965386
18     4.20115    0.963333
18     4.26578    0.956196
18     4.33041     0.96189
18     4.39505    0.954328
18     4.45968    0.969677
18     4.52431    0.962203
18     4.58895     0.96338
18     4.65358    0.968515
18     4.71821    0.977016
18     4.78285    0.978251
18     4.84748    0.978291
18     4.91211    0.974194
18     4.97674    0.984457
18     5.04138    0.965926
18     5.10601    0.968327
18     5.17064    0.973185
18     5.23528    0.961861
18     5.29991     0.96866
18     5.36454    0.968789
18     5.42918    0.966612
18     5.49381    0.968118
18     5.55844    0.970002
18     5.62307    0.963509
18     5.68771    0.963473
18     5.75234    0.964919
18     5.81697    0.960589
18     5.88161    0.968683
18     5.94624    0.961386
18     6.01087    0.957723
18     6.07551    0.957871
18     6.14014    0.964033
18     6.20477    0.965339
18      6.2694    0.964748
18     6.33404    0.962709
18     6.39867    0.966035
18      6.4633    0.963545
19    0.064633           0
19    0.129266           0
19    0.193899           0
19    0.258532           0
19    0.323165           0
19    0.387798           0
19    0.452431           0
19    0.517064           0
19    0.581697           0
19     0.64633           0
19    0.710963           0
19    0.775596           0
19     0.84023           0
19    0.904863 0.000764819
19    0.969496     0.14544
19     1.03413    0.981784
19     1.09876     1.74623
19     1.16339     1.89066
19     1.22803     1.73188
19     1.29266     1.55895
19     1.35729     1.42402
19     1.42193     1.33272
19     1.48656     1.21095
19     1.55119     1.14692
19     1.61583      1.1168
19     1.68046     1.08566
19     1.74509     1.06214
19     1.80973     1.00799
19     1.87436     1.01263
19     1.93899    0.997512
19     2.00362     1.01174
19     2.06826     1.00652
19     2.13289    0.986559
19     2.19752    0.992926
19     2.26216    0.992909
19     2.32679    0.984167
19     2.39142     0.96722
19     2.45606    0.964683
19     2.52069    0.968391
19     2.58532    0.955837
19     2.64995    0.969305
19     2.71459    0.972772
19     2.77922    0.979119
19     2.84385    0.986706
19     2.90849    0.983212
19     2.97312    0.985236
19     3.03775    0.967616
19     3.10239    0.952018
19     3.16702    0.959415
19     3.23165     0.95757
19     3.29629     0.95156
19     3.36092     0.96441
19     3.42555     0.95165
19     3.49018    0.956022
19     3.55482    0.969246
19     3.61945    0.970839
19     3.68408     0.96914
19     3.74872    0.969997
19     3.81335    0.962424
19     3.87798    0.952994
19     3.94262    0.964011
19     4.00725    0.964726
19     4.07188    0.964558
19     4.13651    0.964854
19     4.20115    0.963617
19     4.26578    0.958041
19     4.33041     0.96356
19     4.39505    0.956433
19     4.45968    0.968142
19     4.52431    0.961496
19     4.58895    0.963507
19     4.65358    0.968287
19     4.71821     0.98062
19     4.78285    0.980021
19     4.84748    0.979498
19     4.91211    0.972176
19     4.97674    0.983522
19     5.04138     0.96631
19     5.10601    0.968456
19     5.17064    0.973646
19     5.23528    0.964214
19     5.29991    0.970365
19     5.36454     0.97082
19     5.42918    0.968351
19     5.49381    0.968564
19     5.55844    0.968808
19     5.62307    0.965333
19     5.68771    0.964102
19     5.75234    0.963052
19     5.81697    0.960888
19     5.88161    0.967119
19     5.94624    0.961352
19     6.01087    0.956738
19     6.07551     0.95678
19     6.14014    0.963797
19     6.20477     0.96489
19      6.2694    0.965632
19     6.33404    0.961486
19     6.39867    0.967397
19      6.4633    0.963947
20    0.064633           0
20    0.129266           0
20    0.193899           0
20    0.258532           0
20    0.323165           0
20    0.387798           0
20    0.452431           0
20    0.517064           0
20    0.581697           0
20     0.64633           0
20    0.710963           0
20    0.775596           0
20     0.84023           0
20    0.904863 0.000882274
20    0.969496    0.147116
20     1.03413    0.977027
20     1.09876     1.74672
20     1.16339     1.89431
20     1.22803     1.74907
20     1.29266     1.56652
20     1.35729     1.42384
20     1.42193     1.33848
20     1.48656     1.21235
20     1.55119     1.14981
20     1.61583     1.11648
20     1.68046     1.08604
20     1.74509     1.05664
20     1.80973     1.00536
20     1.87436     1.01172
20     1.93899    0.994617
20     2.00362     1.00809
20     2.06826     1.00472
20     2.13289    0.987009
20     2.19752    0.996579
20     2.26216    0.993282
20     2.32679    0.981905
20     2.39142    0.969111
20     2.45606    0.965096
20     2.52069    0.969405
20     2.58532    0.959033
20     2.64995    0.970009
20     2.71459    0.973089
20     2.77922    0.979854
20     2.84385    0.986627
20     2.90849    0.982264
20     2.97312    0.986037
20     3.03775    0.968732
20     3.10239    0.956006
20     3.16702    0.959852
20     3.23165    0.957484
20     3.29629    0.952147
20     3.36092    0.965737
20     3.42555    0.955296
20     3.49018    0.960256
20     3.55482    0.970134
20     3.61945    0.973311
20     3.68408    0.968839
20     3.74872    0.969944
20     3.81335    0.961114
20     3.87798    0.952159
20     3.94262    0.963474
20     4.00725    0.965537
20     4.07188    0.965705
20     4.13651    0.963381
20     4.20115    0.961427
20     4.26578    0.955757
20     4.33041    0.963459
20     4.39505    0.955362
20     4.45968    0.966479
20     4.52431    0.961993
20     4.58895    0.964468
20     4.65358    0.968426
20     4.71821    0.979257
20     4.78285    0.978438
20     4.84748    0.978344
20     4.91211    0.969225
20     4.97674     0.98065
20     5.04138    0.963891
20     5.10601    0.967048
20     5.17064    0.971935
20     5.23528    0.964089
20     5.29991    0.970647
20     5.36454     0.96927
20     5.42918    0.965967
20     5.49381    0.967754
20     5.55844     0.96689
20     5.62307    0.963473
20     5.68771    0.962185
20     5.75234    0.960028
20     5.81697    0.958091
20     5.88161    0.964829
20     5.94624    0.959057
20     6.01087    0.954837
20     6.07551     0.95636
20     6.14014    0.962132
20     6.20477    0.963175
20      6.2694    0.963233
20     6.33404    0.958934
20     6.39867    0.964823
20      6.4633    0.962382
