1.82613
1.82758
1.82951
1.83167
1.83383
1.83576
1.83726
1.83816
1.83836
1.83784
1.83671
1.83517
1.83352
1.83206
1.83098
1.83028
1.82985
1.82957
1.82944
1.82968
1.83064
1.8326
1.83565
1.83959
1.84401
1.84842
1.85244
1.85583
1.85849
1.86044
1.86173
1.86239
1.86246
1.86191
1.86066
1.85861
1.85557
1.85137
1.8458
1.8387
1.83003
1.82
1.80912
1.79831
1.78885
1.78215
1.77936
1.78102
1.78688
1.79595
1.80686
1.8182
1.82882
1.83793
1.84506
1.85005
1.85292
1.85388
1.85329
1.85165
1.8496
1.84779
1.8468
1.84702
1.84859
1.85137
1.85506
1.85925
1.86357
1.86766
1.87128
1.87425
1.87651
1.87802
1.87881
1.87892
1.8784
1.87733
1.87575
1.87374
1.87141
1.86885
1.86624
1.86375
1.8616
1.86003
1.85922
1.85926
1.86014
1.86173
1.8638
1.86602
1.86809
1.86974
1.87075
1.871
1.87048
1.86927
1.86755
1.86558
1.86367
1.86214
1.86123
1.8611
1.86174
1.86304
1.86477
1.86666
1.86841
1.86978
1.87055
1.87057
1.86975
1.86804
1.86544
1.86198
1.85776
1.85294
1.84775
1.84253
1.83775
1.83395
1.83169
1.83143
1.83342
1.83757
1.84347
1.85047
1.85785
1.86494
1.87125
1.87648
1.8805
1.88328
1.88488
1.88536
1.88481
1.88329
1.8809
1.87778
1.87416
1.87039
1.86691
1.86421
1.86268
1.86252
1.86366
1.86579
1.86846
1.87122
1.8737
1.87568
1.87704
1.87774
1.87782
1.87734
1.87638
1.87504
1.87342
1.87163
1.86977
1.86792
1.86614
1.86441
1.86264
1.86065
1.85825
1.85524
1.85148
1.84698
1.84194
1.8367
1.83173
1.82752
1.82444
1.82262
1.82194
1.82203
1.82236
1.82251
1.82233
1.82215
1.82267
1.82466
1.82858
1.83423
1.84088
1.84757
1.85346
1.85801
1.861
1.86241
1.86238
1.86109
1.85873
1.8555
1.8516
1.84721
1.84253
1.83779
1.8332
1.82899
1.82535
1.82249
1.82056
1.81966
1.81984
1.82109
1.82331
1.82632
1.82991
1.83381
1.83778
1.84159
1.84509
1.84816
1.85076
1.85288
1.85455
1.8558
1.85666
1.85718
1.85737
1.85722
1.85672
1.85587
1.85466
1.85314
1.85137
1.84946
1.84752
1.84569
1.84406
1.84266
1.84147
1.84041
1.83936
1.8382
1.83682
1.83519
1.8334
1.83164
1.83024
1.8296
1.83015
1.83226
1.83621
1.84207
1.84958
1.85816
1.867
1.87529
1.88239
1.88795
1.89183
1.89408
1.89485
1.89433
1.89271
1.89012
1.88666
1.88239
1.87734
1.87159
1.86537
1.85908
1.85339
1.84903
1.84665
1.84655
1.84861
1.85232
1.857
1.86197
1.86669
1.87074
1.87384
1.8758
1.87654
1.87603
1.87437
1.87171
1.86832
1.86447
1.86051
1.8568
1.85371
1.85161
1.85075
1.85125
1.85305
1.85591
1.85949
1.86343
1.86737
1.87105
1.87429
1.87699
1.87914
1.88078
1.88203
1.88299
1.88379
1.88454
1.88529
1.88605
1.88676
1.88731
1.88754
1.88727
1.88631
1.8845
1.88172
1.87793
1.87315
1.86755
1.86147
1.85546
1.85036
1.84716
1.84671
1.84931
1.85448
1.86103
1.86759
1.87294
1.87631
1.87738
1.87617
1.873
1.86836
1.86288
1.85724
1.85207
1.84784
1.84472
1.84261
1.84113
1.83986
1.83846
1.83696
1.83577
1.8356
1.83713
1.84066
1.84592
1.85219
1.85862
1.86451
1.86942
1.87322
1.8759
1.8776
1.87847
1.87864
1.87827
1.87746
1.87632
1.87493
1.87336
1.87167
1.8699
1.86811
1.86631
1.86453
1.8628
1.86111
1.85949
1.85792
1.85641
1.85495
1.85352
1.85211
1.85069
1.84924
1.84775
1.8462
1.8446
1.84297
1.84134
1.8398
1.83842
1.83731
1.83656
1.83624
1.83637
1.83693
1.83783
1.83898
1.84028
1.8416
1.84288
1.84406
1.84512
1.84606
1.84688
1.8476
1.84826
1.84888
1.84947
1.85006
1.85066
1.85129
1.85196
1.85269
1.85351
1.85441
1.85543
1.85655
1.85776
1.85902
1.86027
1.8614
1.86227
1.86267
1.86237
1.8611
1.85856
1.85451
1.84879
1.84143
1.83271
1.82318
1.81363
1.80505
1.79863
1.79561
1.797
1.80297
1.81251
1.82375
1.83474
1.84403
1.85095
1.85542
1.8577
1.85821
1.85736
1.85554
1.85307
1.85024
1.84728
1.8444
1.84177
1.83956
1.83789
1.83688
1.83662
1.83717
1.83857
1.84076
1.84364
1.84701
1.85066
1.85431
1.85773
1.86071
1.86306
1.86464
1.86538
1.86523
1.86423
1.86248
1.86011
1.85733
1.85432
1.85126
1.84829
1.84554
1.84319
1.84149
1.84079
1.84146
1.84375
1.84762
1.85268
1.85831
1.86383
1.86874
1.87278
1.87592
1.87825
1.8799
1.88089
1.88114
1.88042
1.87846
1.87498
1.86977
1.8628
1.85426
1.84462
1.83466
1.82538
1.81784
1.81296
1.81123
1.81261
1.81656
1.82221
1.82864
1.83507
1.84098
1.84611
1.8504
1.85395
1.85688
1.85936
1.86154
1.8635
1.86532
1.86701
1.86855
1.8699
1.87099
1.87178
1.8722
1.8722
1.87172
1.87074
1.8692
1.86709
1.86447
1.86145
1.85831
1.85543
1.85333
1.85251
1.85334
1.85592
1.86002
1.86521
1.87095
1.87675
1.88227
1.88727
1.89164
1.89534
1.89834
1.90059
1.902
1.90246
1.90177
1.89972
1.89606
1.89064
1.88343
1.8747
1.86506
1.85548
1.84705
1.84064
1.83666
1.83499
1.83522
1.83695
1.8399
1.84391
1.84884
1.85443
1.86034
1.86624
1.87186
1.87701
1.88155
1.88532
1.88814
1.88983
1.89016
1.88896
1.88612
1.88173
1.87617
1.87016
1.86481
1.86132
1.86056
1.86275
1.86734
1.87334
1.87975
1.88582
1.89117
1.89567
1.89939
1.90245
1.90499
1.90713
1.90894
1.9105
1.91183
1.91293
1.91376
1.91425
1.91429
1.9137
1.91228
1.90973
1.90576
1.90013
1.89278
1.8841
1.8751
1.86742
1.86284
1.86251
1.86628
1.87287
1.8806
1.88808
1.89451
1.89962
1.9034
1.90591
1.90721
1.90729
1.90609
1.90355
1.89962
1.89439
1.88804
1.881
1.87388
1.8675
1.86273
1.86031
1.8607
1.86389
1.86944
1.8766
1.88448
1.89221
1.89908
1.90457
1.90833
1.91021
1.91021
1.90846
1.90522
1.90085
1.89581
1.89056
1.88555
1.88115
1.87763
1.87513
1.8737
1.87328
1.87378
1.87505
1.87687
1.87901
1.88113
1.88288
1.8839
1.88387
1.88261
1.88014
1.87673
1.87287
1.86919
1.86631
1.86469
1.86446
1.86548
1.86745
1.87005
1.87301
1.87611
1.87921
1.88218
1.88492
1.88732
1.88931
1.89086
1.89195
1.89259
1.89281
1.89264
1.8921
1.89122
1.89001
1.88847
1.8866
1.88438
1.88181
1.87889
1.87561
1.87202
1.86818
1.86419
1.8602
1.85634
1.85277
1.84962
1.84693
1.84468
1.84279
1.8411
1.83941
1.83755
1.83538
1.83289
1.83022
1.8277
1.82579
1.82503
1.82582
1.82827
1.83215
1.83694
1.842
1.84671
1.85057
1.85317
1.85423
1.85355
1.85113
1.84725
1.84253
1.83787
1.83422
1.83216
1.83167
1.83221
1.83316
1.83428
1.83582
1.83823
1.84179
1.84628
1.85112
1.8556
1.85917
1.86157
1.86282
1.86313
1.8628
1.86213
1.86139
1.86076
1.86037
1.86026
1.86042
1.8608
1.86133
1.86192
1.86247
1.86289
1.86305
1.86281
1.86199
1.86036
1.85766
1.8536
1.84793
1.84053
1.83157
1.82173
1.81228
1.80491
1.80113
1.80166
1.80603
1.81287
1.82046
1.8273
1.83236
1.83519
1.83595
1.83534
1.83451
1.83474
1.83693
1.84131
1.84732
1.854
1.86041
1.8659
1.87017
1.87321
1.87515
1.87618
1.8765
1.8763
1.87573
1.87491
1.87394
1.87288
1.87179
1.87069
1.86956
1.86838
1.86708
1.86559
1.8638
1.86163
1.85895
1.85568
1.85178
1.84727
1.84231
1.83722
1.83255
1.82896
1.82708
1.82736
1.82991
1.83454
1.84083
1.84825
1.85624
1.86426
1.87179
1.87839
1.88374
1.88762
1.88988
1.89037
1.88892
1.88533
1.87939
1.8711
1.86102
1.85062
1.84239
1.83897
1.84172
1.84974
1.86041
1.87091
1.87929
1.88464
1.88684
1.88609
1.88279
1.87741
1.87056
1.86298
1.85555
1.84917
1.84458
1.84216
1.84183
1.84309
1.84526
1.84768
1.84993
1.85184
1.85347
1.855
1.85669
1.8588
1.8615
1.8648
1.86847
1.87212
1.87522
1.87731
1.87808
1.87746
1.87568
1.87321
1.87064
1.86848
1.86701
1.86621
1.86587
1.86582
1.86606
1.86682
1.86842
1.87103
1.87454
1.87855
1.88252
1.88594
1.88842
1.88974
1.88983
1.88868
1.88639
1.88304
1.87873
1.87355
1.86757
1.86087
1.85355
1.84577
1.83783
1.83016
1.82334
1.81807
1.81501
1.81466
1.81721
1.82247
1.82993
1.83884
1.84842
1.85796
1.8669
1.87488
1.88174
1.88743
1.89201
1.89559
1.8983
1.90029
1.90169
1.90261
1.90314
1.90335
1.90332
1.90307
1.90263
1.90202
1.90124
1.90029
1.89916
1.89782
1.89625
1.89437
1.89213
1.88941
1.88607
1.88191
1.87675
1.87045
1.86306
1.85503
1.84731
1.84131
1.8384
1.83929
1.8436
1.85004
1.85706
1.86342
1.86847
1.87203
1.87425
1.87538
1.87572
1.8755
1.87493
1.87415
1.87325
1.8723
1.87135
1.87043
1.86958
1.86882
1.86816
1.86761
1.86716
1.86679
1.8665
1.86624
1.86601
1.8658
1.86561
1.86548
1.86545
1.86558
1.86592
1.86651
1.86737
1.86847
1.86976
1.87114
1.87254
1.87387
1.87509
1.87617
1.87713
1.87804
1.87894
1.87993
1.88105
1.88235
1.88383
1.88543
1.88709
1.88867
1.89006
1.89109
1.8916
1.89144
1.89046
1.88853
1.88563
1.8818
1.87728
1.87245
1.86781
1.86386
1.86092
1.85907
1.85818
