1.49056
1.49055
1.49056
1.49056
1.49056
1.49056
1.49057
1.49057
1.49057
1.49057
1.49056
1.49056
1.49056
1.49056
1.49056
1.49056
1.49056
1.49056
1.49056
1.49057
1.49058
1.49058
1.49058
1.49059
1.49059
1.4906
1.4906
1.4906
1.4906
1.4906
1.4906
1.4906
1.49059
1.49059
1.49058
1.49058
1.49058
1.49059
1.49058
1.49057
1.49058
1.49057
1.49057
1.49059
1.49059
1.49059
1.4906
1.4906
1.49059
1.49059
1.49057
1.49056
1.49055
1.49056
1.49055
1.49055
1.49055
1.49056
1.49055
1.49055
1.49055
1.49056
1.49055
1.49056
1.49056
1.49056
1.49056
1.49056
1.49056
1.49057
1.49056
1.49056
1.49056
1.49056
1.49056
1.49055
1.49053
1.49053
1.49053
1.49053
1.49053
1.49054
1.49053
1.49053
1.49053
1.49053
1.49053
1.49054
1.49053
1.49054
1.49054
1.49055
1.49056
1.49055
1.49055
1.49053
1.49052
1.49051
1.49052
1.49051
1.49051
1.49051
1.49051
1.4905
1.4905
1.49051
1.49051
1.49051
1.4905
1.49051
1.49051
1.4905
1.4905
1.49049
1.49049
1.49049
1.49049
1.49049
1.49048
1.49049
1.49049
1.49048
1.49049
1.49049
1.49049
1.49049
1.49048
1.49047
1.49047
1.49047
1.49047
1.49047
1.49047
1.49047
1.49046
1.49045
1.49045
1.49045
1.49046
1.49046
1.49045
1.49044
1.49044
1.49044
1.49044
1.49045
1.49044
1.49044
1.49044
1.49044
1.49044
1.49044
1.49044
1.49043
1.49043
1.49044
1.49044
1.49045
1.49045
1.49045
1.49045
1.49045
1.49045
1.49044
1.49044
1.49044
1.49044
1.49043
1.49044
1.49044
1.49044
1.49043
1.49043
1.49043
1.49043
1.49042
1.49042
1.49042
1.49043
1.49042
1.49043
1.49044
1.49044
1.49044
1.49044
1.49043
1.49044
1.49046
1.49045
1.49044
1.49044
1.49044
1.49044
1.49044
1.49043
1.49044
1.49044
1.49044
1.49044
1.49045
1.49044
1.49044
1.49044
1.49043
1.49044
1.49044
1.49044
1.49044
1.49045
1.49045
1.49046
1.49045
1.49045
1.49045
1.49045
1.49045
1.49044
1.49044
1.49044
1.49044
1.49044
1.49043
1.49044
1.49043
1.49043
1.49043
1.49044
1.49043
1.49044
1.49044
1.49044
1.49044
1.49044
1.49046
1.49045
1.49045
1.49045
1.49046
1.49047
1.49047
1.49047
1.49047
1.49048
1.49048
1.49048
1.49047
1.49047
1.49047
1.49046
1.49046
1.49045
1.49045
1.49046
1.49046
1.49046
1.49046
1.49046
1.49045
1.49045
1.49046
1.49045
1.49044
1.49044
1.49044
1.49045
1.49044
1.49044
1.49044
1.49045
1.49044
1.49044
1.49044
1.49045
1.49045
1.49044
1.49044
1.49044
1.49045
1.49045
1.49042
1.49042
1.49042
1.49044
1.49044
1.49043
1.49043
1.49043
1.49043
1.49042
1.49042
1.49043
1.49043
1.49043
1.49043
1.49043
1.49043
1.49044
1.49044
1.49044
1.49044
1.49044
1.49043
1.49043
1.49043
1.49043
1.49043
1.49043
1.49042
1.49041
1.49042
1.49041
1.49041
1.49041
1.49041
1.49042
1.49042
1.49042
1.49043
1.49043
1.49043
1.49043
1.49043
1.49044
1.49044
1.49043
1.49042
1.49043
1.49044
1.49043
1.49044
1.49043
1.49044
1.49045
1.49045
1.49044
1.49044
1.49044
1.49045
1.49045
1.49045
1.49045
1.49046
1.49047
1.49047
1.49046
1.49047
1.49047
1.49046
1.49046
1.49047
1.49047
1.49046
1.49046
1.49046
1.49047
1.49047
1.49047
1.49047
1.49049
1.49049
1.49049
1.49049
1.49049
1.49049
1.49049
1.49049
1.49049
1.4905
1.49049
1.49049
1.49049
1.4905
1.4905
1.4905
1.4905
1.49049
1.49049
1.49048
1.49048
1.49049
1.4905
1.4905
1.49048
1.49048
1.49047
1.49048
1.49048
1.49048
1.49048
1.49048
1.49047
1.49047
1.49047
1.49046
1.49045
1.49045
1.49044
1.49044
1.49043
1.49043
1.49043
1.49043
1.49042
1.49042
1.49043
1.49042
1.49042
1.49043
1.49043
1.49043
1.49043
1.49043
1.49043
1.49043
1.49042
1.49042
1.49042
1.49042
1.49042
1.49043
1.49043
1.49043
1.49043
1.49044
1.49044
1.49044
1.49043
1.49043
1.49043
1.49043
1.49043
1.49043
1.49043
1.49044
1.49044
1.49044
1.49044
1.49044
1.49043
1.49043
1.49043
1.49044
1.49043
1.49043
1.49043
1.49044
1.49044
1.49043
1.49042
1.49042
1.49042
1.49043
1.49043
1.49042
1.49042
1.49042
1.49042
1.49041
1.4904
1.49041
1.49041
1.49041
1.49042
1.49042
1.49042
1.49043
1.49043
1.49042
1.49043
1.49043
1.49043
1.49044
1.49044
1.49044
1.49044
1.49045
1.49045
1.49045
1.49044
1.49045
1.49044
1.49044
1.49043
1.49043
1.49043
1.49043
1.49042
1.49043
1.49043
1.49042
1.49042
1.49042
1.49042
1.49043
1.49044
1.49044
1.49043
1.49043
1.49044
1.49044
1.49044
1.49044
1.49044
1.49044
1.49044
1.49044
1.49045
1.49045
1.49045
1.49046
1.49045
1.49043
1.49043
1.49043
1.49043
1.49043
1.49043
1.49043
1.49043
1.49044
1.49044
1.49044
1.49045
1.49045
1.49045
1.49044
1.49044
1.49044
1.49045
1.49045
1.49046
1.49046
1.49046
1.49046
1.49046
1.49046
1.49047
1.49047
1.49047
1.49046
1.49046
1.49046
1.49046
1.49045
1.49045
1.49045
1.49045
1.49044
1.49045
1.49045
1.49045
1.49046
1.49046
1.49046
1.49047
1.49047
1.49047
1.49047
1.49047
1.49047
1.49047
1.49047
1.49048
1.49048
1.49048
1.49048
1.49048
1.49048
1.49048
1.49049
1.49049
1.49049
1.49048
1.49048
1.49048
1.49048
1.49047
1.49049
1.49048
1.49048
1.49046
1.49046
1.49047
1.49046
1.49047
1.49046
1.49047
1.49047
1.49048
1.49048
1.49048
1.49047
1.49047
1.49047
1.49046
1.49046
1.49047
1.49047
1.49046
1.49047
1.49047
1.49047
1.49046
1.49047
1.49048
1.49049
1.49049
1.49048
1.49048
1.49049
1.49049
1.49048
1.49049
1.49049
1.49049
1.4905
1.4905
1.49051
1.4905
1.4905
1.49049
1.49049
1.4905
1.4905
1.49051
1.49051
1.49051
1.49052
1.49052
1.49052
1.49051
1.49051
1.4905
1.4905
1.4905
1.49052
1.49053
1.49052
1.49053
1.49052
1.49052
1.49053
1.49052
1.49051
1.49052
1.49053
1.49053
1.49052
1.49052
1.49052
1.4905
1.4905
1.49051
1.4905
1.4905
1.49051
1.49052
1.49052
1.49051
1.49051
1.49051
1.49051
1.49051
1.4905
1.4905
1.49049
1.49049
1.49049
1.49047
1.49047
1.49047
1.49047
1.49046
1.49046
1.49045
1.49045
1.49044
1.49044
1.49044
1.49044
1.49044
1.49044
1.49044
1.49045
1.49045
1.49045
1.49045
1.49047
1.49046
1.49047
1.49046
1.49046
1.49046
1.49047
1.49046
1.49046
1.49046
1.49047
1.49047
1.49047
1.49047
1.49046
1.49046
1.49046
1.49046
1.49046
1.49046
1.49046
1.49046
1.49046
1.49047
1.49048
1.49048
1.49048
1.49048
1.49047
1.49047
1.49047
1.49047
1.49047
1.49047
1.49046
1.49046
1.49045
1.49045
1.49046
1.49046
1.49046
1.49047
1.49047
1.49047
1.49047
1.49047
1.49048
1.49047
1.49047
1.49046
1.49047
1.49047
1.49048
1.49048
1.49048
1.49048
1.49047
1.49047
1.49047
1.49047
1.49047
1.49047
1.49047
1.49046
1.49046
1.49046
1.49046
1.49045
1.49045
1.49046
1.49045
1.49045
1.49045
1.49045
1.49045
1.49045
1.49044
1.49044
1.49044
1.49043
1.49043
1.49043
1.49044
1.49044
1.49044
1.49044
1.49045
1.49045
1.49045
1.49046
1.49046
1.49046
1.49046
1.49047
1.49046
1.49046
1.49046
1.49047
1.49046
1.49046
1.49046
1.49047
1.49046
1.49047
1.49047
1.49047
1.49047
1.49047
1.49047
1.49047
1.49047
1.49047
1.49047
1.49046
1.49047
1.49048
1.49048
1.49049
1.49049
1.49049
1.49048
1.4905
1.4905
1.49049
1.49049
1.49049
1.49049
1.49049
1.4905
1.4905
1.49051
1.49051
1.4905
1.4905
1.4905
1.49051
1.49051
1.49052
1.49052
1.49052
1.49053
1.49053
1.49052
1.49052
1.49052
1.49051
1.49051
1.4905
1.49051
1.49051
1.4905
1.49051
1.49051
1.4905
1.49051
1.49052
1.49052
1.49052
1.49052
1.49051
1.49051
1.4905
1.4905
1.49051
1.49051
1.49051
1.49051
1.49051
1.49051
1.49051
1.49051
1.49051
1.4905
1.4905
1.49049
1.4905
1.49051
1.49051
1.49051
1.49051
1.49051
1.4905
1.4905
1.4905
1.49049
1.49049
1.49049
1.49048
1.49047
1.49046
1.49046
1.49046
1.49046
1.49048
1.49047
1.49047
1.49047
1.49047
1.49047
1.49047
1.49047
1.49047
1.49047
1.49046
1.49045
1.49045
1.49046
1.49046
1.49045
1.49045
1.49045
1.49045
1.49045
1.49045
1.49046
1.49045
1.49044
1.49045
1.49045
1.49045
1.49044
1.49044
1.49044
1.49044
1.49043
1.49043
1.49043
1.49043
1.49042
1.49042
1.4904
1.4904
1.4904
1.4904
1.49041
1.49041
1.4904
1.4904
1.49041
1.49041
1.49042
1.49042
1.49042
1.49042
1.49043
1.49043
1.49044
1.49043
1.49043
1.49043
1.49044
1.49044
1.49043
1.49044
1.49043
1.49043
1.49043
1.49041
1.49041
1.4904
1.4904
1.4904
1.49039
1.49039
1.49039
1.49039
1.49039
1.49039
1.49039
1.49038
1.4904
1.4904
1.49039
1.4904
1.4904
1.49039
1.4904
1.4904
1.49041
1.4904
1.4904
1.4904
1.4904
1.49039
1.49039
1.49039
1.49039
1.49039
1.49039
1.49039
1.49038
1.49038
1.49038
1.49038
1.49037
1.49038
1.49038
1.49037
1.49037
1.49036
1.49037
1.49037
1.49036
1.49036
1.49036
1.49036
1.49035
1.49036
1.49035
1.49034
1.49034
1.49033
1.49033
