1    0.108617    0.108617           0
2     0.10939    0.109003 0.000386176
3      0.1066    0.108202 0.000831693
4     0.10311    0.106929  0.00140232
5    0.108277    0.107199  0.00111919
6    0.103089    0.106514  0.00114202
7    0.104599     0.10624  0.00100319
8    0.105343    0.106128 0.000875995
9    0.109415    0.106493 0.000854528
10    0.102801    0.106124 0.000848829
1    0.107199    0.107199           0
2    0.105049    0.106124  0.00107462
3    0.107245    0.106498 0.000724285
4    0.106613    0.106526 0.000512954
5    0.105067    0.106235 0.000493009
6     0.10468    0.105975 0.000478761
7    0.105814    0.105952 0.000405282
8    0.106412     0.10601 0.000355654
9    0.106583    0.106074 0.000320056
10    0.102894    0.105756 0.000427861
11     0.10557    0.105739 0.000387382
12     0.10727    0.105866 0.000375962
13    0.103803    0.105708 0.000380504
14      0.1033    0.105536  0.00039202
15    0.104351    0.105457 0.000373401
16    0.105698    0.105472  0.00034961
17    0.106651    0.105541 0.000335653
18    0.105011    0.105512 0.000317822
19    0.101913    0.105322 0.000355323
20    0.104303    0.105271 0.000340916
