0.064633           0           0
0.129266           0           0
0.193899           0           0
0.258532           0           0
0.323165           0           0
0.387798           0           0
0.452431           0           0
0.517064           0           0
0.581697           0           0
0.64633           0           0
0.710963           0           0
0.775596           0           0
0.84023           0           0
0.904863           0           0
0.969496    0.160333   0.0222723
1.03413    0.911491   0.0709727
1.09876     1.58858   0.0995011
1.16339     1.77674    0.114436
1.22803     1.55388   0.0702941
1.29266     1.43925   0.0471301
1.35729     1.35667   0.0583725
1.42193     1.20988    0.064761
1.48656      1.0858   0.0664311
1.55119     1.03953   0.0579452
1.61583     1.00946   0.0550915
1.68046    0.994872   0.0544772
1.74509    0.958768   0.0540581
1.80973    0.955428   0.0377451
1.87436     1.02634   0.0539371
1.93899    0.991238   0.0351344
2.00362    0.944597   0.0422058
2.06826     1.03421   0.0419479
2.13289      1.0477   0.0490525
2.19752     1.00692   0.0364616
2.26216     1.03363   0.0362641
2.32679    0.935491    0.030817
2.39142    0.893718   0.0411133
2.45606    0.896941     0.03502
2.52069    0.880018   0.0295667
2.58532    0.928002   0.0371377
2.64995     0.92958   0.0418298
2.71459     0.95337   0.0272849
2.77922    0.975343   0.0338469
2.84385     1.00052   0.0242999
2.90849    0.981594   0.0218266
2.97312    0.999905   0.0217521
3.03775    0.954958   0.0323866
3.10239    0.973528   0.0357723
3.16702    0.946576   0.0293166
3.23165    0.988687   0.0157372
3.29629    0.969968   0.0297133
3.36092    0.989487   0.0259139
3.42555    0.989112   0.0254146
3.49018    0.997616   0.0270135
3.55482     1.01986   0.0138184
3.61945    0.993107   0.0273478
3.68408     1.01199    0.024701
3.74872    0.997908   0.0125663
3.81335     0.99437   0.0266018
3.87798    0.986136   0.0251559
3.94262     1.00273   0.0236516
4.00725     1.00141   0.0247887
4.07188     1.00185    0.021476
4.13651     1.02077   0.0213703
4.20115    0.966053   0.0202523
4.26578    0.943931   0.0150272
4.33041     1.00525   0.0172326
4.39505    0.966549   0.0265814
4.45968     0.96637   0.0223156
4.52431    0.966955   0.0229899
4.58895    0.952929   0.0172153
4.65358    0.964267   0.0156069
4.71821    0.943683   0.0131397
4.78285    0.966566   0.0181284
4.84748    0.980389   0.0171678
4.91211    0.982792   0.0184611
4.97674     1.00054    0.019802
5.04138    0.989665   0.0172764
5.10601    0.989277   0.0219864
5.17064    0.999417  0.00837944
5.23528     0.96934   0.0143988
5.29991     1.01968   0.0316021
5.36454     1.00082   0.0178789
5.42918    0.993827   0.0161111
5.49381    0.970776   0.0129248
5.55844    0.983926   0.0158371
5.62307    0.995612   0.0135235
5.68771    0.992264  0.00981515
5.75234     0.98147   0.0183474
5.81697    0.964059   0.0144334
5.88161    0.952176   0.0144836
5.94624    0.948859   0.0106567
6.01087    0.939747   0.0144093
6.07551     0.94919   0.0159439
6.14014    0.976465   0.0183961
6.20477     0.95257   0.0168223
6.2694    0.947829   0.0119871
6.33404    0.971896   0.0150086
6.39867    0.988855   0.0211593
6.4633    0.970225   0.0145817
0.064633           0           0
0.129266           0           0
0.193899           0           0
0.258532           0           0
0.323165           0           0
0.387798           0           0
0.452431           0           0
0.517064           0           0
0.581697           0           0
0.64633           0           0
0.710963           0           0
0.775596           0           0
0.84023           0           0
0.904863 0.000882274   0.0004278
0.969496    0.147116  0.00834271
1.03413    0.977027   0.0235334
1.09876     1.74672   0.0350294
1.16339     1.89431   0.0455417
1.22803     1.74907   0.0457836
1.29266     1.56652   0.0338454
1.35729     1.42384   0.0256314
1.42193     1.33848   0.0339861
1.48656     1.21235   0.0322642
1.55119     1.14981   0.0327284
1.61583     1.11648   0.0258427
1.68046     1.08604   0.0198503
1.74509     1.05664   0.0189722
1.80973     1.00536   0.0164685
1.87436     1.01172   0.0206224
1.93899    0.994617   0.0199233
2.00362     1.00809   0.0164245
2.06826     1.00472   0.0156998
2.13289    0.987009   0.0163655
2.19752    0.996579   0.0158353
2.26216    0.993282   0.0137355
2.32679    0.981905   0.0142366
2.39142    0.969111   0.0139601
2.45606    0.965096   0.0137826
2.52069    0.969405   0.0155669
2.58532    0.959033   0.0136984
2.64995    0.970009   0.0139736
2.71459    0.973089   0.0117529
2.77922    0.979854  0.00903333
2.84385    0.986627  0.00883297
2.90849    0.982264   0.0101188
2.97312    0.986037    0.014138
3.03775    0.968732    0.013658
3.10239    0.956006   0.0120432
3.16702    0.959852   0.0111347
3.23165    0.957484  0.00938628
3.29629    0.952147   0.0101347
3.36092    0.965737  0.00851328
3.42555    0.955296   0.0103014
3.49018    0.960256   0.0101321
3.55482    0.970134  0.00960676
3.61945    0.973311  0.00962801
3.68408    0.968839   0.0106105
3.74872    0.969944   0.0116594
3.81335    0.961114   0.0103659
3.87798    0.952159  0.00931505
3.94262    0.963474  0.00856054
4.00725    0.965537   0.0100096
4.07188    0.965705   0.0117389
4.13651    0.963381   0.0109525
4.20115    0.961427  0.00785556
4.26578    0.955757  0.00735606
4.33041    0.963459  0.00904167
4.39505    0.955362  0.00778903
4.45968    0.966479  0.00740617
4.52431    0.961993  0.00765032
4.58895    0.964468   0.0054685
4.65358    0.968426  0.00587108
4.71821    0.979257  0.00840379
4.78285    0.978438  0.00792053
4.84748    0.978344  0.00836217
4.91211    0.969225  0.00784574
4.97674     0.98065  0.00684341
5.04138    0.963891  0.00509484
5.10601    0.967048   0.0063858
5.17064    0.971935  0.00604895
5.23528    0.964089  0.00520088
5.29991    0.970647  0.00746314
5.36454     0.96927  0.00602566
5.42918    0.965967  0.00743179
5.49381    0.967754  0.00683493
5.55844     0.96689  0.00606406
5.62307    0.963473  0.00562407
5.68771    0.962185  0.00746637
5.75234    0.960028   0.0073778
5.81697    0.958091  0.00502079
5.88161    0.964829  0.00682454
5.94624    0.959057  0.00547657
6.01087    0.954837  0.00578293
6.07551     0.95636  0.00499449
6.14014    0.962132  0.00505637
6.20477    0.963175  0.00512032
6.2694    0.963233  0.00582218
6.33404    0.958934  0.00628649
6.39867    0.964823  0.00769647
6.4633    0.962382  0.00721546
0.064633           0           0
0.129266           0           0
0.193899           0           0
0.258532           0           0
0.323165           0           0
0.387798           0           0
0.452431           0           0
0.517064           0           0
0.581697           0           0
0.64633           0           0
0.710963           0           0
0.775596           0           0
0.84023           0           0
0.904863 0.000882274 0.000363289
0.969496    0.122771  0.00605166
1.03413    0.864553   0.0218755
1.09876     1.65154   0.0354832
1.16339      1.8108   0.0415974
1.22803     1.71612   0.0406895
1.29266     1.50981   0.0358021
1.35729     1.33383   0.0296175
1.42193     1.27848    0.023502
1.48656     1.16414   0.0283568
1.55119     1.10167   0.0283974
1.61583     1.04496   0.0255953
1.68046     1.00106   0.0241919
1.74509    0.995081   0.0170404
1.80973    0.978151   0.0185628
1.87436    0.963487   0.0147471
1.93899    0.931867   0.0172958
2.00362    0.936204    0.015407
2.06826    0.945133    0.016367
2.13289    0.969463   0.0199727
2.19752    0.966839   0.0148497
2.26216    0.959408   0.0123184
2.32679    0.945274   0.0145775
2.39142    0.963041   0.0171789
2.45606    0.971767   0.0174709
2.52069    0.972385   0.0155738
2.58532     0.95337   0.0114255
2.64995    0.953677   0.0135913
2.71459    0.971584   0.0134458
2.77922    0.966955   0.0126706
2.84385    0.964689   0.0121761
2.90849    0.970601   0.0120409
2.97312    0.946691   0.0119054
3.03775    0.955476   0.0100125
3.10239    0.971844   0.0138191
3.16702    0.963972   0.0111995
3.23165    0.969126  0.00931064
3.29629    0.964696   0.0106677
3.36092    0.962846  0.00811009
3.42555    0.955613  0.00754116
3.49018    0.944358  0.00584771
3.55482    0.944562  0.00641087
3.61945    0.942253  0.00690086
3.68408    0.960496  0.00866805
3.74872    0.963801  0.00841049
3.81335    0.962014  0.00852087
3.87798    0.961216  0.00800363
3.94262    0.958111  0.00842421
4.00725    0.960773    0.007096
4.07188     0.95449   0.0102615
4.13651    0.960833   0.0099335
4.20115    0.955145   0.0102728
4.26578    0.955641   0.0100328
4.33041    0.947297  0.00821769
4.39505    0.948022  0.00899225
4.45968    0.958659  0.00789307
4.52431    0.947276  0.00815754
4.58895    0.948001  0.00755526
4.65358    0.946502  0.00683238
4.71821    0.958643  0.00776524
4.78285    0.958416  0.00691662
4.84748    0.964696  0.00572402
4.91211    0.962941  0.00586462
4.97674    0.963731  0.00560629
5.04138     0.96212  0.00626944
5.10601    0.954507  0.00723382
5.17064    0.951629  0.00783013
5.23528    0.959669  0.00697046
5.29991    0.959624   0.0060038
5.36454    0.961009   0.0050982
5.42918    0.957077  0.00499145
5.49381    0.961522  0.00578009
5.55844    0.958109  0.00599324
5.62307    0.957932  0.00430327
5.68771    0.954352  0.00441524
5.75234    0.960712  0.00407064
5.81697    0.965855  0.00586124
5.88161    0.970106  0.00388095
5.94624    0.974494  0.00519138
6.01087    0.969214   0.0066658
6.07551    0.963372  0.00582938
6.14014     0.96628  0.00729614
6.20477     0.96818  0.00515372
6.2694    0.963979  0.00448158
6.33404    0.968045  0.00467394
6.39867    0.969287  0.00479235
6.4633    0.970005  0.00512322
