-0.33557
-0.337029
-0.338953
-0.341109
-0.343268
-0.345194
-0.346686
-0.347589
-0.347794
-0.347276
-0.346146
-0.344603
-0.342965
-0.341509
-0.340416
-0.339716
-0.339282
-0.339006
-0.338884
-0.339113
-0.340054
-0.342015
-0.345072
-0.349003
-0.353416
-0.357823
-0.361842
-0.365231
-0.367888
-0.369848
-0.371129
-0.371797
-0.371872
-0.371322
-0.370083
-0.368028
-0.364991
-0.360785
-0.355216
-0.348124
-0.339459
-0.329428
-0.318542
-0.30772
-0.298259
-0.29156
-0.288763
-0.290428
-0.29629
-0.305364
-0.316283
-0.327636
-0.338269
-0.347368
-0.354509
-0.359497
-0.362364
-0.363319
-0.362733
-0.361104
-0.35905
-0.357229
-0.356244
-0.356459
-0.358033
-0.360809
-0.364501
-0.368694
-0.373006
-0.377093
-0.380712
-0.383692
-0.38595
-0.38746
-0.388249
-0.388372
-0.387873
-0.386798
-0.385215
-0.383215
-0.38088
-0.378314
-0.375701
-0.373211
-0.371075
-0.3695
-0.36869
-0.368719
-0.369606
-0.371195
-0.373254
-0.375471
-0.377533
-0.379191
-0.380203
-0.380469
-0.379961
-0.37876
-0.377031
-0.375074
-0.373166
-0.37163
-0.370723
-0.370594
-0.371239
-0.372537
-0.374264
-0.376152
-0.377909
-0.379267
-0.380041
-0.38007
-0.379255
-0.377552
-0.374943
-0.371489
-0.367272
-0.362453
-0.357264
-0.352039
-0.347261
-0.343469
-0.341201
-0.340946
-0.342934
-0.347088
-0.352995
-0.359997
-0.367374
-0.374471
-0.38078
-0.386009
-0.390023
-0.392804
-0.394414
-0.394911
-0.394362
-0.392836
-0.390437
-0.387321
-0.383708
-0.379944
-0.376467
-0.373767
-0.372237
-0.372074
-0.373218
-0.375346
-0.378017
-0.380776
-0.383264
-0.385245
-0.386601
-0.387304
-0.387386
-0.386902
-0.385946
-0.384592
-0.382973
-0.381181
-0.379319
-0.377476
-0.375697
-0.373974
-0.372197
-0.370218
-0.367818
-0.364804
-0.361039
-0.356543
-0.351497
-0.346262
-0.341297
-0.33709
-0.334003
-0.332193
-0.331518
-0.331612
-0.331937
-0.332088
-0.331901
-0.331713
-0.332231
-0.334226
-0.338143
-0.343793
-0.350438
-0.357117
-0.363015
-0.367573
-0.37056
-0.371965
-0.371942
-0.370645
-0.368295
-0.365063
-0.361159
-0.356761
-0.352093
-0.34734
-0.342765
-0.338542
-0.334917
-0.332063
-0.330124
-0.329222
-0.3294
-0.330649
-0.332861
-0.335869
-0.339454
-0.343364
-0.347326
-0.351142
-0.354635
-0.357714
-0.360324
-0.362441
-0.364106
-0.365357
-0.366223
-0.366749
-0.366925
-0.366786
-0.366291
-0.365437
-0.364228
-0.36271
-0.360935
-0.35902
-0.357086
-0.355249
-0.353611
-0.3522
-0.351016
-0.349958
-0.34891
-0.347739
-0.346349
-0.344722
-0.342931
-0.341171
-0.339764
-0.339126
-0.339668
-0.341792
-0.345748
-0.351608
-0.359128
-0.367702
-0.376546
-0.384833
-0.391935
-0.397494
-0.401373
-0.403623
-0.404395
-0.403882
-0.40226
-0.399664
-0.396217
-0.39195
-0.386899
-0.38115
-0.37492
-0.368641
-0.362945
-0.358587
-0.356201
-0.35611
-0.35817
-0.361878
-0.366545
-0.371522
-0.376243
-0.380293
-0.383395
-0.385359
-0.386093
-0.385609
-0.383942
-0.381289
-0.377877
-0.374032
-0.370073
-0.366362
-0.36328
-0.36118
-0.360324
-0.360826
-0.36262
-0.365476
-0.369065
-0.372996
-0.376934
-0.380615
-0.38385
-0.38655
-0.388699
-0.390344
-0.39159
-0.392552
-0.393362
-0.394111
-0.394856
-0.395617
-0.396337
-0.396895
-0.397131
-0.396853
-0.395898
-0.394085
-0.39131
-0.387516
-0.38273
-0.37713
-0.371052
-0.365034
-0.359935
-0.35673
-0.35628
-0.35888
-0.364038
-0.370597
-0.37716
-0.382516
-0.38588
-0.38694
-0.385738
-0.382564
-0.377931
-0.372443
-0.366795
-0.361621
-0.357393
-0.354277
-0.352166
-0.350687
-0.349407
-0.34801
-0.346511
-0.345314
-0.345128
-0.346657
-0.350198
-0.355455
-0.361721
-0.368156
-0.374041
-0.378955
-0.382749
-0.385439
-0.387146
-0.388012
-0.388174
-0.387804
-0.386995
-0.385852
-0.384442
-0.382873
-0.381183
-0.379413
-0.377617
-0.375818
-0.374042
-0.372302
-0.370622
-0.368993
-0.36743
-0.365925
-0.364459
-0.363021
-0.361601
-0.360182
-0.358743
-0.357256
-0.355713
-0.35412
-0.352485
-0.350856
-0.349298
-0.34792
-0.346828
-0.346089
-0.345771
-0.345898
-0.346451
-0.347356
-0.348507
-0.349796
-0.351129
-0.352412
-0.353598
-0.354662
-0.355609
-0.35643
-0.35716
-0.357827
-0.35845
-0.359044
-0.359633
-0.36023
-0.360862
-0.361534
-0.362266
-0.363085
-0.363991
-0.365002
-0.366114
-0.367326
-0.36859
-0.369842
-0.370969
-0.371836
-0.372248
-0.371958
-0.37068
-0.368142
-0.36409
-0.358361
-0.351002
-0.342283
-0.332748
-0.323189
-0.314617
-0.308195
-0.305183
-0.30657
-0.312542
-0.322078
-0.333321
-0.344303
-0.353592
-0.360506
-0.36498
-0.367264
-0.367772
-0.366926
-0.365111
-0.362643
-0.359811
-0.356839
-0.353962
-0.351347
-0.349128
-0.347455
-0.346445
-0.34619
-0.346756
-0.348143
-0.35034
-0.353208
-0.356586
-0.360233
-0.363891
-0.367316
-0.37029
-0.372646
-0.374241
-0.374974
-0.374827
-0.373827
-0.372061
-0.369692
-0.366913
-0.363894
-0.360832
-0.357868
-0.355112
-0.352764
-0.351059
-0.350349
-0.351015
-0.353303
-0.357178
-0.362232
-0.367857
-0.373387
-0.378301
-0.382335
-0.38548
-0.387813
-0.38947
-0.390463
-0.39071
-0.389993
-0.388037
-0.384546
-0.379341
-0.372382
-0.363845
-0.354207
-0.344243
-0.334951
-0.327401
-0.322521
-0.320795
-0.322177
-0.326115
-0.331763
-0.338195
-0.344632
-0.35054
-0.355668
-0.359961
-0.363505
-0.366429
-0.368915
-0.371085
-0.373047
-0.374874
-0.376578
-0.378118
-0.379469
-0.380569
-0.381355
-0.381766
-0.381766
-0.381289
-0.380294
-0.378758
-0.37665
-0.374021
-0.371002
-0.36786
-0.364988
-0.362883
-0.362067
-0.362897
-0.365469
-0.369568
-0.374752
-0.38049
-0.386294
-0.391811
-0.396806
-0.401175
-0.404877
-0.407876
-0.410125
-0.41154
-0.412002
-0.411314
-0.409263
-0.405614
-0.400193
-0.392988
-0.384255
-0.374612
-0.365031
-0.356595
-0.350186
-0.346201
-0.344531
-0.344757
-0.346484
-0.349429
-0.35344
-0.358365
-0.363954
-0.36987
-0.375772
-0.381388
-0.386537
-0.39107
-0.394832
-0.397665
-0.399349
-0.399686
-0.398472
-0.395634
-0.391242
-0.385684
-0.379678
-0.374329
-0.370838
-0.370088
-0.372265
-0.376858
-0.382867
-0.389293
-0.395357
-0.400694
-0.405206
-0.408927
-0.411991
-0.414522
-0.416653
-0.418461
-0.420023
-0.421353
-0.422458
-0.423293
-0.423786
-0.423827
-0.423246
-0.42181
-0.419261
-0.415298
-0.40966
-0.402309
-0.393629
-0.384639
-0.376947
-0.372361
-0.372017
-0.375791
-0.382395
-0.39012
-0.397591
-0.404026
-0.409136
-0.412905
-0.41542
-0.416723
-0.416792
-0.415587
-0.413039
-0.40912
-0.403886
-0.397551
-0.390507
-0.38338
-0.376999
-0.372219
-0.369805
-0.370185
-0.373369
-0.378922
-0.386087
-0.393967
-0.401705
-0.40858
-0.414064
-0.417827
-0.419693
-0.419687
-0.417937
-0.414688
-0.41033
-0.405289
-0.400034
-0.395031
-0.390644
-0.387111
-0.384607
-0.383172
-0.382761
-0.383264
-0.38453
-0.386371
-0.388505
-0.390619
-0.392379
-0.393393
-0.393351
-0.392088
-0.389623
-0.386217
-0.382356
-0.378674
-0.375807
-0.374184
-0.373954
-0.374975
-0.376964
-0.37956
-0.38252
-0.385635
-0.388739
-0.391712
-0.394451
-0.396858
-0.398857
-0.400412
-0.401503
-0.40215
-0.402375
-0.402196
-0.401656
-0.400781
-0.399569
-0.398024
-0.396148
-0.393936
-0.391367
-0.388432
-0.385142
-0.381558
-0.377711
-0.373729
-0.369737
-0.365879
-0.362306
-0.359155
-0.356462
-0.354222
-0.352327
-0.350632
-0.348942
-0.347084
-0.344918
-0.342432
-0.339761
-0.33724
-0.335335
-0.334575
-0.335357
-0.337809
-0.341689
-0.346466
-0.35152
-0.356234
-0.360093
-0.362698
-0.363752
-0.363073
-0.360659
-0.356787
-0.35206
-0.347398
-0.343755
-0.341707
-0.341221
-0.341755
-0.342699
-0.343825
-0.345359
-0.347761
-0.35132
-0.355809
-0.36065
-0.365122
-0.368689
-0.3711
-0.372353
-0.372671
-0.372333
-0.371659
-0.370906
-0.37028
-0.369891
-0.369783
-0.36995
-0.37033
-0.370859
-0.371448
-0.372004
-0.372421
-0.372586
-0.372348
-0.371523
-0.369891
-0.367201
-0.363149
-0.357482
-0.350069
-0.341121
-0.331279
-0.321833
-0.314457
-0.310677
-0.311207
-0.315589
-0.322437
-0.330026
-0.336867
-0.341923
-0.344759
-0.345515
-0.344901
-0.344067
-0.344291
-0.346488
-0.350854
-0.356864
-0.36354
-0.369948
-0.375434
-0.379714
-0.382744
-0.384685
-0.385717
-0.386042
-0.385837
-0.385267
-0.384448
-0.383476
-0.382417
-0.381331
-0.380222
-0.379094
-0.377911
-0.376613
-0.375122
-0.373335
-0.371153
-0.368474
-0.365212
-0.361311
-0.356806
-0.351834
-0.346747
-0.34207
-0.338474
-0.336591
-0.33687
-0.339431
-0.344044
-0.350326
-0.357751
-0.365754
-0.373771
-0.381298
-0.3879
-0.393248
-0.397125
-0.39937
-0.39986
-0.398423
-0.39483
-0.38889
-0.38059
-0.370502
-0.360106
-0.35187
-0.34845
-0.351191
-0.359205
-0.369893
-0.380399
-0.388771
-0.394132
-0.396325
-0.395588
-0.392279
-0.386905
-0.38006
-0.37247
-0.365045
-0.35867
-0.354068
-0.351645
-0.351312
-0.352571
-0.354739
-0.357168
-0.359411
-0.361334
-0.362963
-0.364494
-0.366186
-0.368295
-0.370994
-0.374286
-0.377966
-0.381613
-0.384715
-0.386807
-0.387574
-0.386958
-0.385189
-0.382714
-0.380132
-0.377967
-0.376497
-0.3757
-0.375366
-0.375323
-0.375554
-0.376326
-0.377931
-0.380543
-0.38405
-0.388067
-0.392051
-0.395482
-0.397962
-0.39928
-0.399363
-0.398207
-0.395917
-0.392574
-0.388261
-0.383078
-0.3771
-0.370402
-0.363079
-0.355304
-0.347368
-0.3397
-0.332893
-0.32762
-0.32455
-0.324197
-0.326754
-0.332018
-0.339478
-0.348387
-0.357972
-0.367508
-0.376442
-0.384436
-0.391298
-0.396982
-0.401557
-0.405138
-0.407861
-0.409852
-0.411252
-0.412168
-0.412702
-0.412924
-0.412885
-0.41264
-0.412207
-0.411602
-0.41084
-0.409895
-0.408761
-0.407428
-0.405837
-0.403964
-0.401735
-0.399016
-0.395663
-0.391501
-0.38633
-0.380025
-0.372637
-0.364606
-0.356883
-0.350876
-0.347954
-0.348857
-0.353169
-0.359608
-0.366618
-0.372985
-0.378041
-0.381599
-0.383816
-0.384951
-0.385289
-0.385089
-0.384527
-0.383745
-0.382847
-0.381899
-0.380951
-0.380039
-0.379193
-0.378428
-0.377765
-0.377213
-0.376769
-0.376412
-0.376101
-0.375844
-0.375621
-0.375401
-0.375215
-0.375087
-0.375051
-0.375174
-0.375509
-0.376106
-0.376968
-0.378067
-0.379357
-0.380751
-0.382151
-0.383476
-0.384691
-0.385779
-0.386743
-0.387645
-0.388564
-0.389545
-0.390673
-0.391977
-0.393457
-0.395059
-0.396712
-0.398302
-0.399691
-0.400725
-0.401234
-0.401075
-0.400095
-0.398175
-0.39527
-0.391445
-0.386925
-0.382091
-0.377459
-0.373511
-0.370577
-0.368741
-0.367851
