           1   -0.613512   -0.613512           0
           2   -0.614464   -0.613988 0.000336583
           3   -0.612024   -0.613333  0.00057972
           4   -0.610216   -0.612554 0.000802847
           5   -0.610064   -0.612056 0.000781616
           6   -0.615032   -0.612552 0.000793263
           7    -0.61704   -0.613193 0.000902584
           8   -0.615392   -0.613468 0.000830558
           9   -0.613456   -0.613467 0.000738275
          10   -0.609896    -0.61311 0.000745813
          11   -0.611752   -0.612986 0.000688148
          12   -0.614128   -0.613081 0.000637346
          13   -0.613024   -0.613077 0.000588335
          14   -0.612592   -0.613042  0.00054733
          15   -0.611744   -0.612956 0.000517639
          16   -0.611864   -0.612888 0.000489763
          17   -0.610976   -0.612775 0.000473685
          18    -0.61208   -0.612736 0.000448941
          19   -0.613528   -0.612778 0.000427241
          20   -0.612576   -0.612768 0.000405998
           1   -0.613512   -0.613512           0
           2   -0.614464   -0.613988 0.000336583
           3   -0.612024   -0.613333  0.00057972
           4   -0.610216   -0.612554 0.000802847
           5   -0.610064   -0.612056 0.000781616
           6   -0.615032   -0.612552 0.000793263
           7    -0.61704   -0.613193 0.000902584
           8   -0.615392   -0.613468 0.000830558
           9   -0.613456   -0.613467 0.000738275
          10   -0.609896    -0.61311 0.000745813
          11   -0.611752   -0.612986 0.000688148
          12   -0.614128   -0.613081 0.000637346
          13   -0.613024   -0.613077 0.000588335
          14   -0.612592   -0.613042  0.00054733
          15   -0.611744   -0.612956 0.000517639
          16   -0.611864   -0.612888 0.000489763
          17   -0.610976   -0.612775 0.000473685
          18    -0.61208   -0.612736 0.000448941
          19   -0.613528   -0.612778 0.000427241
          20   -0.612576   -0.612768 0.000405998
           0        -nan        -nan        -nan
           1   -0.614464   -0.614464           0
           2   -0.612024   -0.613244  0.00086267
           3   -0.610216   -0.612235  0.00100495
           4   -0.610064   -0.611692 0.000888227
           5   -0.615032    -0.61236 0.000928389
           6    -0.61704    -0.61314  0.00105145
           7   -0.615392   -0.613462 0.000949185
           8   -0.613456   -0.613461 0.000830537
           9   -0.609896   -0.613065  0.00082734
          10   -0.611752   -0.612934 0.000754951
          11   -0.614128   -0.613042 0.000694083
          12   -0.613024   -0.613041 0.000636245
          13   -0.612592   -0.613006 0.000588238
          14   -0.611744   -0.612916 0.000553087
          15   -0.611864   -0.612846 0.000520642
          16   -0.610976   -0.612729 0.000501046
          17    -0.61208   -0.612691 0.000473025
          18   -0.613528   -0.612737 0.000449027
          19   -0.612576   -0.612729 0.000425474
          20   -0.615136   -0.612849  0.00042088
           0        -nan        -nan        -nan
           1   -0.614464   -0.614464           0
           2   -0.612024   -0.613244  0.00086267
           3   -0.610216   -0.612235  0.00100495
           4   -0.610064   -0.611692 0.000888227
           5   -0.615032    -0.61236 0.000928389
           6    -0.61704    -0.61314  0.00105145
           7   -0.615392   -0.613462 0.000949185
           8   -0.613456   -0.613461 0.000830537
           9   -0.609896   -0.613065  0.00082734
          10   -0.611752   -0.612934 0.000754951
          11   -0.614128   -0.613042 0.000694083
          12   -0.613024   -0.613041 0.000636245
          13   -0.612592   -0.613006 0.000588238
          14   -0.611744   -0.612916 0.000553087
          15   -0.611864   -0.612846 0.000520642
          16   -0.610976   -0.612729 0.000501046
          17    -0.61208   -0.612691 0.000473025
          18   -0.613528   -0.612737 0.000449027
          19   -0.612576   -0.612729 0.000425474
          20   -0.615136   -0.612849  0.00042088
           0        -nan        -nan        -nan
           1   -0.614464   -0.614464           0
           2   -0.612024   -0.613244  0.00086267
           3   -0.610216   -0.612235  0.00100495
           4   -0.610064   -0.611692 0.000888227
           5   -0.615032    -0.61236 0.000928389
           6    -0.61704    -0.61314  0.00105145
           7   -0.615392   -0.613462 0.000949185
           8   -0.613456   -0.613461 0.000830537
           9   -0.609896   -0.613065  0.00082734
          10   -0.611752   -0.612934 0.000754951
          11   -0.614128   -0.613042 0.000694083
          12   -0.613024   -0.613041 0.000636245
          13   -0.612592   -0.613006 0.000588238
          14   -0.611744   -0.612916 0.000553087
          15   -0.611864   -0.612846 0.000520642
          16   -0.610976   -0.612729 0.000501046
          17    -0.61208   -0.612691 0.000473025
          18   -0.613528   -0.612737 0.000449027
          19   -0.612576   -0.612729 0.000425474
          20   -0.615136   -0.612849  0.00042088
           0        -nan        -nan        -nan
           1    -0.89264    -0.89264           0
           2   -0.898648   -0.895644  0.00212415
           3   -0.888632   -0.893307  0.00237643
           4   -0.890616   -0.892634  0.00187511
           5   -0.887008   -0.891509  0.00180641
           6    -0.88352   -0.890177  0.00193479
           7   -0.889448   -0.890073  0.00166119
           8   -0.894376   -0.890611  0.00153815
           9   -0.895448   -0.891148  0.00145812
          10   -0.888376   -0.890871  0.00133841
          11   -0.901352   -0.891824  0.00151847
          12   -0.888808   -0.891573  0.00141257
          13    -0.89044   -0.891486   0.0013066
          14   -0.890968   -0.891449  0.00121379
          15   -0.889744   -0.891335  0.00113818
          16   -0.892288   -0.891394   0.0010686
          17   -0.897688   -0.891765  0.00106795
          18   -0.898232   -0.892124  0.00106735
          19   -0.896976   -0.892379  0.00104127
          20    -0.88864   -0.892192  0.00100585
           0        -nan        -nan        -nan
           1   -0.614464   -0.614464           0
           2   -0.612024   -0.613244  0.00086267
           3   -0.610216   -0.612235  0.00100495
           4   -0.610064   -0.611692 0.000888227
           5   -0.615032    -0.61236 0.000928389
           6    -0.61704    -0.61314  0.00105145
           7   -0.615392   -0.613462 0.000949185
           8   -0.613456   -0.613461 0.000830537
           9   -0.609896   -0.613065  0.00082734
          10   -0.611752   -0.612934 0.000754951
          11   -0.614128   -0.613042 0.000694083
          12   -0.613024   -0.613041 0.000636245
          13   -0.612592   -0.613006 0.000588238
          14   -0.611744   -0.612916 0.000553087
          15   -0.611864   -0.612846 0.000520642
          16   -0.610976   -0.612729 0.000501046
          17    -0.61208   -0.612691 0.000473025
          18   -0.613528   -0.612737 0.000449027
          19   -0.612576   -0.612729 0.000425474
          20   -0.615136   -0.612849  0.00042088
           0        -nan        -nan        -nan
           1   -0.614464   -0.614464           0
           2   -0.612024   -0.613244  0.00086267
           3   -0.610216   -0.612235  0.00100495
           4   -0.610064   -0.611692 0.000888227
           5   -0.615032    -0.61236 0.000928389
           6    -0.61704    -0.61314  0.00105145
           7   -0.615392   -0.613462 0.000949185
           8   -0.613456   -0.613461 0.000830537
           9   -0.609896   -0.613065  0.00082734
          10   -0.611752   -0.612934 0.000754951
          11   -0.614128   -0.613042 0.000694083
          12   -0.613024   -0.613041 0.000636245
          13   -0.612592   -0.613006 0.000588238
          14   -0.611744   -0.612916 0.000553087
          15   -0.611864   -0.612846 0.000520642
          16   -0.610976   -0.612729 0.000501046
          17    -0.61208   -0.612691 0.000473025
          18   -0.613528   -0.612737 0.000449027
          19   -0.612576   -0.612729 0.000425474
          20   -0.615136   -0.612849  0.00042088
           0        -nan        -nan        -nan
           1   -0.614464   -0.614464           0
           2   -0.612024   -0.613244  0.00086267
           3   -0.610216   -0.612235  0.00100495
           4   -0.610064   -0.611692 0.000888227
           5   -0.615032    -0.61236 0.000928389
           6    -0.61704    -0.61314  0.00105145
           7   -0.615392   -0.613462 0.000949185
           8   -0.613456   -0.613461 0.000830537
           9   -0.609896   -0.613065  0.00082734
          10   -0.611752   -0.612934 0.000754951
          11   -0.614128   -0.613042 0.000694083
          12   -0.613024   -0.613041 0.000636245
          13   -0.612592   -0.613006 0.000588238
          14   -0.611744   -0.612916 0.000553087
          15   -0.611864   -0.612846 0.000520642
          16   -0.610976   -0.612729 0.000501046
          17    -0.61208   -0.612691 0.000473025
          18   -0.613528   -0.612737 0.000449027
          19   -0.612576   -0.612729 0.000425474
          20   -0.615136   -0.612849  0.00042088
           0        -nan        -nan        -nan
           1   -0.612024   -0.612024           0
           2   -0.610216    -0.61112 0.000639225
           3   -0.610064   -0.610768  0.00051401
           4   -0.615032   -0.611834  0.00100044
           5    -0.61704   -0.612875  0.00122794
           6   -0.615392   -0.613295  0.00109258
           7   -0.613456   -0.613318 0.000936744
           8   -0.609896    -0.61289 0.000912085
           9   -0.611752   -0.612764  0.00081946
          10   -0.614128     -0.6129 0.000748787
          11   -0.613024   -0.612911 0.000680801
          12   -0.612592   -0.612885 0.000624587
          13   -0.611744   -0.612797 0.000582672
          14   -0.611864    -0.61273  0.00054485
          15   -0.610976   -0.612613 0.000520928
          16    -0.61208    -0.61258 0.000489435
          17   -0.613528   -0.612636 0.000463811
          18   -0.612576   -0.612632 0.000438055
          19   -0.615136   -0.612764 0.000434365
          20   -0.610824   -0.612667 0.000423342
           0        -nan        -nan        -nan
           1   -0.612024   -0.612024           0
           2   -0.610216    -0.61112 0.000639225
           3   -0.610064   -0.610768  0.00051401
           4   -0.615032   -0.611834  0.00100044
           5    -0.61704   -0.612875  0.00122794
           6   -0.615392   -0.613295  0.00109258
           7   -0.613456   -0.613318 0.000936744
           8   -0.609896    -0.61289 0.000912085
           9   -0.611752   -0.612764  0.00081946
          10   -0.614128     -0.6129 0.000748787
          11   -0.613024   -0.612911 0.000680801
          12   -0.612592   -0.612885 0.000624587
          13   -0.611744   -0.612797 0.000582672
          14   -0.611864    -0.61273  0.00054485
          15   -0.610976   -0.612613 0.000520928
          16    -0.61208    -0.61258 0.000489435
          17   -0.613528   -0.612636 0.000463811
          18   -0.612576   -0.612632 0.000438055
          19   -0.615136   -0.612764 0.000434365
          20   -0.610824   -0.612667 0.000423342
           0        -nan        -nan        -nan
           1   -0.612024   -0.612024           0
           2   -0.610216    -0.61112 0.000639225
           3   -0.610064   -0.610768  0.00051401
           4   -0.615032   -0.611834  0.00100044
           5    -0.61704   -0.612875  0.00122794
           6   -0.615392   -0.613295  0.00109258
           7   -0.613456   -0.613318 0.000936744
           8   -0.609896    -0.61289 0.000912085
           9   -0.611752   -0.612764  0.00081946
          10   -0.614128     -0.6129 0.000748787
          11   -0.613024   -0.612911 0.000680801
          12   -0.612592   -0.612885 0.000624587
          13   -0.611744   -0.612797 0.000582672
          14   -0.611864    -0.61273  0.00054485
          15   -0.610976   -0.612613 0.000520928
          16    -0.61208    -0.61258 0.000489435
          17   -0.613528   -0.612636 0.000463811
          18   -0.612576   -0.612632 0.000438055
          19   -0.615136   -0.612764 0.000434365
          20   -0.610824   -0.612667 0.000423342
          21   -0.613704   -0.612717 0.000406051
          22   -0.613912   -0.612771 0.000391213
          23   -0.613216    -0.61279 0.000374682
          24   -0.611608   -0.612741 0.000362294
          25   -0.611616   -0.612696 0.000350586
          26   -0.613424   -0.612724 0.000338218
          27     -0.6112   -0.612668 0.000330368
          28   -0.611368   -0.612621 0.000321813
          29   -0.611504   -0.612583 0.000313013
          30    -0.61292   -0.612594 0.000302781
          31   -0.612464    -0.61259 0.000293043
          32   -0.612336   -0.612582 0.000283993
          33   -0.616488     -0.6127  0.00029904
          34    -0.61564   -0.612787 0.000302488
          35   -0.615096   -0.612853 0.000300956
          36   -0.612424   -0.612841 0.000292831
          37   -0.609784   -0.612758 0.000296341
          38   -0.612088    -0.61274 0.000289067
          39   -0.616584   -0.612839 0.000297982
          40   -0.614672   -0.612885 0.000294035
           0        -nan        -nan        -nan
           1   -0.612024   -0.612024           0
           2   -0.610216    -0.61112 0.000639225
           3   -0.610064   -0.610768  0.00051401
           4   -0.615032   -0.611834  0.00100044
           5    -0.61704   -0.612875  0.00122794
           6   -0.615392   -0.613295  0.00109258
           7   -0.613456   -0.613318 0.000936744
           8   -0.609896    -0.61289 0.000912085
           9   -0.611752   -0.612764  0.00081946
          10   -0.614128     -0.6129 0.000748787
          11   -0.613024   -0.612911 0.000680801
          12   -0.612592   -0.612885 0.000624587
          13   -0.611744   -0.612797 0.000582672
          14   -0.611864    -0.61273  0.00054485
          15   -0.610976   -0.612613 0.000520928
          16    -0.61208    -0.61258 0.000489435
          17   -0.613528   -0.612636 0.000463811
          18   -0.612576   -0.612632 0.000438055
          19   -0.615136   -0.612764 0.000434365
          20   -0.610824   -0.612667 0.000423342
          21   -0.613704   -0.612717 0.000406051
          22   -0.613912   -0.612771 0.000391213
          23   -0.613216    -0.61279 0.000374682
          24   -0.611608   -0.612741 0.000362294
          25   -0.611616   -0.612696 0.000350586
          26   -0.613424   -0.612724 0.000338218
          27     -0.6112   -0.612668 0.000330368
          28   -0.611368   -0.612621 0.000321813
          29   -0.611504   -0.612583 0.000313013
          30    -0.61292   -0.612594 0.000302781
          31   -0.612464    -0.61259 0.000293043
          32   -0.612336   -0.612582 0.000283993
          33   -0.616488     -0.6127  0.00029904
          34    -0.61564   -0.612787 0.000302488
          35   -0.615096   -0.612853 0.000300956
          36   -0.612424   -0.612841 0.000292831
          37   -0.609784   -0.612758 0.000296341
          38   -0.612088    -0.61274 0.000289067
          39   -0.616584   -0.612839 0.000297982
          40   -0.614672   -0.612885 0.000294035
          41     -0.6156   -0.612951 0.000294226
          42     -0.6136   -0.612966 0.000287626
          43   -0.610224   -0.612903 0.000287922
          44   -0.614272   -0.612934 0.000283055
          45    -0.61352   -0.612947 0.000277064
          46   -0.615168   -0.612995 0.000275217
          47    -0.61472   -0.613032 0.000271797
          48   -0.614856    -0.61307 0.000268778
          49   -0.613328   -0.613075 0.000263345
          50   -0.616096   -0.613136 0.000264918
          51    -0.61168   -0.613107 0.000261256
          52   -0.611032   -0.613067 0.000259261
          53    -0.61528   -0.613109  0.00025771
          54   -0.615528   -0.613154 0.000256802
          55    -0.61248   -0.613141 0.000252425
          56   -0.612608   -0.613132 0.000248097
          57   -0.613736   -0.613142  0.00024397
          58   -0.613848   -0.613155 0.000240067
          59   -0.613704   -0.613164 0.000236179
          60   -0.614968   -0.613194 0.000234148
          61   -0.616408   -0.613247 0.000236164
          62   -0.613456    -0.61325 0.000232379
          63   -0.614928   -0.613277 0.000230211
          64    -0.60892   -0.613209 0.000236465
          65   -0.615328   -0.613241 0.000235064
          66   -0.614248   -0.613256 0.000231997
          67    -0.61452   -0.613275   0.0002293
          68   -0.610448   -0.613234 0.000229666
          69   -0.615168   -0.613262 0.000228042
          70   -0.611728    -0.61324 0.000225835
          71   -0.614536   -0.613258  0.00022339
          72   -0.612832   -0.613252 0.000220366
          73   -0.611656    -0.61323  0.00021843
          74   -0.613416   -0.613233 0.000215492
          75   -0.614424   -0.613249 0.000213203
          76   -0.612936   -0.613245 0.000210438
          77   -0.613072   -0.613242 0.000207717
          78   -0.613792   -0.613249 0.000205173
          79   -0.613528   -0.613253 0.000202606
          80    -0.61048   -0.613218 0.000203017
          81   -0.612072   -0.613204 0.000201003
          82   -0.613368   -0.613206 0.000198562
          83   -0.612648   -0.613199 0.000196284
          84    -0.61216   -0.613187 0.000194337
          85    -0.61436   -0.613201  0.00019254
          86   -0.611664   -0.613183 0.000191128
          87   -0.615512    -0.61321 0.000190797
          88   -0.610888   -0.613183 0.000190444
          89   -0.613768    -0.61319 0.000188418
          90   -0.614392   -0.613203 0.000186797
          91   -0.611112    -0.61318 0.000186153
          92   -0.613792   -0.613187 0.000184248
          93   -0.613976   -0.613195 0.000182462
          94   -0.609808   -0.613159 0.000184045
          95   -0.614264   -0.613171 0.000182475
          96   -0.616144   -0.613202 0.000183183
          97   -0.615328   -0.613224 0.000182601
          98   -0.612264   -0.613214    0.000181
          99   -0.615216   -0.613234 0.000180298
         100    -0.61356   -0.613238 0.000178524
           0        -nan        -nan        -nan
           1   -0.612024   -0.612024           0
           2   -0.610216    -0.61112 0.000639225
           3   -0.610064   -0.610768  0.00051401
           4   -0.615032   -0.611834  0.00100044
           5    -0.61704   -0.612875  0.00122794
           6   -0.615392   -0.613295  0.00109258
           7   -0.613456   -0.613318 0.000936744
           8   -0.609896    -0.61289 0.000912085
           9   -0.611752   -0.612764  0.00081946
          10   -0.614128     -0.6129 0.000748787
          11   -0.613024   -0.612911 0.000680801
          12   -0.612592   -0.612885 0.000624587
          13   -0.611744   -0.612797 0.000582672
          14   -0.611864    -0.61273  0.00054485
          15   -0.610976   -0.612613 0.000520928
          16    -0.61208    -0.61258 0.000489435
          17   -0.613528   -0.612636 0.000463811
          18   -0.612576   -0.612632 0.000438055
          19   -0.615136   -0.612764 0.000434365
          20   -0.610824   -0.612667 0.000423342
          21   -0.613704   -0.612717 0.000406051
          22   -0.613912   -0.612771 0.000391213
          23   -0.613216    -0.61279 0.000374682
          24   -0.611608   -0.612741 0.000362294
          25   -0.611616   -0.612696 0.000350586
          26   -0.613424   -0.612724 0.000338218
          27     -0.6112   -0.612668 0.000330368
          28   -0.611368   -0.612621 0.000321813
          29   -0.611504   -0.612583 0.000313013
          30    -0.61292   -0.612594 0.000302781
          31   -0.612464    -0.61259 0.000293043
          32   -0.612336   -0.612582 0.000283993
          33   -0.616488     -0.6127  0.00029904
          34    -0.61564   -0.612787 0.000302488
          35   -0.615096   -0.612853 0.000300956
          36   -0.612424   -0.612841 0.000292831
          37   -0.609784   -0.612758 0.000296341
          38   -0.612088    -0.61274 0.000289067
          39   -0.616584   -0.612839 0.000297982
          40   -0.614672   -0.612885 0.000294035
