           1     3.06899     3.06899           0
           2     2.85475     2.96187   0.0757433
           3     2.96966     2.96447     0.05054
           4     2.92379      2.9543   0.0389148
           5     2.91069     2.94558   0.0320943
           6     2.94134     2.94487    0.026753
           7      3.0658     2.96215    0.027958
           8     2.88802     2.95288   0.0259534
           9      2.9406     2.95152   0.0231055
          10     2.69958     2.92632    0.031681
          11     2.99818     2.93285   0.0294668
          12     3.02252     2.94033   0.0279426
          13     2.94945     2.94103   0.0258019
          14     2.90552     2.93849   0.0240833
          15     2.91132     2.93668   0.0225458
          16     3.06237     2.94454   0.0224636
          17      2.8096      2.9366   0.0225009
          18     2.91042     2.93514   0.0212978
          19     2.89614     2.93309   0.0202755
          20     2.95893     2.93438   0.0193029
           1     3.06899     3.06899           0
           2     2.85475     2.96187   0.0757433
           3     2.96966     2.96447     0.05054
           4     2.92379      2.9543   0.0389148
           5     2.91069     2.94558   0.0320943
           6     2.94134     2.94487    0.026753
           7      3.0658     2.96215    0.027958
           8     2.88802     2.95288   0.0259534
           9      2.9406     2.95152   0.0231055
          10     2.69958     2.92632    0.031681
          11     2.99818     2.93285   0.0294668
          12     3.02252     2.94033   0.0279426
          13     2.94945     2.94103   0.0258019
          14     2.90552     2.93849   0.0240833
          15     2.91132     2.93668   0.0225458
          16     3.06237     2.94454   0.0224636
          17      2.8096      2.9366   0.0225009
          18     2.91042     2.93514   0.0212978
          19     2.89614     2.93309   0.0202755
          20     2.95893     2.93438   0.0193029
           0        -nan        -nan        -nan
           1     2.85475     2.85475           0
           2     2.96966     2.91221   0.0406263
           3     2.92379     2.91607    0.027267
           4     2.91069     2.91472   0.0204833
           5     2.94134     2.92005   0.0170642
           6      3.0658     2.94434   0.0263433
           7     2.88802     2.93629    0.023777
           8      2.9406     2.93683    0.020811
           9     2.69958     2.91047   0.0309826
          10     2.99818     2.91924   0.0290994
          11     3.02252     2.92863   0.0279277
          12     2.94945     2.93037   0.0256542
          13     2.90552     2.92845   0.0237519
          14     2.91132     2.92723   0.0220868
          15     3.06237     2.93624   0.0223766
          16      2.8096     2.92832    0.022334
          17     2.91042     2.92727   0.0210451
          18     2.89614     2.92554   0.0199468
          19     2.95893      2.9273   0.0189742
          20     2.97139      2.9295   0.0181532
           0        -nan        -nan        -nan
           1     2.85475     2.85475           0
           2     2.96966     2.91221   0.0406263
           3     2.92379     2.91607    0.027267
           4     2.91069     2.91472   0.0204833
           5     2.94134     2.92005   0.0170642
           6      3.0658     2.94434   0.0263433
           7     2.88802     2.93629    0.023777
           8      2.9406     2.93683    0.020811
           9     2.69958     2.91047   0.0309826
          10     2.99818     2.91924   0.0290994
          11     3.02252     2.92863   0.0279277
          12     2.94945     2.93037   0.0256542
          13     2.90552     2.92845   0.0237519
          14     2.91132     2.92723   0.0220868
          15     3.06237     2.93624   0.0223766
          16      2.8096     2.92832    0.022334
          17     2.91042     2.92727   0.0210451
          18     2.89614     2.92554   0.0199468
          19     2.95893      2.9273   0.0189742
          20     2.97139      2.9295   0.0181532
           0        -nan        -nan        -nan
           1     2.85475     2.85475           0
           2     2.96966     2.91221   0.0406263
           3     2.92379     2.91607    0.027267
           4     2.91069     2.91472   0.0204833
           5     2.94134     2.92005   0.0170642
           6      3.0658     2.94434   0.0263433
           7     2.88802     2.93629    0.023777
           8      2.9406     2.93683    0.020811
           9     2.69958     2.91047   0.0309826
          10     2.99818     2.91924   0.0290994
          11     3.02252     2.92863   0.0279277
          12     2.94945     2.93037   0.0256542
          13     2.90552     2.92845   0.0237519
          14     2.91132     2.92723   0.0220868
          15     3.06237     2.93624   0.0223766
          16      2.8096     2.92832    0.022334
          17     2.91042     2.92727   0.0210451
          18     2.89614     2.92554   0.0199468
          19     2.95893      2.9273   0.0189742
          20     2.97139      2.9295   0.0181532
           0        -nan        -nan        -nan
           1     11.6536     11.6536           0
           2     12.8935     12.2735    0.438376
           3     12.0356     12.1942    0.299337
           4     11.4114     11.9985    0.281295
           5     11.0556     11.8099    0.281236
           6     10.4016     11.5752    0.317554
           7     11.7656     11.6024    0.273351
           8      12.957     11.7717    0.286872
           9     12.1468     11.8134    0.258007
          10     11.2178     11.7538    0.238983
          11     14.1665     11.9732    0.301551
          12     11.4127     11.9265    0.280015
          13     12.4528      11.967    0.261386
          14     12.3532     11.9945    0.244168
          15     11.1274     11.9367    0.234633
          16      12.485      11.971    0.222457
          17     13.6734     12.0711    0.230813
          18     13.4416     12.1473    0.230205
          19     13.6977     12.2289    0.232101
          20     11.9561     12.2152    0.220897
           0        -nan        -nan        -nan
           1     2.85475     2.85475           0
           2     2.96966     2.91221   0.0406263
           3     2.92379     2.91607    0.027267
           4     2.91069     2.91472   0.0204833
           5     2.94134     2.92005   0.0170642
           6      3.0658     2.94434   0.0263433
           7     2.88802     2.93629    0.023777
           8      2.9406     2.93683    0.020811
           9     2.69958     2.91047   0.0309826
          10     2.99818     2.91924   0.0290994
          11     3.02252     2.92863   0.0279277
          12     2.94945     2.93037   0.0256542
          13     2.90552     2.92845   0.0237519
          14     2.91132     2.92723   0.0220868
          15     3.06237     2.93624   0.0223766
          16      2.8096     2.92832    0.022334
          17     2.91042     2.92727   0.0210451
          18     2.89614     2.92554   0.0199468
          19     2.95893      2.9273   0.0189742
          20     2.97139      2.9295   0.0181532
           0        -nan        -nan        -nan
           1     2.85475     2.85475           0
           2     2.96966     2.91221   0.0406263
           3     2.92379     2.91607    0.027267
           4     2.91069     2.91472   0.0204833
           5     2.94134     2.92005   0.0170642
           6      3.0658     2.94434   0.0263433
           7     2.88802     2.93629    0.023777
           8      2.9406     2.93683    0.020811
           9     2.69958     2.91047   0.0309826
          10     2.99818     2.91924   0.0290994
          11     3.02252     2.92863   0.0279277
          12     2.94945     2.93037   0.0256542
          13     2.90552     2.92845   0.0237519
          14     2.91132     2.92723   0.0220868
          15     3.06237     2.93624   0.0223766
          16      2.8096     2.92832    0.022334
          17     2.91042     2.92727   0.0210451
          18     2.89614     2.92554   0.0199468
          19     2.95893      2.9273   0.0189742
          20     2.97139      2.9295   0.0181532
           0        -nan        -nan        -nan
           1     2.85475     2.85475           0
           2     2.96966     2.91221   0.0406263
           3     2.92379     2.91607    0.027267
           4     2.91069     2.91472   0.0204833
           5     2.94134     2.92005   0.0170642
           6      3.0658     2.94434   0.0263433
           7     2.88802     2.93629    0.023777
           8      2.9406     2.93683    0.020811
           9     2.69958     2.91047   0.0309826
          10     2.99818     2.91924   0.0290994
          11     3.02252     2.92863   0.0279277
          12     2.94945     2.93037   0.0256542
          13     2.90552     2.92845   0.0237519
          14     2.91132     2.92723   0.0220868
          15     3.06237     2.93624   0.0223766
          16      2.8096     2.92832    0.022334
          17     2.91042     2.92727   0.0210451
          18     2.89614     2.92554   0.0199468
          19     2.95893      2.9273   0.0189742
          20     2.97139      2.9295   0.0181532
           0        -nan        -nan        -nan
           1     2.96966     2.96966           0
           2     2.92379     2.94673    0.016219
           3     2.91069     2.93471   0.0145978
           4     2.94134     2.93637   0.0110419
           5      3.0658     2.96226    0.024781
           6     2.88802     2.94988    0.023538
           7      2.9406     2.94856   0.0202127
           8     2.69958     2.91743   0.0340636
           9     2.99818     2.92641   0.0314382
          10     3.02252     2.93602   0.0297273
          11     2.94945     2.93724   0.0270499
          12     2.90552      2.9346   0.0249245
          13     2.91132     2.93281   0.0230715
          14     3.06237     2.94206   0.0232056
          15      2.8096     2.93323   0.0232782
          16     2.91042      2.9318   0.0218669
          17     2.89614     2.92971    0.020681
          18     2.95893     2.93133   0.0195957
          19     2.97139     2.93344   0.0186774
          20      2.8938     2.93146   0.0178484
           0        -nan        -nan        -nan
           1     2.96966     2.96966           0
           2     2.92379     2.94673    0.016219
           3     2.91069     2.93471   0.0145978
           4     2.94134     2.93637   0.0110419
           5      3.0658     2.96226    0.024781
           6     2.88802     2.94988    0.023538
           7      2.9406     2.94856   0.0202127
           8     2.69958     2.91743   0.0340636
           9     2.99818     2.92641   0.0314382
          10     3.02252     2.93602   0.0297273
          11     2.94945     2.93724   0.0270499
          12     2.90552      2.9346   0.0249245
          13     2.91132     2.93281   0.0230715
          14     3.06237     2.94206   0.0232056
          15      2.8096     2.93323   0.0232782
          16     2.91042      2.9318   0.0218669
          17     2.89614     2.92971    0.020681
          18     2.95893     2.93133   0.0195957
          19     2.97139     2.93344   0.0186774
          20      2.8938     2.93146   0.0178484
           0        -nan        -nan        -nan
           1     2.96966     2.96966           0
           2     2.92379     2.94673    0.016219
           3     2.91069     2.93471   0.0145978
           4     2.94134     2.93637   0.0110419
           5      3.0658     2.96226    0.024781
           6     2.88802     2.94988    0.023538
           7      2.9406     2.94856   0.0202127
           8     2.69958     2.91743   0.0340636
           9     2.99818     2.92641   0.0314382
          10     3.02252     2.93602   0.0297273
          11     2.94945     2.93724   0.0270499
          12     2.90552      2.9346   0.0249245
          13     2.91132     2.93281   0.0230715
          14     3.06237     2.94206   0.0232056
          15      2.8096     2.93323   0.0232782
          16     2.91042      2.9318   0.0218669
          17     2.89614     2.92971    0.020681
          18     2.95893     2.93133   0.0195957
          19     2.97139     2.93344   0.0186774
          20      2.8938     2.93146   0.0178484
          21      2.8895     2.92946   0.0171099
          22     2.98715     2.93208   0.0165319
          23     2.98934     2.93457   0.0159995
          24     2.98126     2.93652   0.0154507
          25     2.79328     2.93079   0.0158594
          26     3.00423     2.93361   0.0154989
          27     2.63179     2.92243   0.0185226
          28     2.97896     2.92445   0.0179707
          29     2.91267     2.92404   0.0173556
          30     2.90309     2.92335   0.0167912
          31     2.87277     2.92171   0.0163286
          32     2.96575     2.92309   0.0158762
          33      3.0689     2.92751   0.0159981
          34     2.95407     2.92829   0.0155467
          35      2.9516     2.92896   0.0151167
          36     2.94698     2.92946   0.0147051
          37      2.8153     2.92637   0.0146277
          38     2.85739     2.92456    0.014355
          39     3.13455     2.92994   0.0149627
          40     2.85962     2.92818   0.0146916
