           1     4.31737     4.31737           0
           2     4.63716     4.47726    0.113064
           3     4.31061     4.42171   0.0879701
           4     4.23731     4.37561   0.0771172
           5     4.35625     4.37174    0.061791
           6     4.46525     4.38732   0.0534219
           7     4.56878     4.41325   0.0516983
           8     4.34581     4.40482    0.045918
           9     4.10876     4.37192   0.0512622
          10     4.28695     4.36343   0.0468349
          11     4.34167     4.36145   0.0426189
          12      4.3914     4.36394   0.0391404
          13     4.54331     4.37774   0.0384846
          14     4.56687     4.39125    0.038033
          15     4.29483     4.38482   0.0360366
          16     4.79853     4.41068   0.0420495
          17     4.30544     4.40449   0.0400291
          18     4.48289     4.40884   0.0380414
          19     4.54785     4.41616   0.0367361
          20      4.5051     4.42061   0.0351674
           1     4.31737     4.31737           0
           2     4.63716     4.47726    0.113064
           3     4.31061     4.42171   0.0879701
           4     4.23731     4.37561   0.0771172
           5     4.35625     4.37174    0.061791
           6     4.46525     4.38732   0.0534219
           7     4.56878     4.41325   0.0516983
           8     4.34581     4.40482    0.045918
           9     4.10876     4.37192   0.0512622
          10     4.28695     4.36343   0.0468349
          11     4.34167     4.36145   0.0426189
          12      4.3914     4.36394   0.0391404
          13     4.54331     4.37774   0.0384846
          14     4.56687     4.39125    0.038033
          15     4.29483     4.38482   0.0360366
          16     4.79853     4.41068   0.0420495
          17     4.30544     4.40449   0.0400291
          18     4.48289     4.40884   0.0380414
          19     4.54785     4.41616   0.0367361
          20      4.5051     4.42061   0.0351674
           0        -nan        -nan        -nan
           1     4.63716     4.63716           0
           2     4.31061     4.47389    0.115452
           3     4.23731     4.39503    0.100349
           4     4.35625     4.38533   0.0757288
           5     4.46525     4.40132   0.0622471
           6     4.56878     4.42923   0.0577922
           7     4.34581     4.41731   0.0507498
           8     4.10876     4.37874   0.0572146
           9     4.28695     4.36854   0.0517584
          10     4.34167     4.36586   0.0466523
          11      4.3914     4.36818   0.0424689
          12     4.54331     4.38277   0.0413615
          13     4.56687     4.39693   0.0405318
          14     4.29483     4.38964   0.0382872
          15     4.79853      4.4169   0.0443902
          16     4.30544     4.40993   0.0421589
          17     4.48289     4.41422   0.0398968
          18     4.54785     4.42165   0.0383648
          19      4.5051     4.42604   0.0365961
          20      4.4113      4.4253   0.0347738
           0        -nan        -nan        -nan
           1     4.63716     4.63716           0
           2     4.31061     4.47389    0.115452
           3     4.23731     4.39503    0.100349
           4     4.35625     4.38533   0.0757288
           5     4.46525     4.40132   0.0622471
           6     4.56878     4.42923   0.0577922
           7     4.34581     4.41731   0.0507498
           8     4.10876     4.37874   0.0572146
           9     4.28695     4.36854   0.0517584
          10     4.34167     4.36586   0.0466523
          11      4.3914     4.36818   0.0424689
          12     4.54331     4.38277   0.0413615
          13     4.56687     4.39693   0.0405318
          14     4.29483     4.38964   0.0382872
          15     4.79853      4.4169   0.0443902
          16     4.30544     4.40993   0.0421589
          17     4.48289     4.41422   0.0398968
          18     4.54785     4.42165   0.0383648
          19      4.5051     4.42604   0.0365961
          20      4.4113      4.4253   0.0347738
           0        -nan        -nan        -nan
           1     4.63716     4.63716           0
           2     4.31061     4.47389    0.115452
           3     4.23731     4.39503    0.100349
           4     4.35625     4.38533   0.0757288
           5     4.46525     4.40132   0.0622471
           6     4.56878     4.42923   0.0577922
           7     4.34581     4.41731   0.0507498
           8     4.10876     4.37874   0.0572146
           9     4.28695     4.36854   0.0517584
          10     4.34167     4.36586   0.0466523
          11      4.3914     4.36818   0.0424689
          12     4.54331     4.38277   0.0413615
          13     4.56687     4.39693   0.0405318
          14     4.29483     4.38964   0.0382872
          15     4.79853      4.4169   0.0443902
          16     4.30544     4.40993   0.0421589
          17     4.48289     4.41422   0.0398968
          18     4.54785     4.42165   0.0383648
          19      4.5051     4.42604   0.0365961
          20      4.4113      4.4253   0.0347738
           0        -nan        -nan        -nan
           1     24.9861     24.9861           0
           2     25.1523     25.0692   0.0587747
           3     20.4484     23.5289     1.25825
           4     19.5161     22.5257     1.28272
           5     19.8286     21.9863     1.13394
           6     18.6458     21.4296     1.07296
           7      20.445     21.2889    0.928848
           8     21.4797     21.3128    0.813049
           9     21.2341      21.304    0.722757
          10     22.8597     21.4596    0.667013
          11     22.7728      21.579    0.616967
          12     21.6684     21.5864    0.565598
          13     19.9128     21.4577    0.536542
          14     23.6944     21.6174    0.521461
          15     18.8309     21.4317    0.518732
          16     23.1224     21.5374    0.496958
          17      23.113       21.63    0.476289
          18      25.303     21.8341      0.4916
          19     22.5665     21.8726    0.467235
          20     20.5008      21.804     0.44888
           0        -nan        -nan        -nan
           1     4.63716     4.63716           0
           2     4.31061     4.47389    0.115452
           3     4.23731     4.39503    0.100349
           4     4.35625     4.38533   0.0757288
           5     4.46525     4.40132   0.0622471
           6     4.56878     4.42923   0.0577922
           7     4.34581     4.41731   0.0507498
           8     4.10876     4.37874   0.0572146
           9     4.28695     4.36854   0.0517584
          10     4.34167     4.36586   0.0466523
          11      4.3914     4.36818   0.0424689
          12     4.54331     4.38277   0.0413615
          13     4.56687     4.39693   0.0405318
          14     4.29483     4.38964   0.0382872
          15     4.79853      4.4169   0.0443902
          16     4.30544     4.40993   0.0421589
          17     4.48289     4.41422   0.0398968
          18     4.54785     4.42165   0.0383648
          19      4.5051     4.42604   0.0365961
          20      4.4113      4.4253   0.0347738
           0        -nan        -nan        -nan
           1     4.63716     4.63716           0
           2     4.31061     4.47389    0.115452
           3     4.23731     4.39503    0.100349
           4     4.35625     4.38533   0.0757288
           5     4.46525     4.40132   0.0622471
           6     4.56878     4.42923   0.0577922
           7     4.34581     4.41731   0.0507498
           8     4.10876     4.37874   0.0572146
           9     4.28695     4.36854   0.0517584
          10     4.34167     4.36586   0.0466523
          11      4.3914     4.36818   0.0424689
          12     4.54331     4.38277   0.0413615
          13     4.56687     4.39693   0.0405318
          14     4.29483     4.38964   0.0382872
          15     4.79853      4.4169   0.0443902
          16     4.30544     4.40993   0.0421589
          17     4.48289     4.41422   0.0398968
          18     4.54785     4.42165   0.0383648
          19      4.5051     4.42604   0.0365961
          20      4.4113      4.4253   0.0347738
           0        -nan        -nan        -nan
           1     4.63716     4.63716           0
           2     4.31061     4.47389    0.115452
           3     4.23731     4.39503    0.100349
           4     4.35625     4.38533   0.0757288
           5     4.46525     4.40132   0.0622471
           6     4.56878     4.42923   0.0577922
           7     4.34581     4.41731   0.0507498
           8     4.10876     4.37874   0.0572146
           9     4.28695     4.36854   0.0517584
          10     4.34167     4.36586   0.0466523
          11      4.3914     4.36818   0.0424689
          12     4.54331     4.38277   0.0413615
          13     4.56687     4.39693   0.0405318
          14     4.29483     4.38964   0.0382872
          15     4.79853      4.4169   0.0443902
          16     4.30544     4.40993   0.0421589
          17     4.48289     4.41422   0.0398968
          18     4.54785     4.42165   0.0383648
          19      4.5051     4.42604   0.0365961
          20      4.4113      4.4253   0.0347738
           0        -nan        -nan        -nan
           1     4.31061     4.31061           0
           2     4.23731     4.27396   0.0259178
           3     4.35625     4.30139   0.0282862
           4     4.46525     4.34236   0.0413368
           5     4.56878     4.38764   0.0522893
           6     4.34581     4.38067   0.0440367
           7     4.10876     4.34182   0.0521349
           8     4.28695     4.33497    0.046067
           9     4.34167     4.33571   0.0409545
          10      4.3914     4.34128   0.0372358
          11     4.54331     4.35965   0.0381119
          12     4.56687     4.37691   0.0386508
          13     4.29483      4.3706   0.0361898
          14     4.79853     4.40117    0.044686
          15     4.30544     4.39478   0.0421602
          16     4.48289     4.40029   0.0398831
          17     4.54785     4.40897   0.0384701
          18      4.5051     4.41431   0.0367016
          19      4.4113     4.41415   0.0347703
          20     4.45611     4.41625    0.033095
           0        -nan        -nan        -nan
           1     4.31061     4.31061           0
           2     4.23731     4.27396   0.0259178
           3     4.35625     4.30139   0.0282862
           4     4.46525     4.34236   0.0413368
           5     4.56878     4.38764   0.0522893
           6     4.34581     4.38067   0.0440367
           7     4.10876     4.34182   0.0521349
           8     4.28695     4.33497    0.046067
           9     4.34167     4.33571   0.0409545
          10      4.3914     4.34128   0.0372358
          11     4.54331     4.35965   0.0381119
          12     4.56687     4.37691   0.0386508
          13     4.29483      4.3706   0.0361898
          14     4.79853     4.40117    0.044686
          15     4.30544     4.39478   0.0421602
          16     4.48289     4.40029   0.0398831
          17     4.54785     4.40897   0.0384701
          18      4.5051     4.41431   0.0367016
          19      4.4113     4.41415   0.0347703
          20     4.45611     4.41625    0.033095
           0        -nan        -nan        -nan
           1     4.31061     4.31061           0
           2     4.23731     4.27396   0.0259178
           3     4.35625     4.30139   0.0282862
           4     4.46525     4.34236   0.0413368
           5     4.56878     4.38764   0.0522893
           6     4.34581     4.38067   0.0440367
           7     4.10876     4.34182   0.0521349
           8     4.28695     4.33497    0.046067
           9     4.34167     4.33571   0.0409545
          10      4.3914     4.34128   0.0372358
          11     4.54331     4.35965   0.0381119
          12     4.56687     4.37691   0.0386508
          13     4.29483      4.3706   0.0361898
          14     4.79853     4.40117    0.044686
          15     4.30544     4.39478   0.0421602
          16     4.48289     4.40029   0.0398831
          17     4.54785     4.40897   0.0384701
          18      4.5051     4.41431   0.0367016
          19      4.4113     4.41415   0.0347703
          20     4.45611     4.41625    0.033095
          21     4.50581     4.42052   0.0317926
          22     4.41609     4.42031   0.0303482
          23      4.5117     4.42429   0.0292876
          24     4.42859     4.42447   0.0280679
          25     4.39188     4.42316   0.0269754
          26     4.39491     4.42208   0.0259598
          27     4.55399     4.42696   0.0254539
          28     4.58069     4.43245     0.02513
          29     4.53717     4.43606   0.0245215
          30     4.82157     4.44891   0.0268608
          31     4.36303     4.44614   0.0261369
          32     4.42049     4.44534   0.0253324
          33      4.3484      4.4424   0.0247345
          34     4.13377     4.43333   0.0256186
          35     4.27489      4.4288   0.0252834
          36     4.46889     4.42991   0.0246056
          37     4.53326     4.43271   0.0240986
          38     4.18224     4.42612   0.0243491
          39     4.49754     4.42795   0.0237935
          40     4.55683     4.43117   0.0234158
