           1    -0.71628    -0.71628           0
           2   -0.724888   -0.720584  0.00304339
           3   -0.724928   -0.722032  0.00234826
           4   -0.719888   -0.721496  0.00182134
           5   -0.719136   -0.721024    0.001517
           6   -0.721792   -0.721152  0.00126956
           7    -0.72028   -0.721027  0.00109429
           8   -0.722496   -0.721211 0.000972775
           9   -0.720728   -0.721157 0.000866168
          10   -0.723984    -0.72144 0.000824385
          11   -0.717952   -0.721123 0.000808126
          12   -0.719384   -0.720978 0.000753663
          13   -0.721424   -0.721012 0.000696469
          14     -0.7222   -0.721097 0.000651867
          15   -0.719184    -0.72097 0.000620762
          16   -0.718528   -0.720817 0.000600428
          17   -0.718392   -0.720674 0.000581806
          18   -0.720648   -0.720673 0.000549486
          19   -0.719864    -0.72063 0.000522212
          20   -0.721072   -0.720652 0.000496568
           1    -0.71628    -0.71628           0
           2   -0.724888   -0.720584  0.00304339
           3   -0.724928   -0.722032  0.00234826
           4   -0.719888   -0.721496  0.00182134
           5   -0.719136   -0.721024    0.001517
           6   -0.721792   -0.721152  0.00126956
           7    -0.72028   -0.721027  0.00109429
           8   -0.722496   -0.721211 0.000972775
           9   -0.720728   -0.721157 0.000866168
          10   -0.723984    -0.72144 0.000824385
          11   -0.717952   -0.721123 0.000808126
          12   -0.719384   -0.720978 0.000753663
          13   -0.721424   -0.721012 0.000696469
          14     -0.7222   -0.721097 0.000651867
          15   -0.719184    -0.72097 0.000620762
          16   -0.718528   -0.720817 0.000600428
          17   -0.718392   -0.720674 0.000581806
          18   -0.720648   -0.720673 0.000549486
          19   -0.719864    -0.72063 0.000522212
          20   -0.721072   -0.720652 0.000496568
           0        -nan        -nan        -nan
           1   -0.724888   -0.724888           0
           2   -0.724928   -0.724908 1.41421e-05
           3   -0.719888   -0.723235   0.0013663
           4   -0.719136    -0.72221  0.00135555
           5   -0.721792   -0.722126  0.00108702
           6    -0.72028   -0.721819 0.000948407
           7   -0.722496   -0.721915 0.000817842
           8   -0.720728   -0.721767 0.000728956
           9   -0.723984   -0.722013 0.000688325
          10   -0.717952   -0.721607 0.000729535
          11   -0.719384   -0.721405 0.000690642
          12   -0.721424   -0.721407  0.00063309
          13     -0.7222   -0.721468 0.000587325
          14   -0.719184   -0.721305 0.000567574
          15   -0.718528   -0.721119 0.000559106
          16   -0.718392   -0.720949 0.000549534
          17   -0.720648   -0.720931 0.000517494
          18   -0.719864   -0.720872 0.000492129
          19   -0.721072   -0.720883  0.00046634
          20   -0.721624    -0.72092 0.000444495
           0        -nan        -nan        -nan
           1   -0.724888   -0.724888           0
           2   -0.724928   -0.724908 1.41421e-05
           3   -0.719888   -0.723235   0.0013663
           4   -0.719136    -0.72221  0.00135555
           5   -0.721792   -0.722126  0.00108702
           6    -0.72028   -0.721819 0.000948407
           7   -0.722496   -0.721915 0.000817842
           8   -0.720728   -0.721767 0.000728956
           9   -0.723984   -0.722013 0.000688325
          10   -0.717952   -0.721607 0.000729535
          11   -0.719384   -0.721405 0.000690642
          12   -0.721424   -0.721407  0.00063309
          13     -0.7222   -0.721468 0.000587325
          14   -0.719184   -0.721305 0.000567574
          15   -0.718528   -0.721119 0.000559106
          16   -0.718392   -0.720949 0.000549534
          17   -0.720648   -0.720931 0.000517494
          18   -0.719864   -0.720872 0.000492129
          19   -0.721072   -0.720883  0.00046634
          20   -0.721624    -0.72092 0.000444495
           0        -nan        -nan        -nan
           1   -0.724888   -0.724888           0
           2   -0.724928   -0.724908 1.41421e-05
           3   -0.719888   -0.723235   0.0013663
           4   -0.719136    -0.72221  0.00135555
           5   -0.721792   -0.722126  0.00108702
           6    -0.72028   -0.721819 0.000948407
           7   -0.722496   -0.721915 0.000817842
           8   -0.720728   -0.721767 0.000728956
           9   -0.723984   -0.722013 0.000688325
          10   -0.717952   -0.721607 0.000729535
          11   -0.719384   -0.721405 0.000690642
          12   -0.721424   -0.721407  0.00063309
          13     -0.7222   -0.721468 0.000587325
          14   -0.719184   -0.721305 0.000567574
          15   -0.718528   -0.721119 0.000559106
          16   -0.718392   -0.720949 0.000549534
          17   -0.720648   -0.720931 0.000517494
          18   -0.719864   -0.720872 0.000492129
          19   -0.721072   -0.720883  0.00046634
          20   -0.721624    -0.72092 0.000444495
           0        -nan        -nan        -nan
           1   -0.955376   -0.955376           0
           2   -0.964392   -0.959884  0.00318764
           3   -0.956216   -0.958661   0.0023479
           4   -0.946008   -0.955498  0.00325666
           5    -0.95092   -0.954582  0.00273101
           6   -0.943888     -0.9528  0.00279766
           7   -0.950672   -0.952496  0.00241446
           8   -0.955632   -0.952888  0.00214423
           9   -0.954816   -0.953102  0.00191666
          10    -0.95704   -0.953496  0.00176498
          11   -0.952688   -0.953423  0.00160605
          12    -0.94844   -0.953007  0.00152494
          13   -0.946608   -0.952515  0.00148497
          14   -0.955232   -0.952709  0.00139152
          15     -0.9478   -0.952382  0.00133669
          16   -0.948848   -0.952161  0.00127126
          17   -0.959912   -0.952617  0.00127562
          18   -0.960168   -0.953036  0.00127187
          19   -0.952568   -0.953012  0.00120517
          20   -0.954432   -0.953083    0.001147
           0        -nan        -nan        -nan
           1   -0.724888   -0.724888           0
           2   -0.724928   -0.724908 1.41421e-05
           3   -0.719888   -0.723235   0.0013663
           4   -0.719136    -0.72221  0.00135555
           5   -0.721792   -0.722126  0.00108702
           6    -0.72028   -0.721819 0.000948407
           7   -0.722496   -0.721915 0.000817842
           8   -0.720728   -0.721767 0.000728956
           9   -0.723984   -0.722013 0.000688325
          10   -0.717952   -0.721607 0.000729535
          11   -0.719384   -0.721405 0.000690642
          12   -0.721424   -0.721407  0.00063309
          13     -0.7222   -0.721468 0.000587325
          14   -0.719184   -0.721305 0.000567574
          15   -0.718528   -0.721119 0.000559106
          16   -0.718392   -0.720949 0.000549534
          17   -0.720648   -0.720931 0.000517494
          18   -0.719864   -0.720872 0.000492129
          19   -0.721072   -0.720883  0.00046634
          20   -0.721624    -0.72092 0.000444495
           0        -nan        -nan        -nan
           1   -0.724888   -0.724888           0
           2   -0.724928   -0.724908 1.41421e-05
           3   -0.719888   -0.723235   0.0013663
           4   -0.719136    -0.72221  0.00135555
           5   -0.721792   -0.722126  0.00108702
           6    -0.72028   -0.721819 0.000948407
           7   -0.722496   -0.721915 0.000817842
           8   -0.720728   -0.721767 0.000728956
           9   -0.723984   -0.722013 0.000688325
          10   -0.717952   -0.721607 0.000729535
          11   -0.719384   -0.721405 0.000690642
          12   -0.721424   -0.721407  0.00063309
          13     -0.7222   -0.721468 0.000587325
          14   -0.719184   -0.721305 0.000567574
          15   -0.718528   -0.721119 0.000559106
          16   -0.718392   -0.720949 0.000549534
          17   -0.720648   -0.720931 0.000517494
          18   -0.719864   -0.720872 0.000492129
          19   -0.721072   -0.720883  0.00046634
          20   -0.721624    -0.72092 0.000444495
           0        -nan        -nan        -nan
           1   -0.724888   -0.724888           0
           2   -0.724928   -0.724908 1.41421e-05
           3   -0.719888   -0.723235   0.0013663
           4   -0.719136    -0.72221  0.00135555
           5   -0.721792   -0.722126  0.00108702
           6    -0.72028   -0.721819 0.000948407
           7   -0.722496   -0.721915 0.000817842
           8   -0.720728   -0.721767 0.000728956
           9   -0.723984   -0.722013 0.000688325
          10   -0.717952   -0.721607 0.000729535
          11   -0.719384   -0.721405 0.000690642
          12   -0.721424   -0.721407  0.00063309
          13     -0.7222   -0.721468 0.000587325
          14   -0.719184   -0.721305 0.000567574
          15   -0.718528   -0.721119 0.000559106
          16   -0.718392   -0.720949 0.000549534
          17   -0.720648   -0.720931 0.000517494
          18   -0.719864   -0.720872 0.000492129
          19   -0.721072   -0.720883  0.00046634
          20   -0.721624    -0.72092 0.000444495
           0        -nan        -nan        -nan
           1   -0.724928   -0.724928           0
           2   -0.719888   -0.722408  0.00178191
           3   -0.719136   -0.721317  0.00148467
           4   -0.721792   -0.721436  0.00111823
           5    -0.72028   -0.721205 0.000918176
           6   -0.722496    -0.72142 0.000789963
           7   -0.720728   -0.721321 0.000683269
           8   -0.723984   -0.721654 0.000674078
           9   -0.717952   -0.721243 0.000713732
          10   -0.719384   -0.721057  0.00066612
          11   -0.721424    -0.72109   0.0006064
          12     -0.7222   -0.721183 0.000562875
          13   -0.719184   -0.721029 0.000540166
          14   -0.718528    -0.72085 0.000530299
          15   -0.718392   -0.720686 0.000519653
          16   -0.720648   -0.720684  0.00048718
          17   -0.719864   -0.720636 0.000460904
          18   -0.721072    -0.72066 0.000435935
          19   -0.721624   -0.720711 0.000415933
          20   -0.720824   -0.720716 0.000395175
           0        -nan        -nan        -nan
           1   -0.724928   -0.724928           0
           2   -0.719888   -0.722408  0.00178191
           3   -0.719136   -0.721317  0.00148467
           4   -0.721792   -0.721436  0.00111823
           5    -0.72028   -0.721205 0.000918176
           6   -0.722496    -0.72142 0.000789963
           7   -0.720728   -0.721321 0.000683269
           8   -0.723984   -0.721654 0.000674078
           9   -0.717952   -0.721243 0.000713732
          10   -0.719384   -0.721057  0.00066612
          11   -0.721424    -0.72109   0.0006064
          12     -0.7222   -0.721183 0.000562875
          13   -0.719184   -0.721029 0.000540166
          14   -0.718528    -0.72085 0.000530299
          15   -0.718392   -0.720686 0.000519653
          16   -0.720648   -0.720684  0.00048718
          17   -0.719864   -0.720636 0.000460904
          18   -0.721072    -0.72066 0.000435935
          19   -0.721624   -0.720711 0.000415933
          20   -0.720824   -0.720716 0.000395175
           0        -nan        -nan        -nan
           1   -0.724928   -0.724928           0
           2   -0.719888   -0.722408  0.00178191
           3   -0.719136   -0.721317  0.00148467
           4   -0.721792   -0.721436  0.00111823
           5    -0.72028   -0.721205 0.000918176
           6   -0.722496    -0.72142 0.000789963
           7   -0.720728   -0.721321 0.000683269
           8   -0.723984   -0.721654 0.000674078
           9   -0.717952   -0.721243 0.000713732
          10   -0.719384   -0.721057  0.00066612
          11   -0.721424    -0.72109   0.0006064
          12     -0.7222   -0.721183 0.000562875
          13   -0.719184   -0.721029 0.000540166
          14   -0.718528    -0.72085 0.000530299
          15   -0.718392   -0.720686 0.000519653
          16   -0.720648   -0.720684  0.00048718
          17   -0.719864   -0.720636 0.000460904
          18   -0.721072    -0.72066 0.000435935
          19   -0.721624   -0.720711 0.000415933
          20   -0.720824   -0.720716 0.000395175
          21   -0.721944   -0.720775 0.000380656
          22   -0.720072   -0.720743 0.000364692
          23   -0.725792   -0.720962 0.000409613
          24   -0.720728   -0.720953 0.000392662
          25   -0.716768   -0.720785 0.000411088
          26   -0.721984   -0.720831 0.000397854
          27   -0.724008   -0.720949 0.000400136
          28   -0.719832   -0.720909 0.000387829
          29    -0.71976    -0.72087 0.000376475
          30   -0.724376   -0.720986 0.000381639
          31   -0.716744    -0.72085   0.0003931
          32    -0.72104   -0.720855  0.00038086
          33   -0.718536   -0.720785 0.000375749
          34    -0.72024   -0.720769 0.000365039
          35    -0.72288   -0.720829 0.000359557
          36    -0.72208   -0.720864 0.000351243
          37   -0.721072    -0.72087 0.000341795
          38   -0.720056   -0.720848 0.000333471
          39   -0.718232   -0.720781   0.0003316
          40   -0.724176   -0.720866 0.000333994
           0        -nan        -nan        -nan
           1   -0.724928   -0.724928           0
           2   -0.719888   -0.722408  0.00178191
           3   -0.719136   -0.721317  0.00148467
           4   -0.721792   -0.721436  0.00111823
           5    -0.72028   -0.721205 0.000918176
           6   -0.722496    -0.72142 0.000789963
           7   -0.720728   -0.721321 0.000683269
           8   -0.723984   -0.721654 0.000674078
           9   -0.717952   -0.721243 0.000713732
          10   -0.719384   -0.721057  0.00066612
          11   -0.721424    -0.72109   0.0006064
          12     -0.7222   -0.721183 0.000562875
          13   -0.719184   -0.721029 0.000540166
          14   -0.718528    -0.72085 0.000530299
          15   -0.718392   -0.720686 0.000519653
          16   -0.720648   -0.720684  0.00048718
          17   -0.719864   -0.720636 0.000460904
          18   -0.721072    -0.72066 0.000435935
          19   -0.721624   -0.720711 0.000415933
          20   -0.720824   -0.720716 0.000395175
          21   -0.721944   -0.720775 0.000380656
          22   -0.720072   -0.720743 0.000364692
          23   -0.725792   -0.720962 0.000409613
          24   -0.720728   -0.720953 0.000392662
          25   -0.716768   -0.720785 0.000411088
          26   -0.721984   -0.720831 0.000397854
          27   -0.724008   -0.720949 0.000400136
          28   -0.719832   -0.720909 0.000387829
          29    -0.71976    -0.72087 0.000376475
          30   -0.724376   -0.720986 0.000381639
          31   -0.716744    -0.72085   0.0003931
          32    -0.72104   -0.720855  0.00038086
          33   -0.718536   -0.720785 0.000375749
          34    -0.72024   -0.720769 0.000365039
          35    -0.72288   -0.720829 0.000359557
          36    -0.72208   -0.720864 0.000351243
          37   -0.721072    -0.72087 0.000341795
          38   -0.720056   -0.720848 0.000333471
          39   -0.718232   -0.720781   0.0003316
          40   -0.724176   -0.720866 0.000333994
          41   -0.720504   -0.720857 0.000325964
          42   -0.720528    -0.72085 0.000318297
          43   -0.717712   -0.720777 0.000319149
          44   -0.721112   -0.720784 0.000311986
          45   -0.718064   -0.720724 0.000310854
          46   -0.718168   -0.720668 0.000309022
          47   -0.724696   -0.720754 0.000314105
          48   -0.723048   -0.720802 0.000311176
          49   -0.722184    -0.72083 0.000306102
          50   -0.721304   -0.720839 0.000300127
          51   -0.719704   -0.720817 0.000295066
          52   -0.719016   -0.720782 0.000291418
          53   -0.721784   -0.720801 0.000286531
          54   -0.719592   -0.720779 0.000282099
          55   -0.718848   -0.720744 0.000279146
          56   -0.717912   -0.720693 0.000278704
          57   -0.720664   -0.720693 0.000273815
          58   -0.722976   -0.720732 0.000271909
          59    -0.72004    -0.72072 0.000267554
          60    -0.72004   -0.720709 0.000263335
          61    -0.72232   -0.720735 0.000260338
          62   -0.722392   -0.720762 0.000257507
          63   -0.719896   -0.720748 0.000253786
          64   -0.720792   -0.720749 0.000249822
          65   -0.719736   -0.720734 0.000246464
          66   -0.719848    -0.72072 0.000243095
          67   -0.720464   -0.720716 0.000239496
          68   -0.719392   -0.720697 0.000236765
          69   -0.720736   -0.720697 0.000233334
          70   -0.717488   -0.720652 0.000234462
          71   -0.719984   -0.720642 0.000231348
          72   -0.721688   -0.720657 0.000228591
          73   -0.721296   -0.720665 0.000225627
          74   -0.724088   -0.720712 0.000227269
          75   -0.720896   -0.720714 0.000224252
          76   -0.717336    -0.72067 0.000225663
          77   -0.719768   -0.720658 0.000223036
          78    -0.72192   -0.720674 0.000220763
          79    -0.72056   -0.720673 0.000217973
          80   -0.719792   -0.720662 0.000215526
          81   -0.721224   -0.720669 0.000212977
          82   -0.720264   -0.720664 0.000210437
          83   -0.717888    -0.72063 0.000210542
          84    -0.71932   -0.720615 0.000208613
          85   -0.719896   -0.720606  0.00020633
          86   -0.717408   -0.720569 0.000207255
          87    -0.72016   -0.720564 0.000204926
          88   -0.720368   -0.720562  0.00020261
          89   -0.720144   -0.720557 0.000200388
          90   -0.719568   -0.720546 0.000198462
          91   -0.718256   -0.720521 0.000197871
          92   -0.722016   -0.720537 0.000196386
          93   -0.721704    -0.72055 0.000194675
          94   -0.716728   -0.720509 0.000196804
          95   -0.718808   -0.720491 0.000195545
          96    -0.72296   -0.720517 0.000195192
          97   -0.722632   -0.720539 0.000194393
          98   -0.721176   -0.720545 0.000192518
          99   -0.724104   -0.720581   0.0001939
         100   -0.718864   -0.720564  0.00019272
           0        -nan        -nan        -nan
           1   -0.724928   -0.724928           0
           2   -0.719888   -0.722408  0.00178191
           3   -0.719136   -0.721317  0.00148467
           4   -0.721792   -0.721436  0.00111823
           5    -0.72028   -0.721205 0.000918176
           6   -0.722496    -0.72142 0.000789963
           7   -0.720728   -0.721321 0.000683269
           8   -0.723984   -0.721654 0.000674078
           9   -0.717952   -0.721243 0.000713732
          10   -0.719384   -0.721057  0.00066612
          11   -0.721424    -0.72109   0.0006064
          12     -0.7222   -0.721183 0.000562875
          13   -0.719184   -0.721029 0.000540166
          14   -0.718528    -0.72085 0.000530299
          15   -0.718392   -0.720686 0.000519653
          16   -0.720648   -0.720684  0.00048718
          17   -0.719864   -0.720636 0.000460904
          18   -0.721072    -0.72066 0.000435935
          19   -0.721624   -0.720711 0.000415933
          20   -0.720824   -0.720716 0.000395175
          21   -0.721944   -0.720775 0.000380656
          22   -0.720072   -0.720743 0.000364692
          23   -0.725792   -0.720962 0.000409613
          24   -0.720728   -0.720953 0.000392662
          25   -0.716768   -0.720785 0.000411088
          26   -0.721984   -0.720831 0.000397854
          27   -0.724008   -0.720949 0.000400136
          28   -0.719832   -0.720909 0.000387829
          29    -0.71976    -0.72087 0.000376475
          30   -0.724376   -0.720986 0.000381639
          31   -0.716744    -0.72085   0.0003931
          32    -0.72104   -0.720855  0.00038086
          33   -0.718536   -0.720785 0.000375749
          34    -0.72024   -0.720769 0.000365039
          35    -0.72288   -0.720829 0.000359557
          36    -0.72208   -0.720864 0.000351243
          37   -0.721072    -0.72087 0.000341795
          38   -0.720056   -0.720848 0.000333471
          39   -0.718232   -0.720781   0.0003316
          40   -0.724176   -0.720866 0.000333994
