           1    0.709152    0.709152           0
           2     0.55146    0.630306   0.0557525
           3     0.64444    0.635017   0.0373669
           4    0.732812    0.659466   0.0351243
           5    0.632564    0.654086   0.0285085
           6     0.65488    0.654218   0.0237574
           7    0.584996    0.644329   0.0223269
           8    0.696144    0.650806   0.0204539
           9    0.681204    0.654184    0.018458
          10    0.662076    0.654973   0.0166291
          11    0.600388    0.650011   0.0158405
          12    0.577576    0.643974   0.0156282
          13    0.507248    0.633457    0.017613
          14    0.793532    0.644891   0.0197201
          15     0.60922    0.642513   0.0185482
          16     0.52236    0.635003   0.0188479
          17    0.724844    0.640288   0.0184653
          18    0.689996     0.64305   0.0176447
          19    0.703664     0.64624    0.017002
          20    0.721168    0.649986   0.0165595
           0        -nan        -nan        -nan
           1           0           0           0
           2           0           0           0
           3           0           0           0
           4           0           0           0
           5           0           0           0
           6           0           0           0
           7           0           0           0
           8           0           0           0
           9           0           0           0
          10           0           0           0
          11           0           0           0
          12           0           0           0
          13           0           0           0
          14           0           0           0
          15           0           0           0
          16           0           0           0
          17           0           0           0
          18           0           0           0
          19           0           0           0
          20           0           0           0
           0        -nan        -nan        -nan
           1           0           0           0
           2           0           0           0
           3           0           0           0
           4           0           0           0
           5           0           0           0
           6           0           0           0
           7           0           0           0
           8           0           0           0
           9           0           0           0
          10           0           0           0
          11           0           0           0
          12           0           0           0
          13           0           0           0
          14           0           0           0
          15           0           0           0
          16           0           0           0
          17           0           0           0
          18           0           0           0
          19           0           0           0
          20           0           0           0
           0        -nan        -nan        -nan
           1     0.64444     0.64444           0
           2    0.732812    0.688626   0.0312442
           3    0.632564    0.669939   0.0258201
           4     0.65488    0.666174   0.0196376
           5    0.584996    0.649938   0.0213935
           6    0.696144    0.657639   0.0191639
           7    0.681204    0.661006   0.0167193
           8    0.662076    0.661139   0.0146299
           9    0.600388    0.654389   0.0144781
          10    0.577576    0.646708   0.0149295
          11    0.507248     0.63403    0.018175
          12    0.793532    0.647322   0.0209647
          13     0.60922    0.644391   0.0195559
          14     0.52236    0.635674   0.0200075
          15    0.724844    0.641619   0.0195369
          16    0.689996    0.644642   0.0185483
          17    0.703664    0.648114   0.0177792
          18    0.721168    0.652173   0.0172485
          19    0.754232    0.657544   0.0171567
          20     0.69546     0.65944   0.0164032
           0        -nan        -nan        -nan
           1          -1          -1           0
           2          -1          -1           0
           3          -1          -1           0
           4          -1          -1           0
           5          -1          -1           0
           6          -1          -1           0
           7    -0.99998   -0.999997  2.6452e-06
           8   -0.999768   -0.999969 2.68927e-05
           9   -0.998136   -0.999765 0.000193449
          10          -1   -0.999788 0.000175527
          11   -0.999764   -0.999786 0.000159584
          12   -0.999988   -0.999803 0.000147169
          13          -1   -0.999818 0.000136626
          14          -1   -0.999831 0.000127483
          15   -0.999972   -0.999841  0.00011933
          16          -1   -0.999851 0.000112287
          17          -1   -0.999859 0.000106026
          18          -1   -0.999867 0.000100423
          19   -0.999184   -0.999831 0.000101369
          20          -1    -0.99984 9.66519e-05
           0        -nan        -nan        -nan
           1    0.330816    0.330816           0
           2    0.419252    0.375034   0.0312668
           3    0.429536    0.393201   0.0255838
           4    0.338744    0.379587   0.0225208
           5    0.374428    0.378555   0.0180403
           6    0.436228    0.388167   0.0174069
           7    0.237044    0.366578   0.0249423
           8    0.416964    0.372876   0.0226057
           9    0.429912    0.379214   0.0209634
          10    0.520488    0.393341   0.0231429
          11    0.184996    0.374401   0.0277267
          12    0.474664    0.382756   0.0266453
          13    0.303636     0.37667   0.0252812
          14    0.438372    0.381077   0.0238564
          15    0.575008    0.394006   0.0255301
          16    0.575104    0.405324   0.0263242
          17    0.446332    0.407737    0.024886
          18    0.442952    0.409693   0.0235802
          19     0.68958    0.424424   0.0265446
          20    0.331232    0.419764    0.025623
           0        -nan        -nan        -nan
           1     0.64444     0.64444           0
           2    0.732812    0.688626   0.0312442
           3    0.632564    0.669939   0.0258201
           4     0.65488    0.666174   0.0196376
           5    0.584996    0.649938   0.0213935
           6    0.696144    0.657639   0.0191639
           7    0.681204    0.661006   0.0167193
           8    0.662076    0.661139   0.0146299
           9    0.600388    0.654389   0.0144781
          10    0.577576    0.646708   0.0149295
          11    0.507248     0.63403    0.018175
          12    0.793532    0.647322   0.0209647
          13     0.60922    0.644391   0.0195559
          14     0.52236    0.635674   0.0200075
          15    0.724844    0.641619   0.0195369
          16    0.689996    0.644642   0.0185483
          17    0.703664    0.648114   0.0177792
          18    0.721168    0.652173   0.0172485
          19    0.754232    0.657544   0.0171567
          20     0.69546     0.65944   0.0164032
           0        -nan        -nan        -nan
           1     0.64444     0.64444           0
           2    0.732812    0.688626   0.0312442
           3    0.632564    0.669939   0.0258201
           4     0.65488    0.666174   0.0196376
           5    0.584996    0.649938   0.0213935
           6    0.696144    0.657639   0.0191639
           7    0.681204    0.661006   0.0167193
           8    0.662076    0.661139   0.0146299
           9    0.600388    0.654389   0.0144781
          10    0.577576    0.646708   0.0149295
          11    0.507248     0.63403    0.018175
          12    0.793532    0.647322   0.0209647
          13     0.60922    0.644391   0.0195559
          14     0.52236    0.635674   0.0200075
          15    0.724844    0.641619   0.0195369
          16    0.689996    0.644642   0.0185483
          17    0.703664    0.648114   0.0177792
          18    0.721168    0.652173   0.0172485
          19    0.754232    0.657544   0.0171567
          20     0.69546     0.65944   0.0164032
           0        -nan        -nan        -nan
           1    0.732812    0.732812           0
           2    0.632564    0.682688    0.035443
           3     0.65488    0.673419   0.0248112
           4    0.584996    0.651313   0.0266977
           5    0.696144    0.660279   0.0228141
           6    0.681204    0.663767   0.0192765
           7    0.662076    0.663525   0.0165242
           8    0.600388    0.655633   0.0162344
           9    0.577576     0.64696   0.0165862
          10    0.507248    0.632989   0.0199627
          11    0.793532    0.647584    0.022869
          12     0.60922    0.644387   0.0211855
          13     0.52236       0.635   0.0215352
          14    0.724844    0.641417   0.0209313
          15    0.689996    0.644656   0.0197848
          16    0.703664    0.648344   0.0188889
          17    0.721168    0.652628   0.0182571
          18    0.754232    0.658272   0.0180944
          19     0.69546     0.66023   0.0172476
          20    0.703256    0.662381   0.0165188
           0        -nan        -nan        -nan
           1    0.632564    0.632564           0
           2     0.65488    0.643722   0.0078899
           3    0.584996    0.624147   0.0168264
           4    0.696144    0.642146    0.020056
           5    0.681204    0.649958   0.0175001
           6    0.662076    0.651977   0.0146995
           7    0.600388    0.644607   0.0143285
           8    0.577576    0.636228   0.0147857
           9    0.507248    0.621897   0.0188493
          10    0.793532    0.639061   0.0235142
          11     0.60922    0.636348   0.0215324
          12     0.52236    0.626849   0.0217325
          13    0.724844    0.634387   0.0213281
          14    0.689996    0.638359   0.0201711
          15    0.703664    0.642713   0.0192905
          16    0.721168    0.647616   0.0186977
          17    0.754232    0.653888   0.0186199
          18     0.69546    0.656197   0.0177281
          19    0.703256    0.658674   0.0169672
          20    0.696096    0.660545   0.0162217
           0        -nan        -nan        -nan
           1    0.786852    0.786852           0
           2    0.528636    0.657744   0.0912931
           3     0.77972    0.698403   0.0693273
           4    0.699868    0.698769   0.0519965
           5    0.651548    0.689325   0.0424462
           6    0.510332    0.659493   0.0446407
           7    0.717576     0.66779    0.039027
           8    0.768136    0.680334   0.0361081
           9    0.530552    0.663691   0.0357261
          10    0.649184     0.66224   0.0321829
          11     0.63384    0.659659   0.0293606
          12    0.641656    0.658158   0.0269522
          13    0.622008    0.655378    0.025022
          14    0.789208    0.664937   0.0249941
          15    0.713972    0.668206   0.0235406
          16    0.535896    0.659937   0.0234769
          17    0.744336    0.664901   0.0226147
          18     0.71398    0.667628   0.0215221
          19    0.638608      0.6661   0.0204435
          20    0.780576    0.671824   0.0202067
          21    0.737352    0.674945   0.0194839
          22    0.615536    0.672244   0.0187845
          23    0.534724    0.666265   0.0188954
          24    0.711504     0.66815   0.0182019
          25     0.64342    0.667161   0.0175007
          26    0.761176    0.670777   0.0171971
          27    0.682928    0.671227    0.016566
          28    0.790428    0.675484   0.0165123
          29    0.795484    0.679622   0.0164533
          30    0.686772     0.67986   0.0159065
          31    0.675428    0.679717   0.0153941
          32    0.761276    0.682266   0.0151225
          33      0.5485    0.678212   0.0151978
          34    0.749548    0.680311   0.0148949
          35    0.785188    0.683307   0.0147677
          36    0.657844      0.6826   0.0143744
          37     0.58394    0.679933   0.0142311
          38    0.542792    0.676324   0.0143069
          39    0.624576    0.674997   0.0140014
          40     0.72394    0.676221   0.0137048
           0        -nan        -nan        -nan
           1    0.792648    0.792648           0
           2    0.635984    0.714316   0.0553891
           3    0.702628     0.71042   0.0370628
           4    0.695748    0.706752    0.027978
           5    0.681952    0.701792   0.0228179
           6      0.6994    0.701393   0.0190184
           7    0.730136    0.705499   0.0167388
           8     0.67708    0.701947   0.0150187
           9    0.855608     0.71902   0.0209126
          10    0.703248    0.717443   0.0188807
          11    0.703072    0.716137   0.0172094
          12     0.51612    0.699469   0.0224395
          13    0.601984     0.69197   0.0219306
          14     0.79794    0.699539    0.021631
          15    0.754524    0.703205   0.0204972
          16    0.686076    0.702134    0.019244
          17    0.610844    0.696764   0.0188464
          18     0.65164    0.694257   0.0179653
          19    0.511984    0.684664   0.0194129
          20    0.659064    0.683384   0.0184844
          21     0.53926    0.676521   0.0188353
          22    0.538756    0.670259   0.0189915
          23    0.834052     0.67738   0.0194553
          24    0.506708    0.670269   0.0199019
          25    0.844424    0.677235   0.0202884
          26     0.70848    0.678437   0.0195437
          27     0.72396    0.680123   0.0188924
          28    0.737924    0.682187   0.0183301
          29    0.694652    0.682617   0.0177031
          30    0.602764    0.679955   0.0173119
          31    0.660392    0.679324    0.016765
          32    0.576668    0.676116   0.0165451
          33    0.613812    0.674228   0.0161511
          34    0.763444    0.676852   0.0158878
          35    0.675356    0.676809    0.015434
          36    0.503944    0.672008   0.0157345
          37    0.747956     0.67406   0.0154425
          38     0.78698    0.677032   0.0153194
          39    0.748992    0.678877   0.0150373
          40    0.646744    0.678074   0.0146828
          41    0.700052     0.67861   0.0143345
          42    0.739852    0.680068   0.0140671
          43    0.762036    0.681974   0.0138686
          44    0.695628    0.682284   0.0135568
          45    0.699768    0.682673   0.0132611
          46    0.614052    0.681181   0.0130565
          47     0.68268    0.681213   0.0127787
          48      0.5739    0.678977   0.0127066
          49    0.652404    0.678435   0.0124588
          50    0.720212    0.679271   0.0122376
          51    0.547996    0.676697   0.0122654
          52    0.654784    0.676275   0.0120368
          53    0.684924    0.676438   0.0118108
          54    0.727516    0.677384   0.0116298
          55    0.467164    0.673562   0.0120301
          56    0.692496      0.6739     0.01182
          57    0.783416    0.675822   0.0117678
          58    0.682184    0.675931   0.0115654
          59    0.594968    0.674559   0.0114505
          60    0.619624    0.673643   0.0112962
          61    0.714992    0.674321   0.0111313
          62    0.655068    0.674011   0.0109561
          63    0.696708    0.674371   0.0107881
          64    0.518136     0.67193   0.0108923
          65    0.645084    0.671517   0.0107325
          66    0.611508    0.670608   0.0106084
          67    0.573648     0.66916   0.0105483
          68    0.839248    0.671662   0.0106856
          69     0.74058    0.672661   0.0105773
          70    0.552716    0.670947   0.0105641
          71     0.49674    0.668493   0.0106964
          72      0.5493    0.666838   0.0106752
          73    0.573144    0.665554   0.0106059
          74    0.569884    0.664262    0.010541
          75    0.657928    0.664177   0.0104008
          76     0.64152    0.663879   0.0102682
          77    0.574436    0.662717   0.0102004
          78    0.605528    0.661984   0.0100959
          79    0.660744    0.661969  0.00996814
          80    0.729748    0.662816  0.00987948
          81      0.8699    0.665372   0.0100829
          82    0.753192    0.666443   0.0100166
          83    0.546288    0.664996        0.01
          84    0.634096    0.664628  0.00988773
          85     0.68662    0.664887  0.00977479
          86    0.784084    0.666273   0.0097589
          87    0.768652    0.667449  0.00971742
          88    0.651084    0.667263  0.00960878
          89    0.613156    0.666655  0.00952002
          90    0.529552    0.665132  0.00953535
          91     0.69394    0.665449  0.00943582
          92    0.737288     0.66623  0.00936551
          93    0.704176    0.666638  0.00927369
          94    0.689332    0.666879  0.00917818
          95      0.5926    0.666097  0.00911481
          96    0.717392    0.666631  0.00903551
          97     0.72842    0.667268  0.00896479
          98     0.66028    0.667197  0.00887359
          99      0.6223    0.666744  0.00879554
         100    0.777212    0.667848  0.00877668
           0        -nan        -nan        -nan
           1    0.786852    0.786852           0
           2    0.528636    0.657744   0.0912931
           3     0.77972    0.698403   0.0693273
           4    0.699868    0.698769   0.0519965
           5    0.651548    0.689325   0.0424462
           6    0.510332    0.659493   0.0446407
           7    0.717576     0.66779    0.039027
           8    0.768136    0.680334   0.0361081
           9    0.530552    0.663691   0.0357261
          10    0.649184     0.66224   0.0321829
          11     0.63384    0.659659   0.0293606
          12    0.641656    0.658158   0.0269522
          13    0.622008    0.655378    0.025022
          14    0.789208    0.664937   0.0249941
          15    0.713972    0.668206   0.0235406
          16    0.535896    0.659937   0.0234769
          17    0.744336    0.664901   0.0226147
          18     0.71398    0.667628   0.0215221
          19    0.638608      0.6661   0.0204435
          20    0.780576    0.671824   0.0202067
          21    0.737352    0.674945   0.0194839
          22    0.615536    0.672244   0.0187845
          23    0.534724    0.666265   0.0188954
          24    0.711504     0.66815   0.0182019
          25     0.64342    0.667161   0.0175007
          26    0.761176    0.670777   0.0171971
          27    0.682928    0.671227    0.016566
          28    0.790428    0.675484   0.0165123
          29    0.795484    0.679622   0.0164533
          30    0.686772     0.67986   0.0159065
          31    0.675428    0.679717   0.0153941
          32    0.761276    0.682266   0.0151225
          33      0.5485    0.678212   0.0151978
          34    0.749548    0.680311   0.0148949
          35    0.785188    0.683307   0.0147677
          36    0.657844      0.6826   0.0143744
          37     0.58394    0.679933   0.0142311
          38    0.542792    0.676324   0.0143069
          39    0.624576    0.674997   0.0140014
          40     0.72394    0.676221   0.0137048
