           1     0.24552     0.24552           0
           2    0.209912    0.227716   0.0125893
           3    0.252572    0.236001   0.0107798
           4    0.197428    0.226358   0.0116237
           5    0.140648    0.209216   0.0179318
           6    0.235516    0.213599   0.0154696
           7    0.217512    0.214158   0.0132698
           8    0.166944    0.208256   0.0128567
           9     0.19798    0.207115   0.0114787
          10    0.197884    0.206192   0.0103679
          11    0.180452    0.203852  0.00968583
          12    0.243248    0.207135  0.00941866
          13     0.19358    0.206092  0.00875167
          14    0.192544    0.205124  0.00817987
          15    0.170488    0.202815  0.00795379
          16    0.223996    0.204139  0.00756604
          17    0.192008    0.203425  0.00715455
          18      0.1875    0.202541  0.00681156
          19      0.2153    0.203212  0.00648608
          20    0.228916    0.204497  0.00628781
           0        -nan        -nan        -nan
           1           0           0           0
           2           0           0           0
           3           0           0           0
           4           0           0           0
           5           0           0           0
           6           0           0           0
           7           0           0           0
           8           0           0           0
           9           0           0           0
          10           0           0           0
          11           0           0           0
          12           0           0           0
          13           0           0           0
          14           0           0           0
          15           0           0           0
          16           0           0           0
          17           0           0           0
          18           0           0           0
          19           0           0           0
          20           0           0           0
           0        -nan        -nan        -nan
           1           0           0           0
           2           0           0           0
           3           0           0           0
           4           0           0           0
           5           0           0           0
           6           0           0           0
           7           0           0           0
           8           0           0           0
           9           0           0           0
          10           0           0           0
          11           0           0           0
          12           0           0           0
          13           0           0           0
          14           0           0           0
          15           0           0           0
          16           0           0           0
          17           0           0           0
          18           0           0           0
          19           0           0           0
          20           0           0           0
           0        -nan        -nan        -nan
           1    0.252572    0.252572           0
           2    0.197428       0.225   0.0194963
           3    0.140648    0.196883   0.0263817
           4    0.235516    0.206541   0.0214816
           5    0.217512    0.208735    0.017297
           6    0.166944     0.20177   0.0157542
           7     0.19798    0.201229   0.0135129
           8    0.197884    0.200811   0.0118303
           9    0.180452    0.198548   0.0107299
          10    0.243248    0.203018   0.0105469
          11     0.19358     0.20216  0.00962297
          12    0.192544    0.201359  0.00885436
          13    0.170488    0.198984  0.00848573
          14    0.223996    0.200771  0.00806548
          15    0.192008    0.200187   0.0075489
          16      0.1875    0.199394  0.00711862
          17      0.2153    0.200329  0.00676109
          18    0.228916    0.201918  0.00656935
          19    0.234472    0.203631  0.00644316
          20    0.158916    0.201395  0.00649733
           0        -nan        -nan        -nan
           1    0.720672    0.720672           0
           2    0.953696    0.837184   0.0823864
           3    0.948672    0.874347   0.0627486
           4    0.844688    0.866932   0.0474975
           5    0.979628    0.889471   0.0430147
           6    0.960824    0.901363   0.0374534
           7    0.289276    0.813922   0.0870876
           8    0.983456    0.835114   0.0787378
           9    0.423072    0.789332   0.0822291
          10    0.855772    0.795976   0.0742741
          11    0.904132    0.805808   0.0681696
          12    0.472792    0.778057    0.067903
          13    0.907048    0.787979   0.0634005
          14    0.946884    0.799329   0.0598793
          15     0.97086    0.810765   0.0569688
          16    0.994588    0.822254   0.0545544
          17    0.928292    0.828491   0.0517007
          18    0.866232    0.830588   0.0488709
          19    0.726836    0.825127   0.0466029
          20    0.963824    0.832062   0.0447857
           0        -nan        -nan        -nan
           1    0.141996    0.141996           0
           2    0.131556    0.136776   0.0036911
           3     0.06302    0.112191   0.0202241
           4     0.08308    0.104913   0.0164254
           5    0.086048     0.10114   0.0135667
           6    0.095868    0.100261    0.011334
           7    0.122776    0.103478    0.010161
           8    0.122324    0.105833  0.00915991
           9    0.077868    0.102726  0.00865314
          10    0.091688    0.101622  0.00785792
          11     0.07412   0.0991222  0.00753082
          12    0.068604    0.096579  0.00732009
          13    0.074176   0.0948557   0.0069569
          14    0.116212   0.0963811  0.00662511
          15    0.103932   0.0968845  0.00620253
          16      0.1588    0.100754  0.00691748
          17     0.12492    0.102176  0.00665503
          18     0.08906    0.101447  0.00632507
          19    0.132448    0.103079  0.00619905
          20    0.088452    0.102347  0.00593208
           0        -nan        -nan        -nan
           1    0.252572    0.252572           0
           2    0.197428       0.225   0.0194963
           3    0.140648    0.196883   0.0263817
           4    0.235516    0.206541   0.0214816
           5    0.217512    0.208735    0.017297
           6    0.166944     0.20177   0.0157542
           7     0.19798    0.201229   0.0135129
           8    0.197884    0.200811   0.0118303
           9    0.180452    0.198548   0.0107299
          10    0.243248    0.203018   0.0105469
          11     0.19358     0.20216  0.00962297
          12    0.192544    0.201359  0.00885436
          13    0.170488    0.198984  0.00848573
          14    0.223996    0.200771  0.00806548
          15    0.192008    0.200187   0.0075489
          16      0.1875    0.199394  0.00711862
          17      0.2153    0.200329  0.00676109
          18    0.228916    0.201918  0.00656935
          19    0.234472    0.203631  0.00644316
          20    0.158916    0.201395  0.00649733
           0        -nan        -nan        -nan
           1    0.252572    0.252572           0
           2    0.197428       0.225   0.0194963
           3    0.140648    0.196883   0.0263817
           4    0.235516    0.206541   0.0214816
           5    0.217512    0.208735    0.017297
           6    0.166944     0.20177   0.0157542
           7     0.19798    0.201229   0.0135129
           8    0.197884    0.200811   0.0118303
           9    0.180452    0.198548   0.0107299
          10    0.243248    0.203018   0.0105469
          11     0.19358     0.20216  0.00962297
          12    0.192544    0.201359  0.00885436
          13    0.170488    0.198984  0.00848573
          14    0.223996    0.200771  0.00806548
          15    0.192008    0.200187   0.0075489
          16      0.1875    0.199394  0.00711862
          17      0.2153    0.200329  0.00676109
          18    0.228916    0.201918  0.00656935
          19    0.234472    0.203631  0.00644316
          20    0.158916    0.201395  0.00649733
           0        -nan        -nan        -nan
           1    0.197428    0.197428           0
           2    0.140648    0.169038   0.0200748
           3    0.235516    0.191197   0.0225048
           4    0.217512    0.197776   0.0178142
           5    0.166944     0.19161   0.0152814
           6     0.19798    0.192671   0.0127713
           7    0.197884    0.193416   0.0109685
           8    0.180452    0.191796  0.00971645
           9    0.243248    0.197512   0.0101807
          10     0.19358    0.197119  0.00917024
          11    0.192544    0.196703  0.00834601
          12    0.170488    0.194519  0.00793127
          13    0.223996    0.196786  0.00763843
          14    0.192008    0.196445  0.00710045
          15      0.1875    0.195849  0.00665208
          16      0.2153    0.197064  0.00634644
          17    0.228916    0.198938  0.00624357
          18    0.234472    0.200912  0.00620095
          19    0.158916    0.198702  0.00625612
          20    0.191032    0.198318  0.00595506
           0        -nan        -nan        -nan
           1    0.140648    0.140648           0
           2    0.235516    0.188082   0.0335409
           3    0.217512    0.197892   0.0237519
           4    0.166944    0.190155   0.0190324
           5     0.19798     0.19172   0.0152901
           6    0.197884    0.192747   0.0127762
           7    0.180452    0.190991   0.0110711
           8    0.243248    0.197523   0.0114533
           9     0.19358    0.197085   0.0101891
          10    0.192544    0.196631  0.00918029
          11    0.170488    0.194254  0.00864788
          12    0.223996    0.196733  0.00827478
          13    0.192008    0.196369  0.00764623
          14      0.1875    0.195736  0.00712627
          15      0.2153     0.19704  0.00676949
          16    0.228916    0.199032  0.00663308
          17    0.234472    0.201117  0.00656232
          18    0.158916    0.198772  0.00660329
          19    0.191032    0.198365   0.0062683
          20    0.159116    0.196403  0.00625454
           0        -nan        -nan        -nan
           1    0.212416    0.212416           0
           2    0.176732    0.194574   0.0126162
           3    0.173396    0.187515   0.0101963
           4    0.244624    0.201792   0.0145383
           5     0.22524    0.206482   0.0123639
           6    0.162996    0.199234   0.0122446
           7     0.24562    0.205861   0.0121569
           8    0.223572    0.208074    0.010837
           9    0.165204    0.203311   0.0106283
          10    0.215544    0.204534  0.00963565
          11    0.182316    0.202515  0.00896889
          12    0.191308    0.201581  0.00826996
          13    0.189088     0.20062  0.00768944
          14    0.190648    0.199907   0.0071731
          15    0.237732    0.202429  0.00712435
          16    0.212992    0.203089   0.0067096
          17     0.21308    0.203677   0.0063406
          18    0.211724    0.204124  0.00600409
          19    0.224236    0.205183  0.00578064
          20    0.227116    0.206279  0.00559467
          21    0.234332    0.207615  0.00548542
          22     0.17908    0.206318  0.00538724
          23    0.184652    0.205376  0.00523473
          24    0.162928    0.203607    0.005307
          25    0.154296    0.201635  0.00544896
          26     0.19646    0.201436  0.00524301
          27    0.198228    0.201317  0.00505017
          28    0.211312    0.201674  0.00488241
          29    0.213172     0.20207  0.00473012
          30    0.172192    0.201075  0.00467613
          31    0.170776    0.200097   0.0046263
          32    0.194868    0.199934  0.00448461
          33    0.251148    0.201486  0.00460943
          34    0.210348    0.201746  0.00448123
          35    0.219648    0.202258  0.00438228
          36    0.203848    0.202302  0.00426078
          37    0.155696    0.201042  0.00432781
          38     0.17018     0.20023  0.00428945
          39    0.229364    0.200977  0.00424401
          40    0.208432    0.201164    0.004142
