           1     46.7174     46.7174           0
           2     49.9722     48.3448     1.15076
           3     50.3047     48.9981    0.934388
           4     40.8967     46.9727     1.88881
           5     39.0322     45.3846     2.07387
           6     39.6572     44.4301     1.93549
           7     37.2917     43.4103     1.90883
           8       40.89     43.0953     1.69602
           9     42.9595     43.0802     1.50764
          10     42.4682      43.019     1.35812
          11     45.7194     43.2645     1.25664
          12     45.5456     43.4546     1.16621
          13     43.3369     43.4455     1.07654
          14     39.8256     43.1869     1.03023
          15     47.3887     43.4671    0.998901
          16     37.6619     43.1042     1.00019
          17     46.2448      43.289    0.958269
          18      46.226     43.4521    0.918818
          19      50.606     43.8287     0.94446
          20      45.133     43.8939    0.899485
           1     46.7174     46.7174           0
           2     49.9722     48.3448     1.15076
           3     50.3047     48.9981    0.934388
           4     40.8967     46.9727     1.88881
           5     39.0322     45.3846     2.07387
           6     39.6572     44.4301     1.93549
           7     37.2917     43.4103     1.90883
           8       40.89     43.0953     1.69602
           9     42.9595     43.0802     1.50764
          10     42.4682      43.019     1.35812
          11     45.7194     43.2645     1.25664
          12     45.5456     43.4546     1.16621
          13     43.3369     43.4455     1.07654
          14     39.8256     43.1869     1.03023
          15     47.3887     43.4671    0.998901
          16     37.6619     43.1042     1.00019
          17     46.2448      43.289    0.958269
          18      46.226     43.4521    0.918818
          19      50.606     43.8287     0.94446
          20      45.133     43.8939    0.899485
           0        -nan        -nan        -nan
           1     49.9722     49.9722           0
           2     50.3047     50.1384    0.117549
           3     40.8967     47.0579     2.51649
           4     39.0322     45.0515     2.56544
           5     39.6572     43.9726     2.26788
           6     37.2917     42.8591     2.14591
           7       40.89     42.5778      1.8577
           8     42.9595     42.6255      1.6261
           9     42.4682      42.608     1.44551
          10     45.7194     42.9192     1.33403
          11     45.5456     43.1579     1.23393
          12     43.3369     43.1729      1.1312
          13     39.8256     42.9154     1.07308
          14     47.3887     43.2349     1.04292
          15     37.6619     42.8634     1.03746
          16     46.2448     43.0747    0.993915
          17      46.226     43.2601    0.952579
          18      50.606     43.6682      0.9832
          19      45.133     43.7453    0.934471
          20     41.0017     43.6081     0.89776
           0        -nan        -nan        -nan
           1     49.9722     49.9722           0
           2     50.3047     50.1384    0.117549
           3     40.8967     47.0579     2.51649
           4     39.0322     45.0515     2.56544
           5     39.6572     43.9726     2.26788
           6     37.2917     42.8591     2.14591
           7       40.89     42.5778      1.8577
           8     42.9595     42.6255      1.6261
           9     42.4682      42.608     1.44551
          10     45.7194     42.9192     1.33403
          11     45.5456     43.1579     1.23393
          12     43.3369     43.1729      1.1312
          13     39.8256     42.9154     1.07308
          14     47.3887     43.2349     1.04292
          15     37.6619     42.8634     1.03746
          16     46.2448     43.0747    0.993915
          17      46.226     43.2601    0.952579
          18      50.606     43.6682      0.9832
          19      45.133     43.7453    0.934471
          20     41.0017     43.6081     0.89776
           0        -nan        -nan        -nan
           1     49.9722     49.9722           0
           2     50.3047     50.1384    0.117549
           3     40.8967     47.0579     2.51649
           4     39.0322     45.0515     2.56544
           5     39.6572     43.9726     2.26788
           6     37.2917     42.8591     2.14591
           7       40.89     42.5778      1.8577
           8     42.9595     42.6255      1.6261
           9     42.4682      42.608     1.44551
          10     45.7194     42.9192     1.33403
          11     45.5456     43.1579     1.23393
          12     43.3369     43.1729      1.1312
          13     39.8256     42.9154     1.07308
          14     47.3887     43.2349     1.04292
          15     37.6619     42.8634     1.03746
          16     46.2448     43.0747    0.993915
          17      46.226     43.2601    0.952579
          18      50.606     43.6682      0.9832
          19      45.133     43.7453    0.934471
          20     41.0017     43.6081     0.89776
           0        -nan        -nan        -nan
           1     83.3307     83.3307           0
           2     83.3333      83.332 0.000914525
           3     83.3264     83.3301  0.00166178
           4     83.2773     83.3169   0.0115136
           5     83.3333     83.3202    0.009667
           6     83.3333     83.3224  0.00829956
           7     83.3333      83.324  0.00725945
           8     83.3333     83.3251  0.00644588
           9     83.3314     83.3258  0.00576717
          10     83.3308     83.3263  0.00521161
          11     83.3333      83.327  0.00477664
          12     83.3333     83.3275  0.00440802
          13     83.3333     83.3279  0.00409178
          14     83.3289      83.328  0.00380008
          15     83.3333     83.3284  0.00356328
          16     83.3263     83.3282  0.00334302
          17     83.3302     83.3283  0.00314843
          18     83.3333     83.3286  0.00298567
          19     83.3333     83.3289  0.00283879
          20     83.3333     83.3291  0.00270559
           0        -nan        -nan        -nan
           1     49.9722     49.9722           0
           2     50.3047     50.1384    0.117549
           3     40.8967     47.0579     2.51649
           4     39.0322     45.0515     2.56544
           5     39.6572     43.9726     2.26788
           6     37.2917     42.8591     2.14591
           7       40.89     42.5778      1.8577
           8     42.9595     42.6255      1.6261
           9     42.4682      42.608     1.44551
          10     45.7194     42.9192     1.33403
          11     45.5456     43.1579     1.23393
          12     43.3369     43.1729      1.1312
          13     39.8256     42.9154     1.07308
          14     47.3887     43.2349     1.04292
          15     37.6619     42.8634     1.03746
          16     46.2448     43.0747    0.993915
          17      46.226     43.2601    0.952579
          18      50.606     43.6682      0.9832
          19      45.133     43.7453    0.934471
          20     41.0017     43.6081     0.89776
           0        -nan        -nan        -nan
           1     49.9722     49.9722           0
           2     50.3047     50.1384    0.117549
           3     40.8967     47.0579     2.51649
           4     39.0322     45.0515     2.56544
           5     39.6572     43.9726     2.26788
           6     37.2917     42.8591     2.14591
           7       40.89     42.5778      1.8577
           8     42.9595     42.6255      1.6261
           9     42.4682      42.608     1.44551
          10     45.7194     42.9192     1.33403
          11     45.5456     43.1579     1.23393
          12     43.3369     43.1729      1.1312
          13     39.8256     42.9154     1.07308
          14     47.3887     43.2349     1.04292
          15     37.6619     42.8634     1.03746
          16     46.2448     43.0747    0.993915
          17      46.226     43.2601    0.952579
          18      50.606     43.6682      0.9832
          19      45.133     43.7453    0.934471
          20     41.0017     43.6081     0.89776
           0        -nan        -nan        -nan
           1     49.9722     49.9722           0
           2     50.3047     50.1384    0.117549
           3     40.8967     47.0579     2.51649
           4     39.0322     45.0515     2.56544
           5     39.6572     43.9726     2.26788
           6     37.2917     42.8591     2.14591
           7       40.89     42.5778      1.8577
           8     42.9595     42.6255      1.6261
           9     42.4682      42.608     1.44551
          10     45.7194     42.9192     1.33403
          11     45.5456     43.1579     1.23393
          12     43.3369     43.1729      1.1312
          13     39.8256     42.9154     1.07308
          14     47.3887     43.2349     1.04292
          15     37.6619     42.8634     1.03746
          16     46.2448     43.0747    0.993915
          17      46.226     43.2601    0.952579
          18      50.606     43.6682      0.9832
          19      45.133     43.7453    0.934471
          20     41.0017     43.6081     0.89776
           0        -nan        -nan        -nan
           1     50.3047     50.3047           0
           2     40.8967     45.6007     3.32621
           3     39.0322     43.4112     2.84836
           4     39.6572     42.4727     2.28566
           5     37.2917     41.4365        2.05
           6       40.89     41.3454     1.71035
           7     42.9595      41.576     1.48148
           8     42.4682     41.6875     1.30048
           9     45.7194     42.1355     1.23073
          10     45.5456     42.4765     1.15393
          11     43.3369     42.5547     1.05168
          12     39.8256     42.3273    0.988322
          13     47.3887     42.7166    0.986007
          14     37.6619     42.3556    0.979455
          15     46.2448     42.6149    0.947856
          16      46.226     42.8406    0.915091
          17      50.606     43.2974    0.968584
          18      45.133     43.3993    0.920127
          19     41.0017     43.2731     0.88031
          20     39.5966     43.0893    0.855272
           0        -nan        -nan        -nan
           1     50.3047     50.3047           0
           2     40.8967     45.6007     3.32621
           3     39.0322     43.4112     2.84836
           4     39.6572     42.4727     2.28566
           5     37.2917     41.4365        2.05
           6       40.89     41.3454     1.71035
           7     42.9595      41.576     1.48148
           8     42.4682     41.6875     1.30048
           9     45.7194     42.1355     1.23073
          10     45.5456     42.4765     1.15393
          11     43.3369     42.5547     1.05168
          12     39.8256     42.3273    0.988322
          13     47.3887     42.7166    0.986007
          14     37.6619     42.3556    0.979455
          15     46.2448     42.6149    0.947856
          16      46.226     42.8406    0.915091
          17      50.606     43.2974    0.968584
          18      45.133     43.3993    0.920127
          19     41.0017     43.2731     0.88031
          20     39.5966     43.0893    0.855272
           0        -nan        -nan        -nan
           1     50.3047     50.3047           0
           2     40.8967     45.6007     3.32621
           3     39.0322     43.4112     2.84836
           4     39.6572     42.4727     2.28566
           5     37.2917     41.4365        2.05
           6       40.89     41.3454     1.71035
           7     42.9595      41.576     1.48148
           8     42.4682     41.6875     1.30048
           9     45.7194     42.1355     1.23073
          10     45.5456     42.4765     1.15393
          11     43.3369     42.5547     1.05168
          12     39.8256     42.3273    0.988322
          13     47.3887     42.7166    0.986007
          14     37.6619     42.3556    0.979455
          15     46.2448     42.6149    0.947856
          16      46.226     42.8406    0.915091
          17      50.606     43.2974    0.968584
          18      45.133     43.3993    0.920127
          19     41.0017     43.2731     0.88031
          20     39.5966     43.0893    0.855272
          21     48.1604     43.3308     0.84795
          22      45.058     43.4093    0.813033
          23      43.542     43.4151    0.777705
          24     47.4978     43.5852    0.763679
          25     43.2434     43.5715    0.733254
          26      42.303     43.5227    0.706673
          27      40.564     43.4131    0.688944
          28      41.949     43.3609     0.66632
          29     46.2559     43.4607    0.650779
          30     49.9489      43.677    0.664052
          31     43.4293      43.669    0.642679
          32     43.3054     43.6576    0.622696
          33     39.2809      43.525    0.617789
          34     42.4253     43.4926    0.600465
          35     46.7623     43.5861    0.590531
          36     43.8165     43.5925    0.574162
          37     47.7082     43.7037    0.569317
          38     43.8872     43.7085    0.554356
          39     49.2922     43.8517    0.558323
          40     35.6418     43.6464    0.580868
