           1    -0.48216    -0.48216           0
           2   -0.484328   -0.483244 0.000766504
           3   -0.483128   -0.483205 0.000511977
           4   -0.479544    -0.48229 0.000880806
           5   -0.480408   -0.481914 0.000780939
           6   -0.483752    -0.48222 0.000708345
           7    -0.48488     -0.4826 0.000701716
           8   -0.482808   -0.482626 0.000614483
           9   -0.484888   -0.482877 0.000595392
          10   -0.482392   -0.482829 0.000537828
          11   -0.480136   -0.482584 0.000541789
          12   -0.480656   -0.482423 0.000519917
          13   -0.485512   -0.482661 0.000531445
          14   -0.484864   -0.482818 0.000516257
          15   -0.484048     -0.4829 0.000488306
          16   -0.481536   -0.482815 0.000465171
          17   -0.481592   -0.482743 0.000443337
          18    -0.48252   -0.482731  0.00041888
          19   -0.481672   -0.482675 0.000400522
          20   -0.479688   -0.482526  0.00040739
           1    -0.48216    -0.48216           0
           2   -0.484328   -0.483244 0.000766504
           3   -0.483128   -0.483205 0.000511977
           4   -0.479544    -0.48229 0.000880806
           5   -0.480408   -0.481914 0.000780939
           6   -0.483752    -0.48222 0.000708345
           7    -0.48488     -0.4826 0.000701716
           8   -0.482808   -0.482626 0.000614483
           9   -0.484888   -0.482877 0.000595392
          10   -0.482392   -0.482829 0.000537828
          11   -0.480136   -0.482584 0.000541789
          12   -0.480656   -0.482423 0.000519917
          13   -0.485512   -0.482661 0.000531445
          14   -0.484864   -0.482818 0.000516257
          15   -0.484048     -0.4829 0.000488306
          16   -0.481536   -0.482815 0.000465171
          17   -0.481592   -0.482743 0.000443337
          18    -0.48252   -0.482731  0.00041888
          19   -0.481672   -0.482675 0.000400522
          20   -0.479688   -0.482526  0.00040739
           0        -nan        -nan        -nan
           1   -0.484328   -0.484328           0
           2   -0.483128   -0.483728 0.000424264
           3   -0.479544   -0.482333  0.00117334
           4   -0.480408   -0.481852 0.000973741
           5   -0.483752   -0.482232 0.000849912
           6    -0.48488   -0.482673 0.000814828
           7   -0.482808   -0.482693 0.000698651
           8   -0.484888   -0.482967  0.00066303
           9   -0.482392   -0.482903  0.00059243
          10   -0.480136   -0.482626 0.000594307
          11   -0.480656   -0.482447 0.000566631
          12   -0.485512   -0.482703  0.00057409
          13   -0.484864   -0.482869  0.00055348
          14   -0.484048   -0.482953 0.000520314
          15   -0.481536   -0.482859 0.000494129
          16   -0.481592   -0.482779 0.000469545
          17    -0.48252   -0.482764 0.000442173
          18   -0.481672   -0.482704 0.000421751
          19   -0.479688   -0.482545 0.000428377
          20   -0.485768   -0.482706  0.00043622
           0        -nan        -nan        -nan
           1   -0.484328   -0.484328           0
           2   -0.483128   -0.483728 0.000424264
           3   -0.479544   -0.482333  0.00117334
           4   -0.480408   -0.481852 0.000973741
           5   -0.483752   -0.482232 0.000849912
           6    -0.48488   -0.482673 0.000814828
           7   -0.482808   -0.482693 0.000698651
           8   -0.484888   -0.482967  0.00066303
           9   -0.482392   -0.482903  0.00059243
          10   -0.480136   -0.482626 0.000594307
          11   -0.480656   -0.482447 0.000566631
          12   -0.485512   -0.482703  0.00057409
          13   -0.484864   -0.482869  0.00055348
          14   -0.484048   -0.482953 0.000520314
          15   -0.481536   -0.482859 0.000494129
          16   -0.481592   -0.482779 0.000469545
          17    -0.48252   -0.482764 0.000442173
          18   -0.481672   -0.482704 0.000421751
          19   -0.479688   -0.482545 0.000428377
          20   -0.485768   -0.482706  0.00043622
           0        -nan        -nan        -nan
           1    -0.78172    -0.78172           0
           2   -0.787504   -0.784612  0.00204495
           3   -0.776888   -0.782037  0.00250557
           4   -0.784536   -0.782662  0.00195549
           5   -0.784168   -0.782963  0.00158742
           6    -0.78368   -0.783083  0.00132734
           7     -0.7848   -0.783328  0.00116017
           8    -0.78168   -0.783122  0.00103328
           9   -0.782664   -0.783071  0.00091972
          10   -0.778632   -0.782627 0.000928718
          11   -0.787616   -0.783081 0.000948585
          12   -0.782008   -0.782991 0.000873738
          13   -0.785696   -0.783199 0.000830929
          14   -0.775448   -0.782646 0.000938075
          15    -0.78224   -0.782619 0.000875926
          16   -0.780288   -0.782473 0.000833205
          17    -0.78328    -0.78252 0.000785544
          18   -0.783184   -0.782557 0.000742767
          19   -0.784096   -0.782638 0.000708075
          20   -0.783096   -0.782661 0.000673041
           0        -nan        -nan        -nan
           1   -0.484328   -0.484328           0
           2   -0.483128   -0.483728 0.000424264
           3   -0.479544   -0.482333  0.00117334
           4   -0.480408   -0.481852 0.000973741
           5   -0.483752   -0.482232 0.000849912
           6    -0.48488   -0.482673 0.000814828
           7   -0.482808   -0.482693 0.000698651
           8   -0.484888   -0.482967  0.00066303
           9   -0.482392   -0.482903  0.00059243
          10   -0.480136   -0.482626 0.000594307
          11   -0.480656   -0.482447 0.000566631
          12   -0.485512   -0.482703  0.00057409
          13   -0.484864   -0.482869  0.00055348
          14   -0.484048   -0.482953 0.000520314
          15   -0.481536   -0.482859 0.000494129
          16   -0.481592   -0.482779 0.000469545
          17    -0.48252   -0.482764 0.000442173
          18   -0.481672   -0.482704 0.000421751
          19   -0.479688   -0.482545 0.000428377
          20   -0.485768   -0.482706  0.00043622
           0        -nan        -nan        -nan
           1   -0.484328   -0.484328           0
           2   -0.483128   -0.483728 0.000424264
           3   -0.479544   -0.482333  0.00117334
           4   -0.480408   -0.481852 0.000973741
           5   -0.483752   -0.482232 0.000849912
           6    -0.48488   -0.482673 0.000814828
           7   -0.482808   -0.482693 0.000698651
           8   -0.484888   -0.482967  0.00066303
           9   -0.482392   -0.482903  0.00059243
          10   -0.480136   -0.482626 0.000594307
          11   -0.480656   -0.482447 0.000566631
          12   -0.485512   -0.482703  0.00057409
          13   -0.484864   -0.482869  0.00055348
          14   -0.484048   -0.482953 0.000520314
          15   -0.481536   -0.482859 0.000494129
          16   -0.481592   -0.482779 0.000469545
          17    -0.48252   -0.482764 0.000442173
          18   -0.481672   -0.482704 0.000421751
          19   -0.479688   -0.482545 0.000428377
          20   -0.485768   -0.482706  0.00043622
           0        -nan        -nan        -nan
           1   -0.484328   -0.484328           0
           2   -0.483128   -0.483728 0.000424264
           3   -0.479544   -0.482333  0.00117334
           4   -0.480408   -0.481852 0.000973741
           5   -0.483752   -0.482232 0.000849912
           6    -0.48488   -0.482673 0.000814828
           7   -0.482808   -0.482693 0.000698651
           8   -0.484888   -0.482967  0.00066303
           9   -0.482392   -0.482903  0.00059243
          10   -0.480136   -0.482626 0.000594307
          11   -0.480656   -0.482447 0.000566631
          12   -0.485512   -0.482703  0.00057409
          13   -0.484864   -0.482869  0.00055348
          14   -0.484048   -0.482953 0.000520314
          15   -0.481536   -0.482859 0.000494129
          16   -0.481592   -0.482779 0.000469545
          17    -0.48252   -0.482764 0.000442173
          18   -0.481672   -0.482704 0.000421751
          19   -0.479688   -0.482545 0.000428377
          20   -0.485768   -0.482706  0.00043622
           0        -nan        -nan        -nan
           1   -0.483128   -0.483128           0
           2   -0.479544   -0.481336  0.00126714
           3   -0.480408   -0.481027 0.000881706
           4   -0.483752   -0.481708 0.000886257
           5    -0.48488   -0.482342 0.000908108
           6   -0.482808    -0.48242 0.000760065
           7   -0.484888   -0.482773 0.000728684
           8   -0.482392   -0.482725 0.000639149
           9   -0.480136   -0.482437 0.000629549
          10   -0.480656   -0.482259 0.000591259
          11   -0.485512   -0.482555 0.000606968
          12   -0.484864   -0.482747 0.000586096
          13   -0.484048   -0.482847 0.000549485
          14   -0.481536   -0.482754 0.000518158
          15   -0.481592   -0.482676 0.000489368
          16    -0.48252   -0.482666  0.00045888
          17   -0.481672   -0.482608   0.0004356
          18   -0.479688   -0.482446 0.000440572
          19   -0.485768   -0.482621 0.000450749
          20   -0.479664   -0.482473 0.000451803
           0        -nan        -nan        -nan
           1   -0.483128   -0.483128           0
           2   -0.479544   -0.481336  0.00126714
           3   -0.480408   -0.481027 0.000881706
           4   -0.483752   -0.481708 0.000886257
           5    -0.48488   -0.482342 0.000908108
           6   -0.482808    -0.48242 0.000760065
           7   -0.484888   -0.482773 0.000728684
           8   -0.482392   -0.482725 0.000639149
           9   -0.480136   -0.482437 0.000629549
          10   -0.480656   -0.482259 0.000591259
          11   -0.485512   -0.482555 0.000606968
          12   -0.484864   -0.482747 0.000586096
          13   -0.484048   -0.482847 0.000549485
          14   -0.481536   -0.482754 0.000518158
          15   -0.481592   -0.482676 0.000489368
          16    -0.48252   -0.482666  0.00045888
          17   -0.481672   -0.482608   0.0004356
          18   -0.479688   -0.482446 0.000440572
          19   -0.485768   -0.482621 0.000450749
          20   -0.479664   -0.482473 0.000451803
           0        -nan        -nan        -nan
           1   -0.483128   -0.483128           0
           2   -0.479544   -0.481336  0.00126714
           3   -0.480408   -0.481027 0.000881706
           4   -0.483752   -0.481708 0.000886257
           5    -0.48488   -0.482342 0.000908108
           6   -0.482808    -0.48242 0.000760065
           7   -0.484888   -0.482773 0.000728684
           8   -0.482392   -0.482725 0.000639149
           9   -0.480136   -0.482437 0.000629549
          10   -0.480656   -0.482259 0.000591259
          11   -0.485512   -0.482555 0.000606968
          12   -0.484864   -0.482747 0.000586096
          13   -0.484048   -0.482847 0.000549485
          14   -0.481536   -0.482754 0.000518158
          15   -0.481592   -0.482676 0.000489368
          16    -0.48252   -0.482666  0.00045888
          17   -0.481672   -0.482608   0.0004356
          18   -0.479688   -0.482446 0.000440572
          19   -0.485768   -0.482621 0.000450749
          20   -0.479664   -0.482473 0.000451803
          21   -0.482344   -0.482467 0.000430331
          22   -0.484856   -0.482575 0.000424254
          23    -0.48344   -0.482613  0.00040747
          24   -0.481528   -0.482568 0.000392992
          25   -0.484096   -0.482629 0.000381997
          26   -0.483064   -0.482646 0.000367672
          27   -0.480632   -0.482571 0.000361538
          28   -0.482192   -0.482557  0.00034888
          29   -0.481496   -0.482521 0.000338764
          30   -0.485008   -0.482604 0.000337464
          31   -0.483776   -0.482642  0.00032869
          32   -0.480688   -0.482581 0.000324038
          33     -0.4818   -0.482557 0.000315081
          34    -0.48296   -0.482569 0.000306037
          35   -0.482912   -0.482579  0.00029745
          36   -0.483808   -0.482613 0.000291141
          37   -0.481664   -0.482587 0.000284399
          38   -0.483928   -0.482622 0.000279096
          39   -0.482616   -0.482622  0.00027194
          40   -0.483216   -0.482637 0.000265546
