           1    0.308763    0.308763           0
           2    0.317439    0.313101  0.00306732
           3    0.313553    0.313251  0.00204857
           4    0.320456    0.315053  0.00218945
           5    0.319604    0.315963  0.00193155
           6     0.30733    0.314524  0.00207754
           7    0.308413    0.313651  0.00195557
           8    0.317352    0.314114  0.00176501
           9    0.309667     0.31362  0.00163659
          10    0.314318    0.313689  0.00147442
          11    0.322632    0.314502  0.00154837
          12    0.313406    0.314411  0.00142203
          13    0.323869    0.315139  0.00148715
          14    0.320788    0.315542  0.00143462
          15    0.311616     0.31528  0.00136265
          16    0.322238    0.315715  0.00134508
          17    0.324568    0.316236  0.00136303
          18    0.311641    0.315981  0.00131099
          19    0.314695    0.315913  0.00124374
          20    0.315541    0.315894  0.00118169
           1    0.308763    0.308763           0
           2    0.317439    0.313101  0.00306732
           3    0.313553    0.313251  0.00204857
           4    0.320456    0.315053  0.00218945
           5    0.319604    0.315963  0.00193155
           6     0.30733    0.314524  0.00207754
           7    0.308413    0.313651  0.00195557
           8    0.317352    0.314114  0.00176501
           9    0.309667     0.31362  0.00163659
          10    0.314318    0.313689  0.00147442
          11    0.322632    0.314502  0.00154837
          12    0.313406    0.314411  0.00142203
          13    0.323869    0.315139  0.00148715
          14    0.320788    0.315542  0.00143462
          15    0.311616     0.31528  0.00136265
          16    0.322238    0.315715  0.00134508
          17    0.324568    0.316236  0.00136303
          18    0.311641    0.315981  0.00131099
          19    0.314695    0.315913  0.00124374
          20    0.315541    0.315894  0.00118169
           0        -nan        -nan        -nan
           1    0.317439    0.317439           0
           2    0.313553    0.315496  0.00137389
           3    0.320456    0.317149  0.00163141
           4    0.319604    0.317763  0.00133402
           5     0.30733    0.315676  0.00214993
           6    0.308413    0.314466  0.00210498
           7    0.317352    0.314878  0.00184422
           8    0.309667    0.314227   0.0017249
           9    0.314318    0.314237  0.00153328
          10    0.322632    0.315076  0.00159329
          11    0.313406    0.314924  0.00145566
          12    0.323869     0.31567   0.0015132
          13    0.320788    0.316064   0.0014471
          14    0.311616    0.315746  0.00137816
          15    0.322238    0.316179  0.00135254
          16    0.324568    0.316703  0.00136585
          17    0.311641    0.316405  0.00131757
          18    0.314695     0.31631  0.00124779
          19    0.315541     0.31627  0.00118278
          20    0.316931    0.316303   0.0011241
           0        -nan        -nan        -nan
           1    0.317439    0.317439           0
           2    0.313553    0.315496  0.00137389
           3    0.320456    0.317149  0.00163141
           4    0.319604    0.317763  0.00133402
           5     0.30733    0.315676  0.00214993
           6    0.308413    0.314466  0.00210498
           7    0.317352    0.314878  0.00184422
           8    0.309667    0.314227   0.0017249
           9    0.314318    0.314237  0.00153328
          10    0.322632    0.315076  0.00159329
          11    0.313406    0.314924  0.00145566
          12    0.323869     0.31567   0.0015132
          13    0.320788    0.316064   0.0014471
          14    0.311616    0.315746  0.00137816
          15    0.322238    0.316179  0.00135254
          16    0.324568    0.316703  0.00136585
          17    0.311641    0.316405  0.00131757
          18    0.314695     0.31631  0.00124779
          19    0.315541     0.31627  0.00118278
          20    0.316931    0.316303   0.0011241
           0        -nan        -nan        -nan
           1    0.317439    0.317439           0
           2    0.313553    0.315496  0.00137389
           3    0.320456    0.317149  0.00163141
           4    0.319604    0.317763  0.00133402
           5     0.30733    0.315676  0.00214993
           6    0.308413    0.314466  0.00210498
           7    0.317352    0.314878  0.00184422
           8    0.309667    0.314227   0.0017249
           9    0.314318    0.314237  0.00153328
          10    0.322632    0.315076  0.00159329
          11    0.313406    0.314924  0.00145566
          12    0.323869     0.31567   0.0015132
          13    0.320788    0.316064   0.0014471
          14    0.311616    0.315746  0.00137816
          15    0.322238    0.316179  0.00135254
          16    0.324568    0.316703  0.00136585
          17    0.311641    0.316405  0.00131757
          18    0.314695     0.31631  0.00124779
          19    0.315541     0.31627  0.00118278
          20    0.316931    0.316303   0.0011241
           0        -nan        -nan        -nan
           1    0.108022    0.108022           0
           2    0.102966    0.105494  0.00178777
           3    0.118197    0.109728  0.00365705
           4    0.104194    0.108345  0.00299306
           5       0.105    0.107676  0.00246807
           6    0.103161    0.106924  0.00216838
           7    0.109984    0.107361  0.00190218
           8    0.112769    0.108037  0.00178048
           9    0.101667    0.107329  0.00171755
          10    0.105704    0.107167  0.00155346
          11    0.109121    0.107344  0.00142236
          12    0.105286    0.107173  0.00131413
          13    0.111962    0.107541  0.00126363
          14     0.10178     0.10713  0.00123856
          15    0.101709    0.106768  0.00120757
          16    0.111968    0.107093  0.00117502
          17    0.109113    0.107212  0.00111189
          18    0.110802    0.107411  0.00106786
          19     0.11575     0.10785  0.00109815
          20    0.104381    0.107677  0.00105685
           0        -nan        -nan        -nan
           1    0.317439    0.317439           0
           2    0.313553    0.315496  0.00137389
           3    0.320456    0.317149  0.00163141
           4    0.319604    0.317763  0.00133402
           5     0.30733    0.315676  0.00214993
           6    0.308413    0.314466  0.00210498
           7    0.317352    0.314878  0.00184422
           8    0.309667    0.314227   0.0017249
           9    0.314318    0.314237  0.00153328
          10    0.322632    0.315076  0.00159329
          11    0.313406    0.314924  0.00145566
          12    0.323869     0.31567   0.0015132
          13    0.320788    0.316064   0.0014471
          14    0.311616    0.315746  0.00137816
          15    0.322238    0.316179  0.00135254
          16    0.324568    0.316703  0.00136585
          17    0.311641    0.316405  0.00131757
          18    0.314695     0.31631  0.00124779
          19    0.315541     0.31627  0.00118278
          20    0.316931    0.316303   0.0011241
           0        -nan        -nan        -nan
           1    0.317439    0.317439           0
           2    0.313553    0.315496  0.00137389
           3    0.320456    0.317149  0.00163141
           4    0.319604    0.317763  0.00133402
           5     0.30733    0.315676  0.00214993
           6    0.308413    0.314466  0.00210498
           7    0.317352    0.314878  0.00184422
           8    0.309667    0.314227   0.0017249
           9    0.314318    0.314237  0.00153328
          10    0.322632    0.315076  0.00159329
          11    0.313406    0.314924  0.00145566
          12    0.323869     0.31567   0.0015132
          13    0.320788    0.316064   0.0014471
          14    0.311616    0.315746  0.00137816
          15    0.322238    0.316179  0.00135254
          16    0.324568    0.316703  0.00136585
          17    0.311641    0.316405  0.00131757
          18    0.314695     0.31631  0.00124779
          19    0.315541     0.31627  0.00118278
          20    0.316931    0.316303   0.0011241
           0        -nan        -nan        -nan
           1    0.317439    0.317439           0
           2    0.313553    0.315496  0.00137389
           3    0.320456    0.317149  0.00163141
           4    0.319604    0.317763  0.00133402
           5     0.30733    0.315676  0.00214993
           6    0.308413    0.314466  0.00210498
           7    0.317352    0.314878  0.00184422
           8    0.309667    0.314227   0.0017249
           9    0.314318    0.314237  0.00153328
          10    0.322632    0.315076  0.00159329
          11    0.313406    0.314924  0.00145566
          12    0.323869     0.31567   0.0015132
          13    0.320788    0.316064   0.0014471
          14    0.311616    0.315746  0.00137816
          15    0.322238    0.316179  0.00135254
          16    0.324568    0.316703  0.00136585
          17    0.311641    0.316405  0.00131757
          18    0.314695     0.31631  0.00124779
          19    0.315541     0.31627  0.00118278
          20    0.316931    0.316303   0.0011241
           0        -nan        -nan        -nan
           1    0.313553    0.313553           0
           2    0.320456    0.317004  0.00244069
           3    0.319604    0.317871  0.00177431
           4     0.30733    0.315236  0.00264188
           5    0.308413    0.313871  0.00244055
           6    0.317352    0.314451  0.00210163
           7    0.309667    0.313768  0.00190931
           8    0.314318    0.313837  0.00167188
           9    0.322632    0.314814  0.00174856
          10    0.313406    0.314673  0.00157936
          11    0.323869    0.315509  0.00164219
          12    0.320788    0.315949  0.00156315
          13    0.311616    0.315616  0.00147801
          14    0.322238    0.316089  0.00144615
          15    0.324568    0.316654  0.00145603
          16    0.311641    0.316341  0.00139833
          17    0.314695    0.316244  0.00131943
          18    0.315541    0.316205   0.0012467
          19    0.316931    0.316243  0.00118167
          20    0.324603    0.316661  0.00119424
           0        -nan        -nan        -nan
           1    0.313553    0.313553           0
           2    0.320456    0.317004  0.00244069
           3    0.319604    0.317871  0.00177431
           4     0.30733    0.315236  0.00264188
           5    0.308413    0.313871  0.00244055
           6    0.317352    0.314451  0.00210163
           7    0.309667    0.313768  0.00190931
           8    0.314318    0.313837  0.00167188
           9    0.322632    0.314814  0.00174856
          10    0.313406    0.314673  0.00157936
          11    0.323869    0.315509  0.00164219
          12    0.320788    0.315949  0.00156315
          13    0.311616    0.315616  0.00147801
          14    0.322238    0.316089  0.00144615
          15    0.324568    0.316654  0.00145603
          16    0.311641    0.316341  0.00139833
          17    0.314695    0.316244  0.00131943
          18    0.315541    0.316205   0.0012467
          19    0.316931    0.316243  0.00118167
          20    0.324603    0.316661  0.00119424
           0        -nan        -nan        -nan
           1    0.313553    0.313553           0
           2    0.320456    0.317004  0.00244069
           3    0.319604    0.317871  0.00177431
           4     0.30733    0.315236  0.00264188
           5    0.308413    0.313871  0.00244055
           6    0.317352    0.314451  0.00210163
           7    0.309667    0.313768  0.00190931
           8    0.314318    0.313837  0.00167188
           9    0.322632    0.314814  0.00174856
          10    0.313406    0.314673  0.00157936
          11    0.323869    0.315509  0.00164219
          12    0.320788    0.315949  0.00156315
          13    0.311616    0.315616  0.00147801
          14    0.322238    0.316089  0.00144615
          15    0.324568    0.316654  0.00145603
          16    0.311641    0.316341  0.00139833
          17    0.314695    0.316244  0.00131943
          18    0.315541    0.316205   0.0012467
          19    0.316931    0.316243  0.00118167
          20    0.324603    0.316661  0.00119424
          21    0.319405    0.316792  0.00114449
          22    0.314132    0.316671  0.00109884
          23    0.312965     0.31651  0.00106281
          24    0.330685      0.3171  0.00117121
          25    0.316591     0.31708  0.00112453
          26    0.308448    0.316748  0.00112923
          27    0.320327     0.31688  0.00109516
          28    0.306728    0.316518  0.00111445
          29     0.31855    0.316588  0.00107823
          30    0.312689    0.316458  0.00105009
          31      0.3146    0.316398  0.00101792
          32    0.327024     0.31673  0.00103887
          33    0.315204    0.316684  0.00100841
          34    0.306299    0.316378  0.00102397
          35    0.314431    0.316323 0.000996223
          36    0.312977     0.31623 0.000972877
          37    0.315158    0.316201 0.000947014
          38    0.324615    0.316422 0.000947627
          39    0.314306    0.316368 0.000924881
          40    0.316174    0.316363 0.000901771
           0        -nan        -nan        -nan
           1    0.313553    0.313553           0
           2    0.320456    0.317004  0.00244069
           3    0.319604    0.317871  0.00177431
           4     0.30733    0.315236  0.00264188
           5    0.308413    0.313871  0.00244055
           6    0.317352    0.314451  0.00210163
           7    0.309667    0.313768  0.00190931
           8    0.314318    0.313837  0.00167188
           9    0.322632    0.314814  0.00174856
          10    0.313406    0.314673  0.00157936
          11    0.323869    0.315509  0.00164219
          12    0.320788    0.315949  0.00156315
          13    0.311616    0.315616  0.00147801
          14    0.322238    0.316089  0.00144615
          15    0.324568    0.316654  0.00145603
          16    0.311641    0.316341  0.00139833
          17    0.314695    0.316244  0.00131943
          18    0.315541    0.316205   0.0012467
          19    0.316931    0.316243  0.00118167
          20    0.324603    0.316661  0.00119424
          21    0.319405    0.316792  0.00114449
          22    0.314132    0.316671  0.00109884
          23    0.312965     0.31651  0.00106281
          24    0.330685      0.3171  0.00117121
          25    0.316591     0.31708  0.00112453
          26    0.308448    0.316748  0.00112923
          27    0.320327     0.31688  0.00109516
          28    0.306728    0.316518  0.00111445
          29     0.31855    0.316588  0.00107823
          30    0.312689    0.316458  0.00105009
          31      0.3146    0.316398  0.00101792
          32    0.327024     0.31673  0.00103887
          33    0.315204    0.316684  0.00100841
          34    0.306299    0.316378  0.00102397
          35    0.314431    0.316323 0.000996223
          36    0.312977     0.31623 0.000972877
          37    0.315158    0.316201 0.000947014
          38    0.324615    0.316422 0.000947627
          39    0.314306    0.316368 0.000924881
          40    0.316174    0.316363 0.000901771
          41    0.325939    0.316597 0.000909518
          42    0.323804    0.316768 0.000903907
          43    0.316648    0.316766  0.00088289
          44    0.318526    0.316806 0.000863731
          45    0.322031    0.316922 0.000852307
          46    0.324253    0.317081  0.00084855
          47    0.315746    0.317053 0.000830971
          48    0.321015    0.317135 0.000817749
          49     0.31906    0.317174 0.000802003
          50     0.32335    0.317298 0.000795417
          51    0.316063    0.317274 0.000780189
          52     0.31345      0.3172 0.000768642
          53    0.322468      0.3173  0.00076054
          54    0.310927    0.317182 0.000755557
          55    0.323537    0.317297 0.000750604
          56    0.310133    0.317169 0.000748024
          57    0.317489    0.317175 0.000734922
          58    0.322439    0.317266 0.000727833
          59    0.312123    0.317178 0.000720696
          60    0.317142    0.317178 0.000708685
          61    0.307434    0.317018 0.000714841
          62    0.323479    0.317122 0.000710867
          63    0.317254    0.317124 0.000699586
          64     0.32246    0.317208 0.000693605
          65    0.311851    0.317125 0.000687812
          66    0.318364    0.317144 0.000677647
          67    0.314801    0.317109 0.000668434
          68    0.319109    0.317139 0.000659251
          69    0.322294    0.317213 0.000653917
          70    0.325699    0.317335 0.000655717
          71     0.32341     0.31742  0.00065204
          72    0.319914    0.317455 0.000643904
          73    0.317661    0.317458 0.000635089
          74    0.318984    0.317478 0.000626842
          75    0.319215    0.317501 0.000618911
          76    0.324694    0.317596 0.000617962
          77    0.321453    0.317646 0.000611964
          78    0.322919    0.317714  0.00060784
          79    0.320148    0.317744 0.000600927
          80    0.323272    0.317814 0.000597374
          81    0.319368    0.317833 0.000590307
          82    0.310984    0.317749 0.000588987
          83     0.31378    0.317701 0.000583828
          84    0.312342    0.317638 0.000580354
          85    0.316421    0.317623 0.000573702
          86    0.315844    0.317603 0.000567404
          87    0.311919    0.317537 0.000564631
          88     0.30811     0.31743 0.000568286
          89    0.317368    0.317429 0.000561901
          90    0.322047    0.317481 0.000557995
          91    0.315299    0.317457 0.000552378
          92    0.322331     0.31751 0.000548909
          93    0.308731    0.317415 0.000551062
          94    0.317611    0.317417 0.000545204
          95    0.318679    0.317431 0.000539627
          96    0.313808    0.317393 0.000535323
          97    0.321451    0.317435 0.000531437
          98    0.312751    0.317387 0.000528159
          99    0.316477    0.317378 0.000522904
         100     0.31415    0.317346  0.00051867
           0        -nan        -nan        -nan
           1    0.313553    0.313553           0
           2    0.320456    0.317004  0.00244069
           3    0.319604    0.317871  0.00177431
           4     0.30733    0.315236  0.00264188
           5    0.308413    0.313871  0.00244055
           6    0.317352    0.314451  0.00210163
           7    0.309667    0.313768  0.00190931
           8    0.314318    0.313837  0.00167188
           9    0.322632    0.314814  0.00174856
          10    0.313406    0.314673  0.00157936
          11    0.323869    0.315509  0.00164219
          12    0.320788    0.315949  0.00156315
          13    0.311616    0.315616  0.00147801
          14    0.322238    0.316089  0.00144615
          15    0.324568    0.316654  0.00145603
          16    0.311641    0.316341  0.00139833
          17    0.314695    0.316244  0.00131943
          18    0.315541    0.316205   0.0012467
          19    0.316931    0.316243  0.00118167
          20    0.324603    0.316661  0.00119424
          21    0.319405    0.316792  0.00114449
          22    0.314132    0.316671  0.00109884
          23    0.312965     0.31651  0.00106281
          24    0.330685      0.3171  0.00117121
          25    0.316591     0.31708  0.00112453
          26    0.308448    0.316748  0.00112923
          27    0.320327     0.31688  0.00109516
          28    0.306728    0.316518  0.00111445
          29     0.31855    0.316588  0.00107823
          30    0.312689    0.316458  0.00105009
          31      0.3146    0.316398  0.00101792
          32    0.327024     0.31673  0.00103887
          33    0.315204    0.316684  0.00100841
          34    0.306299    0.316378  0.00102397
          35    0.314431    0.316323 0.000996223
          36    0.312977     0.31623 0.000972877
          37    0.315158    0.316201 0.000947014
          38    0.324615    0.316422 0.000947627
          39    0.314306    0.316368 0.000924881
          40    0.316174    0.316363 0.000901771
