           1    0.232073    0.232073           0
           2    0.230121    0.231097     0.00069
           3    0.228815    0.230336 0.000772873
           4    0.226143    0.229288  0.00107716
           5    0.234819    0.230394  0.00131213
           6    0.228939    0.230152  0.00111564
           7     0.23133     0.23032 0.000968884
           8    0.223859    0.229512  0.00113553
           9    0.229147    0.229472  0.00101008
          10    0.229778    0.229502 0.000909538
          11    0.227522    0.229322 0.000844492
          12    0.227938    0.229207 0.000781963
          13    0.229764     0.22925 0.000722984
          14    0.228817    0.229219 0.000672003
          15    0.230457    0.229301 0.000632251
          16     0.22991    0.229339 0.000593878
          17    0.227515    0.229232 0.000568561
          18    0.226862      0.2291 0.000552007
          19    0.229186    0.229105 0.000522972
          20    0.229715    0.229135 0.000497714
           1    0.232073    0.232073           0
           2    0.230121    0.231097     0.00069
           3    0.228815    0.230336 0.000772873
           4    0.226143    0.229288  0.00107716
           5    0.234819    0.230394  0.00131213
           6    0.228939    0.230152  0.00111564
           7     0.23133     0.23032 0.000968884
           8    0.223859    0.229512  0.00113553
           9    0.229147    0.229472  0.00101008
          10    0.229778    0.229502 0.000909538
          11    0.227522    0.229322 0.000844492
          12    0.227938    0.229207 0.000781963
          13    0.229764     0.22925 0.000722984
          14    0.228817    0.229219 0.000672003
          15    0.230457    0.229301 0.000632251
          16     0.22991    0.229339 0.000593878
          17    0.227515    0.229232 0.000568561
          18    0.226862      0.2291 0.000552007
          19    0.229186    0.229105 0.000522972
          20    0.229715    0.229135 0.000497714
           0        -nan        -nan        -nan
           1    0.230121    0.230121           0
           2    0.228815    0.229468 0.000461799
           3    0.226143     0.22836 0.000955932
           0        -nan        -nan        -nan
           1    0.230121    0.230121           0
           2    0.228815    0.229468 0.000461799
           3    0.226143     0.22836 0.000955932
           4    0.234819    0.229975  0.00157163
           5    0.228939    0.229767  0.00127088
           6     0.23133    0.230028  0.00108544
           7    0.223859    0.229147  0.00123744
           8    0.229147    0.229147  0.00108276
           9    0.229778    0.229217 0.000964721
          10    0.227522    0.229047 0.000883019
          11    0.227938    0.228946 0.000808488
          12    0.229764    0.229015 0.000743978
          13    0.228817    0.228999 0.000686904
          14    0.230457    0.229103  0.00064568
          15     0.22991    0.229157 0.000604869
          16    0.227515    0.229055 0.000575711
          17    0.226862    0.228926 0.000556101
          18    0.229186     0.22894 0.000525394
          19    0.229715    0.228981 0.000499324
          20    0.227924    0.228928 0.000477146
           0        -nan        -nan        -nan
           1    0.230121    0.230121           0
           2    0.228815    0.229468 0.000461799
           3    0.226143     0.22836 0.000955932
           4    0.234819    0.229975  0.00157163
           5    0.228939    0.229767  0.00127088
           6     0.23133    0.230028  0.00108544
           7    0.223859    0.229147  0.00123744
           8    0.229147    0.229147  0.00108276
           9    0.229778    0.229217 0.000964721
          10    0.227522    0.229047 0.000883019
          11    0.227938    0.228946 0.000808488
          12    0.229764    0.229015 0.000743978
          13    0.228817    0.228999 0.000686904
          14    0.230457    0.229103  0.00064568
          15     0.22991    0.229157 0.000604869
          16    0.227515    0.229055 0.000575711
          17    0.226862    0.228926 0.000556101
          18    0.229186     0.22894 0.000525394
          19    0.229715    0.228981 0.000499324
          20    0.227924    0.228928 0.000477146
           0        -nan        -nan        -nan
           1    0.114825    0.114825           0
           2    0.105157    0.109991  0.00341811
           3    0.116807    0.112263  0.00293835
           4    0.112488    0.112319  0.00220431
           5    0.107291    0.111314  0.00197962
           6    0.114251    0.111803  0.00170916
           7    0.106528     0.11105  0.00162266
           8    0.112522    0.111234  0.00143023
           9    0.111477    0.111261  0.00127157
          10    0.108111    0.110946  0.00118278
          11    0.110237    0.110881  0.00107701
          12   0.0999016    0.109966  0.00131988
          13    0.108101    0.109823  0.00122613
          14    0.107662    0.109668  0.00114822
          15    0.111777    0.109809  0.00108024
          16    0.113613    0.110047  0.00103856
          17     0.10866    0.109965 0.000980663
          18    0.107461    0.109826 0.000935999
          19    0.105361    0.109591 0.000915767
          20    0.117087    0.109966  0.00094356
           0        -nan        -nan        -nan
           1    0.230121    0.230121           0
           2    0.228815    0.229468 0.000461799
           3    0.226143     0.22836 0.000955932
           4    0.234819    0.229975  0.00157163
           5    0.228939    0.229767  0.00127088
           6     0.23133    0.230028  0.00108544
           7    0.223859    0.229147  0.00123744
           8    0.229147    0.229147  0.00108276
           9    0.229778    0.229217 0.000964721
          10    0.227522    0.229047 0.000883019
          11    0.227938    0.228946 0.000808488
          12    0.229764    0.229015 0.000743978
          13    0.228817    0.228999 0.000686904
          14    0.230457    0.229103  0.00064568
          15     0.22991    0.229157 0.000604869
          16    0.227515    0.229055 0.000575711
          17    0.226862    0.228926 0.000556101
          18    0.229186     0.22894 0.000525394
          19    0.229715    0.228981 0.000499324
          20    0.227924    0.228928 0.000477146
           0        -nan        -nan        -nan
           1    0.230121    0.230121           0
           2    0.228815    0.229468 0.000461799
           3    0.226143     0.22836 0.000955932
           4    0.234819    0.229975  0.00157163
           5    0.228939    0.229767  0.00127088
           6     0.23133    0.230028  0.00108544
           7    0.223859    0.229147  0.00123744
           8    0.229147    0.229147  0.00108276
           9    0.229778    0.229217 0.000964721
          10    0.227522    0.229047 0.000883019
          11    0.227938    0.228946 0.000808488
          12    0.229764    0.229015 0.000743978
          13    0.228817    0.228999 0.000686904
          14    0.230457    0.229103  0.00064568
          15     0.22991    0.229157 0.000604869
          16    0.227515    0.229055 0.000575711
          17    0.226862    0.228926 0.000556101
          18    0.229186     0.22894 0.000525394
          19    0.229715    0.228981 0.000499324
          20    0.227924    0.228928 0.000477146
           0        -nan        -nan        -nan
           1    0.230121    0.230121           0
           2    0.228815    0.229468 0.000461799
           3    0.226143     0.22836 0.000955932
           4    0.234819    0.229975  0.00157163
           5    0.228939    0.229767  0.00127088
           6     0.23133    0.230028  0.00108544
           7    0.223859    0.229147  0.00123744
           8    0.229147    0.229147  0.00108276
           9    0.229778    0.229217 0.000964721
          10    0.227522    0.229047 0.000883019
          11    0.227938    0.228946 0.000808488
          12    0.229764    0.229015 0.000743978
          13    0.228817    0.228999 0.000686904
          14    0.230457    0.229103  0.00064568
          15     0.22991    0.229157 0.000604869
          16    0.227515    0.229055 0.000575711
          17    0.226862    0.228926 0.000556101
          18    0.229186     0.22894 0.000525394
          19    0.229715    0.228981 0.000499324
          20    0.227924    0.228928 0.000477146
           0        -nan        -nan        -nan
           1    0.228815    0.228815           0
           2    0.226143    0.227479  0.00094473
           3    0.234819    0.229926  0.00209475
           4    0.228939    0.229679  0.00158552
           5     0.23133    0.230009  0.00130236
           6    0.223859    0.228984  0.00143299
           7    0.229147    0.229008  0.00122846
           8    0.229778    0.229104  0.00107867
           9    0.227522    0.228928 0.000973039
          10    0.227938    0.228829 0.000880762
          11    0.229764    0.228914 0.000804783
          12    0.228817    0.228906 0.000737758
          13    0.230457    0.229025 0.000690586
          14     0.22991    0.229088 0.000644144
          15    0.227515    0.228983 0.000609685
          16    0.226862    0.228851 0.000585816
          17    0.229186    0.228871 0.000551688
          18    0.229715    0.228918 0.000523031
          19    0.227924    0.228865  0.00049811
          20    0.229548    0.228899 0.000474374
           0        -nan        -nan        -nan
           1    0.228815    0.228815           0
           2    0.226143    0.227479  0.00094473
           3    0.234819    0.229926  0.00209475
           4    0.228939    0.229679  0.00158552
           5     0.23133    0.230009  0.00130236
           6    0.223859    0.228984  0.00143299
           7    0.229147    0.229008  0.00122846
           8    0.229778    0.229104  0.00107867
           9    0.227522    0.228928 0.000973039
          10    0.227938    0.228829 0.000880762
          11    0.229764    0.228914 0.000804783
          12    0.228817    0.228906 0.000737758
          13    0.230457    0.229025 0.000690586
          14     0.22991    0.229088 0.000644144
          15    0.227515    0.228983 0.000609685
          16    0.226862    0.228851 0.000585816
          17    0.229186    0.228871 0.000551688
          18    0.229715    0.228918 0.000523031
          19    0.227924    0.228865  0.00049811
          20    0.229548    0.228899 0.000474374
           0        -nan        -nan        -nan
           1    0.228815    0.228815           0
           2    0.226143    0.227479  0.00094473
           3    0.234819    0.229926  0.00209475
           4    0.228939    0.229679  0.00158552
           5     0.23133    0.230009  0.00130236
           6    0.223859    0.228984  0.00143299
           7    0.229147    0.229008  0.00122846
           8    0.229778    0.229104  0.00107867
           9    0.227522    0.228928 0.000973039
          10    0.227938    0.228829 0.000880762
          11    0.229764    0.228914 0.000804783
          12    0.228817    0.228906 0.000737758
          13    0.230457    0.229025 0.000690586
          14     0.22991    0.229088 0.000644144
          15    0.227515    0.228983 0.000609685
          16    0.226862    0.228851 0.000585816
          17    0.229186    0.228871 0.000551688
          18    0.229715    0.228918 0.000523031
          19    0.227924    0.228865  0.00049811
          20    0.229548    0.228899 0.000474374
          21    0.231696    0.229033 0.000470103
          22    0.236742    0.229383 0.000564417
          23    0.227044    0.229281  0.00054896
          24    0.235169    0.229527 0.000578315
          25    0.225888    0.229381 0.000573202
          26    0.233564    0.229542 0.000573291
          27    0.225284    0.229384 0.000573337
          28    0.225461    0.229244 0.000569721
          29    0.226551    0.229151 0.000557595
          30    0.232649    0.229268 0.000551065
          31    0.227817    0.229221 0.000535274
          32    0.227389    0.229164 0.000521599
          33    0.221591    0.228934 0.000553977
          34    0.229522    0.228952 0.000537953
          35    0.226724    0.228888 0.000526335
          36    0.226939    0.228834  0.00051449
          37    0.227939     0.22881 0.000501153
          38     0.23097    0.228867 0.000491179
          39    0.235589    0.229039 0.000507931
          40    0.226755    0.228982 0.000498431
