           1    0.022432    0.022432           0
           2     0.03114    0.026786  0.00307874
           3     0.02312    0.025564  0.00228216
           4       0.032    0.027173   0.0022071
           5    0.022096   0.0261576  0.00198556
           6    0.020612   0.0252333  0.00185734
           7    0.029276   0.0258109   0.0016794
           8    0.033588    0.026783  0.00172808
           9    0.037688   0.0279947   0.0019143
          10    0.024692   0.0276644  0.00175113
          11      0.0391    0.028704   0.0018753
          12    0.029432   0.0287647  0.00172001
          13    0.023472   0.0283575  0.00163518
          14     0.03794    0.029042  0.00165544
          15    0.024156   0.0287163   0.0015768
          16     0.02922   0.0287477  0.00147857
          17    0.035832   0.0291645  0.00144913
          18    0.035232   0.0295016  0.00140728
          19    0.027792   0.0294116  0.00133608
          20    0.023924   0.0291372  0.00129715
           0        -nan        -nan        -nan
           1           0           0           0
           2           0           0           0
           3           0           0           0
           4           0           0           0
           5           0           0           0
           6           0           0           0
           7           0           0           0
           8           0           0           0
           9           0           0           0
          10           0           0           0
          11           0           0           0
          12           0           0           0
          13           0           0           0
          14           0           0           0
          15           0           0           0
          16           0           0           0
          17           0           0           0
          18           0           0           0
          19           0           0           0
          20           0           0           0
           0        -nan        -nan        -nan
           1     0.02312     0.02312           0
           2       0.032     0.02756  0.00313955
           3    0.022096   0.0257387  0.00256755
           4    0.020612    0.024457  0.00222265
           5    0.029276   0.0254208  0.00197607
           6    0.033588    0.026782  0.00206295
           7    0.037688     0.02834  0.00228194
           8    0.024692    0.027884  0.00204175
           9      0.0391   0.0291302  0.00216202
          10    0.029432   0.0291604  0.00194603
          11    0.023472   0.0286433  0.00183654
          12     0.03794    0.029418  0.00183966
          13    0.024156   0.0290132  0.00174211
          14     0.02922    0.029028  0.00161774
          15    0.035832   0.0294816  0.00157219
          16    0.035232    0.029841  0.00151445
          17    0.027792   0.0297205  0.00143016
          18    0.023924   0.0293984  0.00138648
          19    0.036744   0.0297851  0.00136635
          20    0.040052   0.0302984  0.00139113
           0        -nan        -nan        -nan
           1    0.144416    0.144416           0
           2     0.07772    0.111068   0.0235806
           3    0.073484     0.09854   0.0187554
           4     0.11506     0.10267   0.0145141
           5    0.119016    0.105939   0.0119738
           6    0.089464    0.103193   0.0102882
           7    0.087732    0.100985  0.00905247
           8    0.053332    0.095028  0.00968434
           9    0.053404   0.0904031  0.00964966
          10    0.041496   0.0855124  0.00984637
          11    0.075372   0.0845905   0.0089943
          12    0.133108   0.0886337  0.00910829
          13    0.126252   0.0915274   0.0088554
          14     0.05764   0.0891069  0.00854728
          15    0.086264   0.0889173  0.00797956
          16       0.108     0.09011  0.00756945
          17    0.069356   0.0888892  0.00722196
          18    0.073496    0.088034  0.00687119
          19    0.055976   0.0863467  0.00671351
          20    0.061076   0.0850832  0.00649565
           0        -nan        -nan        -nan
           1     0.01116     0.01116           0
           2    0.019432    0.015296  0.00292459
           3     0.01112    0.013904  0.00225682
           4    0.015816    0.014382   0.0017425
           5    0.019156   0.0153368  0.00163479
           6    0.020912    0.016266  0.00160482
           7    0.009352   0.0152783  0.00165178
           8    0.030104   0.0171315  0.00225699
           9    0.021624   0.0176307  0.00206068
          10    0.011828   0.0170504  0.00193458
          11    0.014968   0.0168611  0.00176795
          12     0.02126   0.0172277  0.00165819
          13     0.01188   0.0168163  0.00158084
          14    0.010692   0.0163789  0.00152725
          15    0.002512   0.0154544  0.00168211
          16    0.015876   0.0154808  0.00157719
          17    0.013564    0.015368  0.00148843
          18     0.01856   0.0155453  0.00141627
          19    0.015656   0.0155512  0.00134174
          20    0.025184   0.0160328  0.00135835
           0        -nan        -nan        -nan
           1     0.02312     0.02312           0
           2       0.032     0.02756  0.00313955
           3    0.022096   0.0257387  0.00256755
           4    0.020612    0.024457  0.00222265
           5    0.029276   0.0254208  0.00197607
           6    0.033588    0.026782  0.00206295
           7    0.037688     0.02834  0.00228194
           8    0.024692    0.027884  0.00204175
           9      0.0391   0.0291302  0.00216202
          10    0.029432   0.0291604  0.00194603
          11    0.023472   0.0286433  0.00183654
          12     0.03794    0.029418  0.00183966
          13    0.024156   0.0290132  0.00174211
          14     0.02922    0.029028  0.00161774
          15    0.035832   0.0294816  0.00157219
          16    0.035232    0.029841  0.00151445
          17    0.027792   0.0297205  0.00143016
          18    0.023924   0.0293984  0.00138648
          19    0.036744   0.0297851  0.00136635
          20    0.040052   0.0302984  0.00139113
           0        -nan        -nan        -nan
           1     0.02312     0.02312           0
           2       0.032     0.02756  0.00313955
           3    0.022096   0.0257387  0.00256755
           4    0.020612    0.024457  0.00222265
           5    0.029276   0.0254208  0.00197607
           6    0.033588    0.026782  0.00206295
           7    0.037688     0.02834  0.00228194
           8    0.024692    0.027884  0.00204175
           9      0.0391   0.0291302  0.00216202
          10    0.029432   0.0291604  0.00194603
          11    0.023472   0.0286433  0.00183654
          12     0.03794    0.029418  0.00183966
          13    0.024156   0.0290132  0.00174211
          14     0.02922    0.029028  0.00161774
          15    0.035832   0.0294816  0.00157219
          16    0.035232    0.029841  0.00151445
          17    0.027792   0.0297205  0.00143016
          18    0.023924   0.0293984  0.00138648
          19    0.036744   0.0297851  0.00136635
          20    0.040052   0.0302984  0.00139113
           0        -nan        -nan        -nan
           1       0.032       0.032           0
           2    0.022096    0.027048  0.00350159
           3    0.020612   0.0249027  0.00291851
           4    0.029276    0.025996   0.0023849
           5    0.033588   0.0275144  0.00234192
           6    0.037688     0.02921  0.00249091
           7    0.024692   0.0285646  0.00221711
           8      0.0391   0.0298815  0.00229804
           9    0.029432   0.0298316  0.00204325
          10    0.023472   0.0291956  0.00193536
          11     0.03794   0.0299905  0.00191574
          12    0.024156   0.0295043  0.00181675
          13     0.02922   0.0294825  0.00167713
          14    0.035832    0.029936  0.00161749
          15    0.035232   0.0302891  0.00154772
          16    0.027792    0.030133  0.00145883
          17    0.023924   0.0297678    0.001418
          18    0.036744   0.0301553  0.00139118
          19    0.040052   0.0306762  0.00141211
          20     0.03774   0.0310294  0.00138497
           0        -nan        -nan        -nan
           1    0.022096    0.022096           0
           2    0.020612    0.021354 0.000524673
           3    0.029276   0.0239947  0.00218428
           4    0.033588    0.026393  0.00264532
           5    0.037688    0.028652  0.00292592
           6    0.024692    0.027992   0.0025116
           7      0.0391   0.0295789  0.00260633
           8    0.029432   0.0295605   0.0022806
           9    0.023472    0.028884  0.00212517
          10     0.03794   0.0297896  0.00209675
          11    0.024156   0.0292775  0.00196769
          12     0.02922   0.0292727  0.00180372
          13    0.035832   0.0297772  0.00173411
          14    0.035232   0.0301669  0.00165343
          15    0.027792   0.0300085  0.00155077
          16    0.023924   0.0296282  0.00149975
          17    0.036744   0.0300468  0.00146878
          18    0.040052   0.0306027  0.00148864
          19     0.03774   0.0309783  0.00145692
          20    0.030816   0.0309702   0.0013841
           0        -nan        -nan        -nan
           1    0.030468    0.030468           0
           2    0.040576    0.035522  0.00357372
           3     0.03166   0.0342347  0.00260404
           4    0.042536     0.03631  0.00265416
           5    0.036768   0.0364016  0.00212491
           6    0.027172   0.0348633  0.00225997
           7    0.025144   0.0334749  0.00232484
           8    0.040324    0.034331   0.0021862
           9     0.02206   0.0329676  0.00232998
          10    0.027296   0.0324004  0.00216491
          11    0.034212   0.0325651  0.00197435
          12    0.030068    0.032357  0.00182076
          13    0.038784   0.0328514  0.00174653
          14    0.030728   0.0326997  0.00162835
          15    0.030132   0.0325285  0.00152876
          16    0.030212   0.0323837  0.00144006
          17     0.02978   0.0322306  0.00136347
          18    0.038676   0.0325887  0.00133391
          19    0.031516   0.0325322   0.0012649
          20    0.028184   0.0323148  0.00122019
          21    0.026652   0.0320451  0.00119151
          22    0.034136   0.0321402  0.00114114
          23    0.032192   0.0321424  0.00109153
          24    0.027552   0.0319512  0.00106267
          25     0.03172   0.0319419   0.0010202
          26    0.028356    0.031804 0.000990245
          27    0.033356   0.0318615 0.000955236
          28    0.022624   0.0315316 0.000976431
          29    0.038244    0.031763 0.000969807
          30    0.021216   0.0314115 0.000999174
          31    0.029592   0.0313528 0.000968665
          32    0.035828   0.0314926 0.000948436
          33    0.040704   0.0317718 0.000959892
          34    0.033688   0.0318281 0.000933313
          35    0.031884   0.0318297 0.000906649
          36    0.030596   0.0317954 0.000882111
          37    0.026656   0.0316565 0.000869138
          38    0.022492   0.0314154  0.00087909
          39    0.035796   0.0315277 0.000863696
          40    0.036444   0.0316506 0.000850803
