           1    0.063192    0.063192           0
           2    0.064676    0.063934 0.000524673
           3    0.051584   0.0598173  0.00337939
           4    0.058224    0.059419  0.00255791
           5    0.062544    0.060044  0.00212131
           6    0.053464   0.0589473  0.00203155
           7    0.056124    0.058544  0.00178092
           8    0.066996   0.0596005  0.00184526
           9    0.051672   0.0587196  0.00183853
          10    0.049076   0.0577552  0.00189075
          11    0.062904   0.0582233  0.00177586
          12       0.059    0.058288  0.00162905
          13     0.04626   0.0573628  0.00174683
          14    0.062656   0.0577409  0.00166247
          15    0.062188   0.0580373  0.00157786
          16    0.058516   0.0580673  0.00147952
          17     0.05944    0.058148  0.00139469
          18    0.057448   0.0581091  0.00131775
          19    0.056048   0.0580006  0.00125286
          20    0.059956   0.0580984  0.00119402
           0        -nan        -nan        -nan
           1           0           0           0
           2           0           0           0
           3           0           0           0
           4           0           0           0
           5           0           0           0
           6           0           0           0
           7           0           0           0
           8           0           0           0
           9           0           0           0
          10           0           0           0
          11           0           0           0
          12           0           0           0
          13           0           0           0
          14           0           0           0
          15           0           0           0
          16           0           0           0
          17           0           0           0
          18           0           0           0
          19           0           0           0
          20           0           0           0
           0        -nan        -nan        -nan
           1           0           0           0
           2           0           0           0
           3           0           0           0
           4           0           0           0
           5           0           0           0
           6           0           0           0
           7           0           0           0
           8           0           0           0
           9           0           0           0
          10           0           0           0
          11           0           0           0
          12           0           0           0
          13           0           0           0
          14           0           0           0
          15           0           0           0
          16           0           0           0
          17           0           0           0
          18           0           0           0
          19           0           0           0
          20           0           0           0
           0        -nan        -nan        -nan
           1    0.051584    0.051584           0
           2    0.058224    0.054904  0.00234759
           3    0.062544   0.0574507  0.00260252
           4    0.053464    0.056454  0.00213422
           5    0.056124    0.056388  0.00170839
           6    0.066996    0.058156  0.00215213
           7    0.051672   0.0572297  0.00203428
           8    0.049076   0.0562105  0.00201924
           9    0.062904   0.0569542  0.00192698
          10       0.059   0.0571588  0.00174511
          11     0.04626    0.056168  0.00184643
          12    0.062656   0.0567087  0.00176995
          13    0.062188   0.0571302  0.00168324
          14    0.058516   0.0572291  0.00156591
          15     0.05944   0.0573765  0.00146844
          16    0.057448    0.057381  0.00137667
          17    0.056048   0.0573026  0.00129792
          18    0.059956     0.05745  0.00123416
          19    0.063432   0.0577648  0.00120869
          20    0.055748    0.057664  0.00115246
           0        -nan        -nan        -nan
           1    0.250288    0.250288           0
           2    0.327936    0.289112   0.0274527
           3    0.152528    0.243584   0.0414346
           4    0.211712    0.235616   0.0318328
           5    0.351312    0.258755   0.0328157
           6    0.220104    0.252313   0.0279715
           7     0.18864    0.243217   0.0254116
           8    0.165192    0.233464   0.0240341
           9    0.236816    0.233836   0.0213665
          10    0.266556    0.237108   0.0194788
          11    0.317028    0.244374   0.0190147
          12    0.212988    0.241758   0.0176091
          13    0.264132    0.243479   0.0163385
          14    0.312192    0.248387   0.0158915
          15    0.222756    0.246679   0.0149237
          16    0.260908    0.247568   0.0140174
          17    0.410704    0.257164   0.0161469
          18    0.217668     0.25497   0.0153982
          19     0.21048    0.252628   0.0147648
          20    0.031832    0.241589   0.0176784
           0        -nan        -nan        -nan
           1     0.02902     0.02902           0
           2    0.016148    0.022584  0.00455094
           3    0.026784    0.023984  0.00324216
           4    0.021056    0.023252  0.00251289
           5    0.045748   0.0277512   0.0044984
           6    0.030592   0.0282247   0.0037735
           7    0.028772   0.0283029  0.00323524
           8      0.0277   0.0282275  0.00283171
           9      0.0322   0.0286689  0.00255125
          10    0.025104   0.0283124  0.00232089
          11    0.023588   0.0278829  0.00214928
          12    0.022228   0.0274117  0.00202117
          13     0.01998     0.02684  0.00194486
          14    0.023872    0.026628  0.00181746
          15    0.046432   0.0279483  0.00212234
          16     0.02704   0.0278915  0.00199045
          17    0.016364   0.0272134  0.00198551
          18    0.025536   0.0271202  0.00187739
          19    0.029048   0.0272217  0.00178132
          20     0.02866   0.0272936  0.00169371
           0        -nan        -nan        -nan
           1    0.051584    0.051584           0
           2    0.058224    0.054904  0.00234759
           3    0.062544   0.0574507  0.00260252
           4    0.053464    0.056454  0.00213422
           5    0.056124    0.056388  0.00170839
           6    0.066996    0.058156  0.00215213
           7    0.051672   0.0572297  0.00203428
           8    0.049076   0.0562105  0.00201924
           9    0.062904   0.0569542  0.00192698
          10       0.059   0.0571588  0.00174511
          11     0.04626    0.056168  0.00184643
          12    0.062656   0.0567087  0.00176995
          13    0.062188   0.0571302  0.00168324
          14    0.058516   0.0572291  0.00156591
          15     0.05944   0.0573765  0.00146844
          16    0.057448    0.057381  0.00137667
          17    0.056048   0.0573026  0.00129792
          18    0.059956     0.05745  0.00123416
          19    0.063432   0.0577648  0.00120869
          20    0.055748    0.057664  0.00115246
           0        -nan        -nan        -nan
           1    0.051584    0.051584           0
           2    0.058224    0.054904  0.00234759
           3    0.062544   0.0574507  0.00260252
           4    0.053464    0.056454  0.00213422
           5    0.056124    0.056388  0.00170839
           6    0.066996    0.058156  0.00215213
           7    0.051672   0.0572297  0.00203428
           8    0.049076   0.0562105  0.00201924
           9    0.062904   0.0569542  0.00192698
          10       0.059   0.0571588  0.00174511
          11     0.04626    0.056168  0.00184643
          12    0.062656   0.0567087  0.00176995
          13    0.062188   0.0571302  0.00168324
          14    0.058516   0.0572291  0.00156591
          15     0.05944   0.0573765  0.00146844
          16    0.057448    0.057381  0.00137667
          17    0.056048   0.0573026  0.00129792
          18    0.059956     0.05745  0.00123416
          19    0.063432   0.0577648  0.00120869
          20    0.055748    0.057664  0.00115246
           0        -nan        -nan        -nan
           1    0.058224    0.058224           0
           2    0.062544    0.060384  0.00152735
           3    0.053464   0.0580773  0.00214101
           4    0.056124    0.057589  0.00166052
           5    0.066996   0.0594704  0.00214393
           6    0.051672   0.0581707  0.00214469
           7    0.049076   0.0568714  0.00219687
           8    0.062904   0.0576255   0.0020476
           9       0.059   0.0577782  0.00182577
          10     0.04626   0.0566264  0.00197335
          11    0.062656   0.0571745  0.00186853
          12    0.062188   0.0575923  0.00175891
          13    0.058516   0.0576634  0.00162504
          14     0.05944   0.0577903  0.00151392
          15    0.057448   0.0577675  0.00141316
          16    0.056048     0.05766  0.00132892
          17    0.059956   0.0577951  0.00125759
          18    0.063432   0.0581082   0.0012261
          19    0.055748    0.057984  0.00116784
          20    0.058484    0.058009  0.00110972
           0        -nan        -nan        -nan
           1    0.062544    0.062544           0
           2    0.053464    0.058004  0.00321026
           3    0.056124   0.0573773  0.00220049
           4    0.066996    0.059782  0.00265717
           5    0.051672     0.05816  0.00257361
           6    0.049076    0.056646  0.00255143
           7    0.062904     0.05754  0.00233832
           8       0.059   0.0577225  0.00205314
           9     0.04626   0.0564489  0.00218461
          10    0.062656   0.0570696  0.00205244
          11    0.062188   0.0575349  0.00191787
          12    0.058516   0.0576167  0.00175979
          13     0.05944   0.0577569     0.00163
          14    0.057448   0.0577349  0.00151372
          15    0.056048   0.0576224  0.00141698
          16    0.059956   0.0577683   0.0013359
          17    0.063432   0.0581014   0.0012982
          18    0.055748   0.0579707  0.00123264
          19    0.058484   0.0579977  0.00116806
          20     0.02948   0.0565718  0.00177844
           0        -nan        -nan        -nan
           1    0.057648    0.057648           0
           2     0.06844    0.063044  0.00381555
           3    0.057328   0.0611387  0.00298171
           4    0.070704     0.06353  0.00304792
           5    0.065624   0.0639488  0.00246694
           6    0.062892   0.0637727  0.00206206
           7    0.055856   0.0626417  0.00205434
           8    0.060052    0.062318  0.00182288
           9    0.055364   0.0615453  0.00177656
          10    0.061672    0.061558  0.00159895
          11    0.057032   0.0611465   0.0015056
          12    0.052944    0.060463  0.00152744
          13    0.061316   0.0605286  0.00141135
          14    0.052304   0.0599411  0.00142758
          15    0.051284    0.059364  0.00144437
          16    0.035328   0.0578618  0.00198728
          17    0.073484   0.0587807  0.00207199
          18    0.054276   0.0585304  0.00197193
          19    0.054184   0.0583017  0.00188137
          20     0.03926   0.0573496  0.00201385
          21    0.049784   0.0569893  0.00194991
          22    0.049596   0.0566533  0.00189001
          23    0.068888   0.0571852  0.00188121
          24    0.047092   0.0567647  0.00184924
          25    0.059132   0.0568594  0.00177769
          26    0.062176   0.0570638  0.00172104
          27     0.05182   0.0568696  0.00166822
          28    0.051652   0.0566833  0.00161901
          29    0.067828   0.0570676  0.00160815
          30     0.05628   0.0570413  0.00155476
          31     0.05646   0.0570226  0.00150472
          32     0.05294    0.056895  0.00146309
          33    0.072244   0.0573601  0.00149086
          34    0.050936   0.0571712  0.00145893
          35    0.051628   0.0570128  0.00142582
          36    0.070624   0.0573909  0.00143547
          37    0.058404   0.0574183  0.00139693
          38    0.056976   0.0574066  0.00136022
          39    0.071228    0.057761  0.00137073
          40     0.05372     0.05766  0.00134018
           0        -nan        -nan        -nan
           1      0.0652      0.0652           0
           2    0.072492    0.068846  0.00257811
           3    0.063668     0.06712  0.00222264
           4    0.051284    0.063161  0.00381236
           5     0.06014   0.0625568   0.0030974
           6    0.058932   0.0619527  0.00263942
           7    0.052568    0.060612  0.00258048
           8    0.056112   0.0600495  0.00231842
           9     0.08892   0.0632573  0.00365976
          10     0.06358   0.0632896  0.00329392
          11    0.073856   0.0642502  0.00313141
          12    0.031596    0.061529   0.0038765
          13    0.054148   0.0609612  0.00361965
          14     0.06176   0.0610183  0.00336155
          15    0.066532   0.0613859  0.00315748
          16    0.064104   0.0615557  0.00296471
          17    0.059504   0.0614351  0.00279277
          18    0.047848   0.0606802  0.00273773
          19     0.04804   0.0600149  0.00267324
          20    0.051376    0.059583  0.00257424
          21    0.073812   0.0602606  0.00253927
          22     0.06062   0.0602769   0.0024239
          23    0.057984   0.0601772  0.00232056
          24    0.046996    0.059628  0.00228794
          25     0.06316   0.0597693  0.00220078
          26    0.046704   0.0592668  0.00217275
          27    0.087708   0.0603201  0.00233369
          28    0.070396     0.06068  0.00227792
          29     0.05194   0.0603786  0.00221922
          30    0.049288   0.0600089  0.00217582
          31    0.052716   0.0597737  0.00211831
          32    0.040388   0.0591679  0.00213699
          33    0.057256   0.0591099  0.00207301
          34    0.066508   0.0593275  0.00202343
          35     0.06028   0.0593547   0.0019658
          36    0.066892   0.0595641  0.00192231
          37    0.063192   0.0596622  0.00187286
          38    0.055612   0.0595556   0.0018266
          39    0.054556   0.0594274  0.00178426
          40    0.040772    0.058961  0.00179957
          41    0.066832    0.059153  0.00176589
          42    0.048164   0.0588913  0.00174312
          43    0.056364   0.0588326  0.00170358
          44    0.070248    0.059092   0.0016845
          45    0.054356   0.0589868  0.00165035
          46     0.06002   0.0590092  0.00161462
          47    0.054072   0.0589042  0.00158368
          48     0.07244   0.0591862   0.0015756
          49    0.074416    0.059497   0.0015738
          50     0.05566   0.0594202  0.00154419
          51    0.037268   0.0589859  0.00157382
          52    0.071152   0.0592198  0.00156085
          53    0.062584   0.0592833  0.00153269
          54      0.0605   0.0593059  0.00150447
          55    0.042508   0.0590004   0.0015078
          56    0.053104   0.0588951  0.00148454
          57    0.073064   0.0591437  0.00147916
          58    0.051876   0.0590184  0.00145896
          59    0.050044   0.0588663  0.00144214
          60    0.049756   0.0587145  0.00142607
          61    0.069848    0.058897  0.00141433
          62    0.053492   0.0588098   0.0013942
          63    0.051212   0.0586892  0.00137728
          64    0.069532   0.0588586  0.00136614
          65    0.063036   0.0589229  0.00134663
          66     0.05154    0.058811  0.00133086
          67     0.06468   0.0588986  0.00131388
          68    0.068208   0.0590355  0.00130167
          69    0.067864   0.0591635  0.00128908
          70    0.050208   0.0590355    0.001277
          71    0.068004   0.0591619  0.00126524
          72    0.051308   0.0590528  0.00125236
          73    0.053704   0.0589795  0.00123735
          74    0.053776   0.0589092  0.00122263
          75    0.067272   0.0590207   0.0012114
          76    0.070944   0.0591776  0.00120557
          77    0.064544   0.0592473  0.00119193
          78    0.057336   0.0592228   0.0011769
          79    0.041744   0.0590015  0.00118262
          80    0.047984   0.0588638  0.00117583
          81     0.06942   0.0589941  0.00116851
          82    0.066756   0.0590888  0.00115809
          83     0.02984   0.0587364  0.00119655
          84    0.039116   0.0585028  0.00120489
          85     0.05732   0.0584889  0.00119079
          86    0.071212   0.0586368   0.0011861
          87    0.050412   0.0585423  0.00117623
          88    0.067092   0.0586395  0.00116687
          89    0.057236   0.0586237  0.00115386
          90    0.055388   0.0585877   0.0011416
          91     0.06014   0.0586048  0.00112918
          92      0.0585   0.0586037  0.00111691
          93    0.073216   0.0587608   0.0011159
          94    0.059504   0.0587687  0.00110406
          95    0.043004   0.0586027  0.00110483
          96    0.067848    0.058699  0.00109752
          97    0.046736   0.0585757  0.00109311
          98    0.046456    0.058452  0.00108893
          99    0.048208   0.0583486  0.00108283
         100    0.072228   0.0584874  0.00108086
           0        -nan        -nan        -nan
           1    0.057648    0.057648           0
           2     0.06844    0.063044  0.00381555
           3    0.057328   0.0611387  0.00298171
           4    0.070704     0.06353  0.00304792
           5    0.065624   0.0639488  0.00246694
           6    0.062892   0.0637727  0.00206206
           7    0.055856   0.0626417  0.00205434
           8    0.060052    0.062318  0.00182288
           9    0.055364   0.0615453  0.00177656
          10    0.061672    0.061558  0.00159895
          11    0.057032   0.0611465   0.0015056
          12    0.052944    0.060463  0.00152744
          13    0.061316   0.0605286  0.00141135
          14    0.052304   0.0599411  0.00142758
          15    0.051284    0.059364  0.00144437
          16    0.035328   0.0578618  0.00198728
          17    0.073484   0.0587807  0.00207199
          18    0.054276   0.0585304  0.00197193
          19    0.054184   0.0583017  0.00188137
          20     0.03926   0.0573496  0.00201385
          21    0.049784   0.0569893  0.00194991
          22    0.049596   0.0566533  0.00189001
          23    0.068888   0.0571852  0.00188121
          24    0.047092   0.0567647  0.00184924
          25    0.059132   0.0568594  0.00177769
          26    0.062176   0.0570638  0.00172104
          27     0.05182   0.0568696  0.00166822
          28    0.051652   0.0566833  0.00161901
          29    0.067828   0.0570676  0.00160815
          30     0.05628   0.0570413  0.00155476
          31     0.05646   0.0570226  0.00150472
          32     0.05294    0.056895  0.00146309
          33    0.072244   0.0573601  0.00149086
          34    0.050936   0.0571712  0.00145893
          35    0.051628   0.0570128  0.00142582
          36    0.070624   0.0573909  0.00143547
          37    0.058404   0.0574183  0.00139693
          38    0.056976   0.0574066  0.00136022
          39    0.071228    0.057761  0.00137073
          40     0.05372     0.05766  0.00134018
