           1   -0.527912   -0.527912           0
           2   -0.531064   -0.529488   0.0011144
           3   -0.527096   -0.528691 0.000987814
           4   -0.525696   -0.527942 0.000984505
           5    -0.52676   -0.527706 0.000815493
           6   -0.529048   -0.527929 0.000709605
           7     -0.5318   -0.528482 0.000794999
           8   -0.528656   -0.528504 0.000695921
           9   -0.529704   -0.528637  0.00063124
          10   -0.527552   -0.528529 0.000577371
          11   -0.526056   -0.528304 0.000566959
          12   -0.526944   -0.528191 0.000530919
          13   -0.528496   -0.528214 0.000490599
          14   -0.530912   -0.528407 0.000491948
          15   -0.529616   -0.528487 0.000465709
          16   -0.526752   -0.528379 0.000449056
          17   -0.524664    -0.52816 0.000472833
          18   -0.526472   -0.528067 0.000455775
          19   -0.528928   -0.528112 0.000434035
          20   -0.525664    -0.52799 0.000429245
           1   -0.527912   -0.527912           0
           2   -0.531064   -0.529488   0.0011144
           3   -0.527096   -0.528691 0.000987814
           4   -0.525696   -0.527942 0.000984505
           5    -0.52676   -0.527706 0.000815493
           6   -0.529048   -0.527929 0.000709605
           7     -0.5318   -0.528482 0.000794999
           8   -0.528656   -0.528504 0.000695921
           9   -0.529704   -0.528637  0.00063124
          10   -0.527552   -0.528529 0.000577371
          11   -0.526056   -0.528304 0.000566959
          12   -0.526944   -0.528191 0.000530919
          13   -0.528496   -0.528214 0.000490599
          14   -0.530912   -0.528407 0.000491948
          15   -0.529616   -0.528487 0.000465709
          16   -0.526752   -0.528379 0.000449056
          17   -0.524664    -0.52816 0.000472833
          18   -0.526472   -0.528067 0.000455775
          19   -0.528928   -0.528112 0.000434035
          20   -0.525664    -0.52799 0.000429245
           0        -nan        -nan        -nan
           1   -0.531064   -0.531064           0
           2   -0.527096    -0.52908   0.0014029
           3   -0.525696   -0.527952  0.00131262
           4    -0.52676   -0.527654  0.00101773
           5   -0.529048   -0.527933 0.000851518
           6     -0.5318   -0.528577   0.0009218
           7   -0.528656   -0.528589 0.000790183
           8   -0.529704   -0.528728 0.000703604
           9   -0.527552   -0.528597 0.000637443
          10   -0.526056   -0.528343 0.000622299
          11   -0.526944   -0.528216  0.00057858
          12   -0.528496   -0.528239 0.000530835
          13   -0.530912   -0.528445 0.000528316
          14   -0.529616   -0.528529 0.000497157
          15   -0.526752    -0.52841 0.000477913
          16   -0.524664   -0.528176  0.00050213
          17   -0.526472   -0.528076 0.000482494
          18   -0.528928   -0.528123 0.000458006
          19   -0.525664   -0.527994 0.000451818
          20   -0.526792   -0.527934 0.000433204
           0        -nan        -nan        -nan
           1   -0.531064   -0.531064           0
           2   -0.527096    -0.52908   0.0014029
           3   -0.525696   -0.527952  0.00131262
           4    -0.52676   -0.527654  0.00101773
           5   -0.529048   -0.527933 0.000851518
           6     -0.5318   -0.528577   0.0009218
           7   -0.528656   -0.528589 0.000790183
           8   -0.529704   -0.528728 0.000703604
           9   -0.527552   -0.528597 0.000637443
          10   -0.526056   -0.528343 0.000622299
          11   -0.526944   -0.528216  0.00057858
          12   -0.528496   -0.528239 0.000530835
          13   -0.530912   -0.528445 0.000528316
          14   -0.529616   -0.528529 0.000497157
          15   -0.526752    -0.52841 0.000477913
          16   -0.524664   -0.528176  0.00050213
          17   -0.526472   -0.528076 0.000482494
          18   -0.528928   -0.528123 0.000458006
          19   -0.525664   -0.527994 0.000451818
          20   -0.526792   -0.527934 0.000433204
           0        -nan        -nan        -nan
           1   -0.531064   -0.531064           0
           2   -0.527096    -0.52908   0.0014029
           3   -0.525696   -0.527952  0.00131262
           4    -0.52676   -0.527654  0.00101773
           5   -0.529048   -0.527933 0.000851518
           6     -0.5318   -0.528577   0.0009218
           7   -0.528656   -0.528589 0.000790183
           8   -0.529704   -0.528728 0.000703604
           9   -0.527552   -0.528597 0.000637443
          10   -0.526056   -0.528343 0.000622299
          11   -0.526944   -0.528216  0.00057858
          12   -0.528496   -0.528239 0.000530835
          13   -0.530912   -0.528445 0.000528316
          14   -0.529616   -0.528529 0.000497157
          15   -0.526752    -0.52841 0.000477913
          16   -0.524664   -0.528176  0.00050213
          17   -0.526472   -0.528076 0.000482494
          18   -0.528928   -0.528123 0.000458006
          19   -0.525664   -0.527994 0.000451818
          20   -0.526792   -0.527934 0.000433204
           0        -nan        -nan        -nan
           1   -0.829024   -0.829024           0
           2   -0.828984   -0.829004 1.41421e-05
           3   -0.823048   -0.827019  0.00162105
           4   -0.825216   -0.826568  0.00127689
           5    -0.82796   -0.826846  0.00105143
           6   -0.825168   -0.826567 0.000912642
           7   -0.830736   -0.827162 0.000957089
           8    -0.82792   -0.827257 0.000842126
           9   -0.824976   -0.827004  0.00078577
          10    -0.82436   -0.826739 0.000750345
          11   -0.831488   -0.827171 0.000796701
          12   -0.826904   -0.827149  0.00073062
          13   -0.832904   -0.827591 0.000797347
          14   -0.821128    -0.82713  0.00086377
          15   -0.826296   -0.827074 0.000807971
          16   -0.825856   -0.826998 0.000761052
          17   -0.822144   -0.826712 0.000767981
          18   -0.828824    -0.82683 0.000734219
          19   -0.824456   -0.826705 0.000706126
          20   -0.828008    -0.82677 0.000673819
           0        -nan        -nan        -nan
           1   -0.531064   -0.531064           0
           2   -0.527096    -0.52908   0.0014029
           3   -0.525696   -0.527952  0.00131262
           4    -0.52676   -0.527654  0.00101773
           5   -0.529048   -0.527933 0.000851518
           6     -0.5318   -0.528577   0.0009218
           7   -0.528656   -0.528589 0.000790183
           8   -0.529704   -0.528728 0.000703604
           9   -0.527552   -0.528597 0.000637443
          10   -0.526056   -0.528343 0.000622299
          11   -0.526944   -0.528216  0.00057858
          12   -0.528496   -0.528239 0.000530835
          13   -0.530912   -0.528445 0.000528316
          14   -0.529616   -0.528529 0.000497157
          15   -0.526752    -0.52841 0.000477913
          16   -0.524664   -0.528176  0.00050213
          17   -0.526472   -0.528076 0.000482494
          18   -0.528928   -0.528123 0.000458006
          19   -0.525664   -0.527994 0.000451818
          20   -0.526792   -0.527934 0.000433204
           0        -nan        -nan        -nan
           1   -0.531064   -0.531064           0
           2   -0.527096    -0.52908   0.0014029
           3   -0.525696   -0.527952  0.00131262
           4    -0.52676   -0.527654  0.00101773
           5   -0.529048   -0.527933 0.000851518
           6     -0.5318   -0.528577   0.0009218
           7   -0.528656   -0.528589 0.000790183
           8   -0.529704   -0.528728 0.000703604
           9   -0.527552   -0.528597 0.000637443
          10   -0.526056   -0.528343 0.000622299
          11   -0.526944   -0.528216  0.00057858
          12   -0.528496   -0.528239 0.000530835
          13   -0.530912   -0.528445 0.000528316
          14   -0.529616   -0.528529 0.000497157
          15   -0.526752    -0.52841 0.000477913
          16   -0.524664   -0.528176  0.00050213
          17   -0.526472   -0.528076 0.000482494
          18   -0.528928   -0.528123 0.000458006
          19   -0.525664   -0.527994 0.000451818
          20   -0.526792   -0.527934 0.000433204
           0        -nan        -nan        -nan
           1   -0.531064   -0.531064           0
           2   -0.527096    -0.52908   0.0014029
           3   -0.525696   -0.527952  0.00131262
           4    -0.52676   -0.527654  0.00101773
           5   -0.529048   -0.527933 0.000851518
           6     -0.5318   -0.528577   0.0009218
           7   -0.528656   -0.528589 0.000790183
           8   -0.529704   -0.528728 0.000703604
           9   -0.527552   -0.528597 0.000637443
          10   -0.526056   -0.528343 0.000622299
          11   -0.526944   -0.528216  0.00057858
          12   -0.528496   -0.528239 0.000530835
          13   -0.530912   -0.528445 0.000528316
          14   -0.529616   -0.528529 0.000497157
          15   -0.526752    -0.52841 0.000477913
          16   -0.524664   -0.528176  0.00050213
          17   -0.526472   -0.528076 0.000482494
          18   -0.528928   -0.528123 0.000458006
          19   -0.525664   -0.527994 0.000451818
          20   -0.526792   -0.527934 0.000433204
           0        -nan        -nan        -nan
           1   -0.527096   -0.527096           0
           2   -0.525696   -0.526396 0.000494975
           3    -0.52676   -0.526517 0.000344534
           4   -0.529048    -0.52715 0.000605781
           5     -0.5318    -0.52808 0.000962695
           6   -0.528656   -0.528176 0.000807018
           7   -0.529704   -0.528394 0.000720647
           8   -0.527552   -0.528289 0.000638211
           9   -0.526056   -0.528041 0.000613634
          10   -0.526944   -0.527931 0.000561989
          11   -0.528496   -0.527983 0.000513239
          12   -0.530912   -0.528227 0.000525329
          13   -0.529616   -0.528334  0.00049567
          14   -0.526752   -0.528221 0.000472963
          15   -0.524664   -0.527983 0.000497326
          16   -0.526472   -0.527889  0.00047513
          17   -0.528928    -0.52795 0.000451095
          18   -0.525664   -0.527823 0.000443554
          19   -0.526792   -0.527769 0.000423516
          20   -0.527192    -0.52774 0.000403321
           0        -nan        -nan        -nan
           1   -0.527096   -0.527096           0
           2   -0.525696   -0.526396 0.000494975
           3    -0.52676   -0.526517 0.000344534
           4   -0.529048    -0.52715 0.000605781
           5     -0.5318    -0.52808 0.000962695
           6   -0.528656   -0.528176 0.000807018
           7   -0.529704   -0.528394 0.000720647
           8   -0.527552   -0.528289 0.000638211
           9   -0.526056   -0.528041 0.000613634
          10   -0.526944   -0.527931 0.000561989
          11   -0.528496   -0.527983 0.000513239
          12   -0.530912   -0.528227 0.000525329
          13   -0.529616   -0.528334  0.00049567
          14   -0.526752   -0.528221 0.000472963
          15   -0.524664   -0.527983 0.000497326
          16   -0.526472   -0.527889  0.00047513
          17   -0.528928    -0.52795 0.000451095
          18   -0.525664   -0.527823 0.000443554
          19   -0.526792   -0.527769 0.000423516
          20   -0.527192    -0.52774 0.000403321
           0        -nan        -nan        -nan
           1   -0.527096   -0.527096           0
           2   -0.525696   -0.526396 0.000494975
           3    -0.52676   -0.526517 0.000344534
           4   -0.529048    -0.52715 0.000605781
           5     -0.5318    -0.52808 0.000962695
           6   -0.528656   -0.528176 0.000807018
           7   -0.529704   -0.528394 0.000720647
           8   -0.527552   -0.528289 0.000638211
           9   -0.526056   -0.528041 0.000613634
          10   -0.526944   -0.527931 0.000561989
          11   -0.528496   -0.527983 0.000513239
          12   -0.530912   -0.528227 0.000525329
          13   -0.529616   -0.528334  0.00049567
          14   -0.526752   -0.528221 0.000472963
          15   -0.524664   -0.527983 0.000497326
          16   -0.526472   -0.527889  0.00047513
          17   -0.528928    -0.52795 0.000451095
          18   -0.525664   -0.527823 0.000443554
          19   -0.526792   -0.527769 0.000423516
          20   -0.527192    -0.52774 0.000403321
          21   -0.525968   -0.527656 0.000392843
          22   -0.529616   -0.527745  0.00038496
          23    -0.52684   -0.527705 0.000370227
          24   -0.525792   -0.527626 0.000363283
          25   -0.528856   -0.527675 0.000352069
          26   -0.529376    -0.52774 0.000344554
          27   -0.527144   -0.527718   0.0003325
          28   -0.528168   -0.527734 0.000321013
          29   -0.529296   -0.527788 0.000314428
          30   -0.529544   -0.527847 0.000309346
          31   -0.531392   -0.527961  0.00031981
          32   -0.527016   -0.527932 0.000311177
          33   -0.528832   -0.527959 0.000302941
          34   -0.530832   -0.528043  0.00030559
          35   -0.530048   -0.528101 0.000302179
          36   -0.530888   -0.528178 0.000303543
          37   -0.529176   -0.528205 0.000296536
          38   -0.529848   -0.528248 0.000291867
          39   -0.529288   -0.528275 0.000285599
          40   -0.529448   -0.528304  0.00027996
           0        -nan        -nan        -nan
           1   -0.527096   -0.527096           0
           2   -0.525696   -0.526396 0.000494975
           3    -0.52676   -0.526517 0.000344534
           4   -0.529048    -0.52715 0.000605781
           5     -0.5318    -0.52808 0.000962695
           6   -0.528656   -0.528176 0.000807018
           7   -0.529704   -0.528394 0.000720647
           8   -0.527552   -0.528289 0.000638211
           9   -0.526056   -0.528041 0.000613634
          10   -0.526944   -0.527931 0.000561989
          11   -0.528496   -0.527983 0.000513239
          12   -0.530912   -0.528227 0.000525329
          13   -0.529616   -0.528334  0.00049567
          14   -0.526752   -0.528221 0.000472963
          15   -0.524664   -0.527983 0.000497326
          16   -0.526472   -0.527889  0.00047513
          17   -0.528928    -0.52795 0.000451095
          18   -0.525664   -0.527823 0.000443554
          19   -0.526792   -0.527769 0.000423516
          20   -0.527192    -0.52774 0.000403321
          21   -0.525968   -0.527656 0.000392843
          22   -0.529616   -0.527745  0.00038496
          23    -0.52684   -0.527705 0.000370227
          24   -0.525792   -0.527626 0.000363283
          25   -0.528856   -0.527675 0.000352069
          26   -0.529376    -0.52774 0.000344554
          27   -0.527144   -0.527718   0.0003325
          28   -0.528168   -0.527734 0.000321013
          29   -0.529296   -0.527788 0.000314428
          30   -0.529544   -0.527847 0.000309346
          31   -0.531392   -0.527961  0.00031981
          32   -0.527016   -0.527932 0.000311177
          33   -0.528832   -0.527959 0.000302941
          34   -0.530832   -0.528043  0.00030559
          35   -0.530048   -0.528101 0.000302179
          36   -0.530888   -0.528178 0.000303543
          37   -0.529176   -0.528205 0.000296536
          38   -0.529848   -0.528248 0.000291867
          39   -0.529288   -0.528275 0.000285599
          40   -0.529448   -0.528304  0.00027996
          41   -0.530776   -0.528364 0.000279548
          42   -0.527936   -0.528354 0.000273078
          43   -0.527472   -0.528334 0.000267497
          44   -0.527752   -0.528321 0.000261744
          45   -0.529592   -0.528349 0.000257448
          46   -0.526832   -0.528316 0.000253954
          47   -0.525992   -0.528266 0.000253319
          48   -0.528552   -0.528272 0.000248111
          49   -0.523896   -0.528183 0.000258623
          50   -0.528408   -0.528188  0.00025349
          51    -0.52808   -0.528185 0.000248528
          52   -0.524496   -0.528114 0.000253674
          53   -0.528224   -0.528117 0.000248897
          54   -0.526912   -0.528094 0.000245285
          55   -0.530192   -0.528132 0.000243773
          56   -0.527632   -0.528123 0.000239583
          57    -0.52608   -0.528088 0.000238047
          58   -0.528424   -0.528093 0.000234013
          59   -0.529056    -0.52811 0.000230615
          60    -0.53096   -0.528157 0.000231613
          61    -0.53076     -0.5282 0.000231713
          62   -0.527848   -0.528194 0.000228045
          63   -0.530352   -0.528228 0.000226983
          64   -0.529888   -0.528254 0.000224912
          65   -0.528648    -0.52826 0.000221534
          66    -0.52624    -0.52823 0.000220282
          67   -0.528232    -0.52823 0.000216994
          68   -0.526384   -0.528203 0.000215494
          69   -0.531296   -0.528248 0.000216984
          70   -0.527744    -0.52824 0.000214004
          71    -0.52996   -0.528265 0.000212356
          72   -0.529776   -0.528286 0.000210441
          73   -0.525992   -0.528254 0.000209891
          74   -0.529608   -0.528272  0.00020785
          75   -0.526904   -0.528254 0.000205878
          76     -0.5312   -0.528293 0.000206786
          77   -0.527008   -0.528276 0.000204773
          78    -0.52916   -0.528288 0.000202461
          79    -0.53332   -0.528351  0.00020968
          80   -0.532016   -0.528397 0.000212004
          81   -0.527712   -0.528389 0.000209555
          82    -0.52648   -0.528365 0.000208288
          83   -0.528448   -0.528366 0.000205781
          84   -0.527448   -0.528355 0.000203622
          85   -0.530136   -0.528376 0.000202301
          86   -0.525536   -0.528343 0.000202626
          87   -0.527584   -0.528335 0.000200485
          88   -0.527344   -0.528323 0.000198523
          89   -0.526136   -0.528299 0.000197808
          90   -0.527848   -0.528294 0.000195673
          91   -0.526824   -0.528278 0.000194188
          92   -0.529856   -0.528295 0.000192834
          93    -0.52968    -0.52831 0.000191335
          94     -0.5258   -0.528283 0.000191153
          95    -0.52996   -0.528301 0.000189954
          96   -0.529728   -0.528316 0.000188557
          97   -0.527704   -0.528309 0.000186718
          98   -0.532904   -0.528356 0.000190609
          99   -0.531224   -0.528385 0.000190872
         100   -0.530232   -0.528404 0.000189855
           0        -nan        -nan        -nan
           1   -0.527096   -0.527096           0
           2   -0.525696   -0.526396 0.000494975
           3    -0.52676   -0.526517 0.000344534
           4   -0.529048    -0.52715 0.000605781
           5     -0.5318    -0.52808 0.000962695
           6   -0.528656   -0.528176 0.000807018
           7   -0.529704   -0.528394 0.000720647
           8   -0.527552   -0.528289 0.000638211
           9   -0.526056   -0.528041 0.000613634
          10   -0.526944   -0.527931 0.000561989
          11   -0.528496   -0.527983 0.000513239
          12   -0.530912   -0.528227 0.000525329
          13   -0.529616   -0.528334  0.00049567
          14   -0.526752   -0.528221 0.000472963
          15   -0.524664   -0.527983 0.000497326
          16   -0.526472   -0.527889  0.00047513
          17   -0.528928    -0.52795 0.000451095
          18   -0.525664   -0.527823 0.000443554
          19   -0.526792   -0.527769 0.000423516
          20   -0.527192    -0.52774 0.000403321
          21   -0.525968   -0.527656 0.000392843
          22   -0.529616   -0.527745  0.00038496
          23    -0.52684   -0.527705 0.000370227
          24   -0.525792   -0.527626 0.000363283
          25   -0.528856   -0.527675 0.000352069
          26   -0.529376    -0.52774 0.000344554
          27   -0.527144   -0.527718   0.0003325
          28   -0.528168   -0.527734 0.000321013
          29   -0.529296   -0.527788 0.000314428
          30   -0.529544   -0.527847 0.000309346
          31   -0.531392   -0.527961  0.00031981
          32   -0.527016   -0.527932 0.000311177
          33   -0.528832   -0.527959 0.000302941
          34   -0.530832   -0.528043  0.00030559
          35   -0.530048   -0.528101 0.000302179
          36   -0.530888   -0.528178 0.000303543
          37   -0.529176   -0.528205 0.000296536
          38   -0.529848   -0.528248 0.000291867
          39   -0.529288   -0.528275 0.000285599
          40   -0.529448   -0.528304  0.00027996
