           1     2.23967     2.23967           0
           2     2.24092      2.2403 0.000440174
           3     2.21809      2.2329  0.00604988
           4     2.08839     2.19677   0.0316129
           5     2.25001     2.20742   0.0270243
           6     2.14036     2.19624   0.0247234
           7     2.16349     2.19157   0.0216296
           8     2.16511     2.18826   0.0191769
           9      2.1958      2.1891   0.0170645
          10     2.23081     2.19327   0.0158598
          11     2.11222      2.1859   0.0160383
          12     2.12412     2.18075   0.0155061
          13     2.12414      2.1764   0.0149123
          14     2.21545     2.17919   0.0141056
          15     2.17285     2.17877   0.0131716
          16     2.23609     2.18235   0.0128265
          17     2.24214     2.18587   0.0125449
          18     2.21284     2.18736   0.0119372
          19     2.18415      2.1872   0.0113101
          20     2.16518     2.18609    0.010798
           1     2.23967     2.23967           0
           2     2.24092      2.2403 0.000440174
           3     2.21809      2.2329  0.00604988
           4     2.08839     2.19677   0.0316129
           5     2.25001     2.20742   0.0270243
           6     2.14036     2.19624   0.0247234
           7     2.16349     2.19157   0.0216296
           8     2.16511     2.18826   0.0191769
           9      2.1958      2.1891   0.0170645
          10     2.23081     2.19327   0.0158598
          11     2.11222      2.1859   0.0160383
          12     2.12412     2.18075   0.0155061
          13     2.12414      2.1764   0.0149123
          14     2.21545     2.17919   0.0141056
          15     2.17285     2.17877   0.0131716
          16     2.23609     2.18235   0.0128265
          17     2.24214     2.18587   0.0125449
          18     2.21284     2.18736   0.0119372
          19     2.18415      2.1872   0.0113101
          20     2.16518     2.18609    0.010798
           0        -nan        -nan        -nan
           1     2.24092     2.24092           0
           2     2.21809     2.22951  0.00806986
           3     2.08839     2.18247   0.0387809
           4     2.25001     2.19936   0.0325551
           5     2.14036     2.18756   0.0281008
           6     2.16349     2.18355   0.0237018
           7     2.16511     2.18091   0.0204616
           8      2.1958     2.18278   0.0179883
           9     2.23081     2.18811   0.0167629
          10     2.11222     2.18052   0.0167163
          11     2.12412      2.1754   0.0159638
          12     2.12414     2.17113   0.0151942
          13     2.21545     2.17453   0.0144029
          14     2.17285     2.17441   0.0133746
          15     2.23609     2.17853   0.0130998
          16     2.24214      2.1825   0.0128703
          17     2.21284     2.18429   0.0122363
          18     2.18415     2.18428   0.0115566
          19     2.16518     2.18328   0.0109919
          20      2.1626     2.18224   0.0104908
           0        -nan        -nan        -nan
           1     2.24092     2.24092           0
           2     2.21809     2.22951  0.00806986
           3     2.08839     2.18247   0.0387809
           4     2.25001     2.19936   0.0325551
           5     2.14036     2.18756   0.0281008
           6     2.16349     2.18355   0.0237018
           7     2.16511     2.18091   0.0204616
           8      2.1958     2.18278   0.0179883
           9     2.23081     2.18811   0.0167629
          10     2.11222     2.18052   0.0167163
          11     2.12412      2.1754   0.0159638
          12     2.12414     2.17113   0.0151942
          13     2.21545     2.17453   0.0144029
          14     2.17285     2.17441   0.0133746
          15     2.23609     2.17853   0.0130998
          16     2.24214      2.1825   0.0128703
          17     2.21284     2.18429   0.0122363
          18     2.18415     2.18428   0.0115566
          19     2.16518     2.18328   0.0109919
          20      2.1626     2.18224   0.0104908
           0        -nan        -nan        -nan
           1     2.24092     2.24092           0
           2     2.21809     2.22951  0.00806986
           3     2.08839     2.18247   0.0387809
           4     2.25001     2.19936   0.0325551
           5     2.14036     2.18756   0.0281008
           6     2.16349     2.18355   0.0237018
           7     2.16511     2.18091   0.0204616
           8      2.1958     2.18278   0.0179883
           9     2.23081     2.18811   0.0167629
          10     2.11222     2.18052   0.0167163
          11     2.12412      2.1754   0.0159638
          12     2.12414     2.17113   0.0151942
          13     2.21545     2.17453   0.0144029
          14     2.17285     2.17441   0.0133746
          15     2.23609     2.17853   0.0130998
          16     2.24214      2.1825   0.0128703
          17     2.21284     2.18429   0.0122363
          18     2.18415     2.18428   0.0115566
          19     2.16518     2.18328   0.0109919
          20      2.1626     2.18224   0.0104908
           0        -nan        -nan        -nan
           1     7.60729     7.60729           0
           2      7.7254     7.66635   0.0417582
           3     7.40267     7.57846   0.0769738
           4     7.77752     7.62822    0.072044
           5     7.65809      7.6342   0.0578822
           6     7.73684      7.6513   0.0507002
           7     8.16074     7.72408   0.0801773
           8     7.65562     7.71552   0.0706103
           9     8.22865     7.77254    0.082637
          10     7.74822     7.77011   0.0744091
          11     8.66896     7.85182    0.103179
          12     7.22162     7.79931    0.107116
          13     7.36544     7.76593    0.103945
          14     7.74693     7.76457   0.0965294
          15     8.70032     7.82696    0.108394
          16     7.62615     7.81441    0.102343
          17     6.90508     7.76092    0.109412
          18     7.24649     7.73234    0.107001
          19     7.80859     7.73635    0.101444
          20     7.18386     7.70873    0.100063
           0        -nan        -nan        -nan
           1     2.24092     2.24092           0
           2     2.21809     2.22951  0.00806986
           3     2.08839     2.18247   0.0387809
           4     2.25001     2.19936   0.0325551
           5     2.14036     2.18756   0.0281008
           6     2.16349     2.18355   0.0237018
           7     2.16511     2.18091   0.0204616
           8      2.1958     2.18278   0.0179883
           9     2.23081     2.18811   0.0167629
          10     2.11222     2.18052   0.0167163
          11     2.12412      2.1754   0.0159638
          12     2.12414     2.17113   0.0151942
          13     2.21545     2.17453   0.0144029
          14     2.17285     2.17441   0.0133746
          15     2.23609     2.17853   0.0130998
          16     2.24214      2.1825   0.0128703
          17     2.21284     2.18429   0.0122363
          18     2.18415     2.18428   0.0115566
          19     2.16518     2.18328   0.0109919
          20      2.1626     2.18224   0.0104908
           0        -nan        -nan        -nan
           1     2.24092     2.24092           0
           2     2.21809     2.22951  0.00806986
           3     2.08839     2.18247   0.0387809
           4     2.25001     2.19936   0.0325551
           5     2.14036     2.18756   0.0281008
           6     2.16349     2.18355   0.0237018
           7     2.16511     2.18091   0.0204616
           8      2.1958     2.18278   0.0179883
           9     2.23081     2.18811   0.0167629
          10     2.11222     2.18052   0.0167163
          11     2.12412      2.1754   0.0159638
          12     2.12414     2.17113   0.0151942
          13     2.21545     2.17453   0.0144029
          14     2.17285     2.17441   0.0133746
          15     2.23609     2.17853   0.0130998
          16     2.24214      2.1825   0.0128703
          17     2.21284     2.18429   0.0122363
          18     2.18415     2.18428   0.0115566
          19     2.16518     2.18328   0.0109919
          20      2.1626     2.18224   0.0104908
           0        -nan        -nan        -nan
           1     2.24092     2.24092           0
           2     2.21809     2.22951  0.00806986
           3     2.08839     2.18247   0.0387809
           4     2.25001     2.19936   0.0325551
           5     2.14036     2.18756   0.0281008
           6     2.16349     2.18355   0.0237018
           7     2.16511     2.18091   0.0204616
           8      2.1958     2.18278   0.0179883
           9     2.23081     2.18811   0.0167629
          10     2.11222     2.18052   0.0167163
          11     2.12412      2.1754   0.0159638
          12     2.12414     2.17113   0.0151942
          13     2.21545     2.17453   0.0144029
          14     2.17285     2.17441   0.0133746
          15     2.23609     2.17853   0.0130998
          16     2.24214      2.1825   0.0128703
          17     2.21284     2.18429   0.0122363
          18     2.18415     2.18428   0.0115566
          19     2.16518     2.18328   0.0109919
          20      2.1626     2.18224   0.0104908
           0        -nan        -nan        -nan
           1     2.21809     2.21809           0
           2     2.08839     2.15324   0.0458559
           3     2.25001      2.1855   0.0403512
           4     2.14036     2.17422   0.0318021
           5     2.16349     2.17207   0.0255139
           6     2.16511     2.17091   0.0212879
           7      2.1958     2.17447   0.0185414
           8     2.23081     2.18151   0.0175104
           9     2.11222     2.17381    0.017174
          10     2.12412     2.16884   0.0161596
          11     2.12414     2.16478    0.015193
          12     2.21545       2.169   0.0145018
          13     2.17285      2.1693   0.0133893
          14     2.23609     2.17407   0.0132558
          15     2.24214     2.17861   0.0131259
          16     2.21284     2.18075   0.0124787
          17     2.18415     2.18095   0.0117463
          18     2.16518     2.18007   0.0111263
          19      2.1626     2.17915   0.0105786
          20     2.12519     2.17645    0.010388
           0        -nan        -nan        -nan
           1     2.21809     2.21809           0
           2     2.08839     2.15324   0.0458559
           3     2.25001      2.1855   0.0403512
           4     2.14036     2.17422   0.0318021
           5     2.16349     2.17207   0.0255139
           6     2.16511     2.17091   0.0212879
           7      2.1958     2.17447   0.0185414
           8     2.23081     2.18151   0.0175104
           9     2.11222     2.17381    0.017174
          10     2.12412     2.16884   0.0161596
          11     2.12414     2.16478    0.015193
          12     2.21545       2.169   0.0145018
          13     2.17285      2.1693   0.0133893
          14     2.23609     2.17407   0.0132558
          15     2.24214     2.17861   0.0131259
          16     2.21284     2.18075   0.0124787
          17     2.18415     2.18095   0.0117463
          18     2.16518     2.18007   0.0111263
          19      2.1626     2.17915   0.0105786
          20     2.12519     2.17645    0.010388
           0        -nan        -nan        -nan
           1     2.21809     2.21809           0
           2     2.08839     2.15324   0.0458559
           3     2.25001      2.1855   0.0403512
           4     2.14036     2.17422   0.0318021
           5     2.16349     2.17207   0.0255139
           6     2.16511     2.17091   0.0212879
           7      2.1958     2.17447   0.0185414
           8     2.23081     2.18151   0.0175104
           9     2.11222     2.17381    0.017174
          10     2.12412     2.16884   0.0161596
          11     2.12414     2.16478    0.015193
          12     2.21545       2.169   0.0145018
          13     2.17285      2.1693   0.0133893
          14     2.23609     2.17407   0.0132558
          15     2.24214     2.17861   0.0131259
          16     2.21284     2.18075   0.0124787
          17     2.18415     2.18095   0.0117463
          18     2.16518     2.18007   0.0111263
          19      2.1626     2.17915   0.0105786
          20     2.12519     2.17645    0.010388
          21     2.12844     2.17417   0.0101418
          22     2.29079     2.17947   0.0109792
          23     2.15792     2.17853   0.0105418
          24     2.15938     2.17774   0.0101327
          25     2.24128     2.18028   0.0100411
          26     2.16042     2.17951  0.00968391
          27     2.23291     2.18149  0.00952508
          28     2.18343     2.18156  0.00918515
          29     2.08647     2.17828  0.00943557
          30     2.12824     2.17661  0.00926729
          31     2.16928     2.17638  0.00897136
          32     2.13208     2.17499  0.00879716
          33     2.17382     2.17496  0.00853065
          34     2.15686     2.17443  0.00829633
          35      2.1694     2.17428  0.00806053
          36     2.22497     2.17569  0.00795868
          37     2.10539     2.17379  0.00796715
          38     2.14658     2.17307   0.0077896
          39     2.22618     2.17444  0.00770799
          40     2.20931     2.17531  0.00756443
           0        -nan        -nan        -nan
           1     2.21809     2.21809           0
           2     2.08839     2.15324   0.0458559
           3     2.25001      2.1855   0.0403512
           4     2.14036     2.17422   0.0318021
           5     2.16349     2.17207   0.0255139
           6     2.16511     2.17091   0.0212879
           7      2.1958     2.17447   0.0185414
           8     2.23081     2.18151   0.0175104
           9     2.11222     2.17381    0.017174
          10     2.12412     2.16884   0.0161596
          11     2.12414     2.16478    0.015193
          12     2.21545       2.169   0.0145018
          13     2.17285      2.1693   0.0133893
          14     2.23609     2.17407   0.0132558
          15     2.24214     2.17861   0.0131259
          16     2.21284     2.18075   0.0124787
          17     2.18415     2.18095   0.0117463
          18     2.16518     2.18007   0.0111263
          19      2.1626     2.17915   0.0105786
          20     2.12519     2.17645    0.010388
          21     2.12844     2.17417   0.0101418
          22     2.29079     2.17947   0.0109792
          23     2.15792     2.17853   0.0105418
          24     2.15938     2.17774   0.0101327
          25     2.24128     2.18028   0.0100411
          26     2.16042     2.17951  0.00968391
          27     2.23291     2.18149  0.00952508
          28     2.18343     2.18156  0.00918515
          29     2.08647     2.17828  0.00943557
          30     2.12824     2.17661  0.00926729
          31     2.16928     2.17638  0.00897136
          32     2.13208     2.17499  0.00879716
          33     2.17382     2.17496  0.00853065
          34     2.15686     2.17443  0.00829633
          35      2.1694     2.17428  0.00806053
          36     2.22497     2.17569  0.00795868
          37     2.10539     2.17379  0.00796715
          38     2.14658     2.17307   0.0077896
          39     2.22618     2.17444  0.00770799
          40     2.20931     2.17531  0.00756443
          41     2.15853      2.1749  0.00739099
          42     2.15616     2.17445  0.00722846
          43      2.1366     2.17357  0.00711374
          44     2.28372     2.17608  0.00737944
          45     2.29442     2.17871  0.00766976
          46     2.23206     2.17987  0.00759024
          47     2.08903     2.17793  0.00767083
          48     2.18785     2.17814   0.0075138
          49     2.16512     2.17787  0.00736516
          50     2.13739     2.17706  0.00726221
          51     2.13738     2.17629  0.00716138
          52       2.188     2.17651   0.0070272
          53     2.32237     2.17926  0.00741398
          54     2.18392     2.17935  0.00727718
          55     2.06718     2.17731  0.00742513
          56     2.26132     2.17881  0.00744254
          57     2.19101     2.17902  0.00731505
          58      2.1173     2.17796  0.00726592
          59     2.13118     2.17717   0.0071859
          60     2.30258     2.17926  0.00736388
          61      2.1176     2.17825  0.00731219
          62     2.07627      2.1766  0.00737691
          63     2.09362     2.17529  0.00737647
          64     2.13861     2.17471  0.00728344
          65     2.18617     2.17489  0.00717352
          66      2.1862     2.17506  0.00706688
          67     2.18376     2.17519   0.0069626
          68     2.15388     2.17488  0.00686725
          69     2.21932     2.17552  0.00679788
          70      2.2056     2.17595  0.00671433
          71     2.09987     2.17488  0.00670473
          72     2.25116     2.17594   0.0066948
          73     2.12007     2.17517  0.00664669
          74      2.1905     2.17538   0.0065601
          75      2.1765      2.1754  0.00647265
          76     2.12822     2.17477  0.00641717
          77     2.13816      2.1743  0.00635142
          78     2.21879     2.17487  0.00629555
          79     2.13195     2.17433  0.00623925
          80     2.16307     2.17419  0.00616285
          81     2.06764     2.17287  0.00622554
          82      2.0901     2.17186   0.0062309
          83     2.20034      2.1722  0.00616528
          84     2.14202     2.17184  0.00610234
          85     2.22774      2.1725  0.00606589
          86     2.18244     2.17262  0.00599645
          87     2.26812     2.17372  0.00602717
          88     2.16947     2.17367  0.00595887
          89      2.2226     2.17422  0.00591723
          90     2.24384     2.17499  0.00590183
          91     2.14653     2.17468  0.00584526
          92     2.23823     2.17537   0.0058224
          93     2.17308     2.17534  0.00575984
          94     2.12944     2.17486  0.00571923
          95     2.09636     2.17403  0.00571839
          96     2.23385     2.17465  0.00569267
          97     2.19357     2.17485  0.00563733
          98     2.14114      2.1745  0.00559029
          99     2.06773     2.17343  0.00563689
         100     2.08425     2.17253  0.00565061
           0        -nan        -nan        -nan
           1     2.21809     2.21809           0
           2     2.08839     2.15324   0.0458559
           3     2.25001      2.1855   0.0403512
           4     2.14036     2.17422   0.0318021
           5     2.16349     2.17207   0.0255139
           6     2.16511     2.17091   0.0212879
           7      2.1958     2.17447   0.0185414
           8     2.23081     2.18151   0.0175104
           9     2.11222     2.17381    0.017174
          10     2.12412     2.16884   0.0161596
          11     2.12414     2.16478    0.015193
          12     2.21545       2.169   0.0145018
          13     2.17285      2.1693   0.0133893
          14     2.23609     2.17407   0.0132558
          15     2.24214     2.17861   0.0131259
          16     2.21284     2.18075   0.0124787
          17     2.18415     2.18095   0.0117463
          18     2.16518     2.18007   0.0111263
          19      2.1626     2.17915   0.0105786
          20     2.12519     2.17645    0.010388
          21     2.12844     2.17417   0.0101418
          22     2.29079     2.17947   0.0109792
          23     2.15792     2.17853   0.0105418
          24     2.15938     2.17774   0.0101327
          25     2.24128     2.18028   0.0100411
          26     2.16042     2.17951  0.00968391
          27     2.23291     2.18149  0.00952508
          28     2.18343     2.18156  0.00918515
          29     2.08647     2.17828  0.00943557
          30     2.12824     2.17661  0.00926729
          31     2.16928     2.17638  0.00897136
          32     2.13208     2.17499  0.00879716
          33     2.17382     2.17496  0.00853065
          34     2.15686     2.17443  0.00829633
          35      2.1694     2.17428  0.00806053
          36     2.22497     2.17569  0.00795868
          37     2.10539     2.17379  0.00796715
          38     2.14658     2.17307   0.0077896
          39     2.22618     2.17444  0.00770799
          40     2.20931     2.17531  0.00756443
