           1    0.033316    0.033316           0
           2     0.02932    0.031318   0.0014128
           3      0.0253    0.029312  0.00188939
           4      0.0214    0.027334  0.00222315
           5    0.032708   0.0284088   0.0020217
           6     0.03466   0.0294507  0.00193467
           7    0.038256   0.0307086  0.00202638
           8    0.039932   0.0318615  0.00207531
           9    0.042996   0.0330987  0.00218254
          10    0.029964   0.0327852  0.00198667
          11    0.035224   0.0330069   0.0018184
          12    0.040956   0.0336693  0.00178344
          13    0.030376    0.033416  0.00166415
          14    0.037044   0.0336751  0.00156533
          15    0.027656   0.0332739  0.00151153
          16    0.034532   0.0333525  0.00141911
          17    0.036952   0.0335642  0.00135133
          18    0.038504   0.0338387  0.00130383
          19    0.032068   0.0337455  0.00123853
          20    0.036712   0.0338938  0.00118545
           0        -nan        -nan        -nan
           1           0           0           0
           2           0           0           0
           3           0           0           0
           4           0           0           0
           5           0           0           0
           6           0           0           0
           7           0           0           0
           8           0           0           0
           9           0           0           0
          10           0           0           0
          11           0           0           0
          12           0           0           0
          13           0           0           0
          14           0           0           0
          15           0           0           0
          16           0           0           0
          17           0           0           0
          18           0           0           0
          19           0           0           0
          20           0           0           0
           0        -nan        -nan        -nan
           1      0.0253      0.0253           0
           2      0.0214     0.02335  0.00137886
           3    0.032708   0.0264693  0.00270773
           4     0.03466    0.028517  0.00269608
           5    0.038256   0.0304648  0.00277258
           6    0.039932   0.0320427  0.00272269
           7    0.042996   0.0336074  0.00274682
           8    0.029964    0.033152  0.00244093
           9    0.035224   0.0333822  0.00218055
          10    0.040956   0.0341396  0.00208989
          11    0.030376   0.0337975   0.0019277
          12    0.037044    0.034068  0.00178594
          13    0.027656   0.0335748  0.00171532
          14    0.034532   0.0336431  0.00159416
          15    0.036952   0.0338637  0.00150307
          16    0.038504   0.0341538  0.00143683
          17    0.032068   0.0340311  0.00135754
          18    0.036712     0.03418  0.00129027
          19    0.023872   0.0336375  0.00133154
          20     0.03818   0.0338646  0.00128419
           0        -nan        -nan        -nan
           1    0.141996    0.141996           0
           2    0.131556    0.136776   0.0036911
           3     0.06302    0.112191   0.0202241
           4     0.08308    0.104913   0.0164254
           5    0.086048     0.10114   0.0135667
           6    0.095868    0.100261    0.011334
           7    0.122776    0.103478    0.010161
           8    0.122324    0.105833  0.00915991
           9    0.077868    0.102726  0.00865314
          10    0.091688    0.101622  0.00785792
          11     0.07412   0.0991222  0.00753082
          12    0.068604    0.096579  0.00732009
          13    0.074176   0.0948557   0.0069569
          14    0.116212   0.0963811  0.00662511
          15    0.103932   0.0968845  0.00620253
          16      0.1588    0.100754  0.00691748
          17     0.12492    0.102176  0.00665503
          18     0.08906    0.101447  0.00632507
          19    0.132448    0.103079  0.00619905
          20    0.088452    0.102347  0.00593208
           0        -nan        -nan        -nan
           1     0.02004     0.02004           0
           2    0.005832    0.012936  0.00502329
           3    0.021056   0.0156427  0.00401234
           4    0.007276    0.013551   0.0035124
           5    0.019744   0.0147896  0.00302042
           6    0.014508   0.0147427  0.00251738
           7    0.023548   0.0160006  0.00245198
           8     0.02252   0.0168155  0.00227688
           9     0.02186    0.017376  0.00209174
          10    0.020436    0.017682  0.00190482
          11     0.01112   0.0170855  0.00182267
          12     0.02254     0.01754  0.00172653
          13    0.017392   0.0175286  0.00159376
          14    0.009288     0.01694  0.00158489
          15    0.017092   0.0169501  0.00147927
          16     0.02196   0.0172632  0.00141956
          17    0.008756   0.0167628  0.00142153
          18    0.021092   0.0170033  0.00136275
          19    0.012312   0.0167564  0.00131321
          20    0.029092   0.0173732  0.00138483
           0        -nan        -nan        -nan
           1      0.0253      0.0253           0
           2      0.0214     0.02335  0.00137886
           3    0.032708   0.0264693  0.00270773
           4     0.03466    0.028517  0.00269608
           5    0.038256   0.0304648  0.00277258
           6    0.039932   0.0320427  0.00272269
           7    0.042996   0.0336074  0.00274682
           8    0.029964    0.033152  0.00244093
           9    0.035224   0.0333822  0.00218055
          10    0.040956   0.0341396  0.00208989
          11    0.030376   0.0337975   0.0019277
          12    0.037044    0.034068  0.00178594
          13    0.027656   0.0335748  0.00171532
          14    0.034532   0.0336431  0.00159416
          15    0.036952   0.0338637  0.00150307
          16    0.038504   0.0341538  0.00143683
          17    0.032068   0.0340311  0.00135754
          18    0.036712     0.03418  0.00129027
          19    0.023872   0.0336375  0.00133154
          20     0.03818   0.0338646  0.00128419
           0        -nan        -nan        -nan
           1      0.0253      0.0253           0
           2      0.0214     0.02335  0.00137886
           3    0.032708   0.0264693  0.00270773
           4     0.03466    0.028517  0.00269608
           5    0.038256   0.0304648  0.00277258
           6    0.039932   0.0320427  0.00272269
           7    0.042996   0.0336074  0.00274682
           8    0.029964    0.033152  0.00244093
           9    0.035224   0.0333822  0.00218055
          10    0.040956   0.0341396  0.00208989
          11    0.030376   0.0337975   0.0019277
          12    0.037044    0.034068  0.00178594
          13    0.027656   0.0335748  0.00171532
          14    0.034532   0.0336431  0.00159416
          15    0.036952   0.0338637  0.00150307
          16    0.038504   0.0341538  0.00143683
          17    0.032068   0.0340311  0.00135754
          18    0.036712     0.03418  0.00129027
          19    0.023872   0.0336375  0.00133154
          20     0.03818   0.0338646  0.00128419
           0        -nan        -nan        -nan
           1      0.0214      0.0214           0
           2    0.032708    0.027054  0.00399798
           3     0.03466   0.0295893  0.00337479
           4    0.038256    0.031756  0.00315076
           5    0.039932   0.0333912   0.0029142
           6    0.042996    0.034992  0.00283427
           7    0.029964   0.0342737  0.00251875
           8    0.035224   0.0343925   0.0022067
           9    0.040956   0.0351218  0.00207853
          10    0.030376   0.0346472  0.00192409
          11    0.037044   0.0348651  0.00176147
          12    0.027656   0.0342643  0.00171407
          13    0.034532   0.0342849  0.00158234
          14    0.036952   0.0344754  0.00148074
          15    0.038504    0.034744  0.00140617
          16    0.032068   0.0345768  0.00132819
          17    0.036712   0.0347024  0.00125599
          18    0.023872   0.0341007   0.0013225
          19     0.03818   0.0343154   0.0012702
          20    0.037964   0.0344978  0.00121972
           0        -nan        -nan        -nan
           1    0.032708    0.032708           0
           2     0.03466    0.033684 0.000690136
           3    0.038256    0.035208  0.00132668
           4    0.039932    0.036389  0.00142692
           5    0.042996   0.0377104  0.00164316
           6    0.029964   0.0364193  0.00180666
           7    0.035224   0.0362486  0.00155662
           8    0.040956    0.036837  0.00146906
           9    0.030376   0.0361191  0.00147081
          10    0.037044   0.0362116  0.00132663
          11    0.027656   0.0354338  0.00141579
          12    0.034532   0.0353587   0.0012998
          13    0.036952   0.0354812  0.00120558
          14    0.038504   0.0356971  0.00113864
          15    0.032068   0.0354552  0.00108813
          16    0.036712   0.0355338  0.00102295
          17    0.023872   0.0348478   0.0011704
          18     0.03818   0.0350329  0.00111992
          19    0.037964   0.0351872  0.00107155
          20    0.022656   0.0345606  0.00118711
           0        -nan        -nan        -nan
           1    0.038576    0.038576           0
           2     0.04024    0.039408 0.000588313
           3    0.029332   0.0360493  0.00277024
           4    0.033336    0.035371  0.00215914
           5    0.036712   0.0356392  0.00174389
           6    0.031568   0.0349607  0.00157974
           7    0.031092    0.034408  0.00144751
           8     0.02958   0.0338045  0.00138668
           9    0.038036   0.0342747  0.00130989
          10    0.036952   0.0345424  0.00120595
          11     0.03072   0.0341949  0.00114529
          12    0.045892   0.0351697  0.00140469
          13     0.03538   0.0351858  0.00129673
          14     0.03796    0.035384  0.00121915
          15    0.044088   0.0359643  0.00126847
          16    0.026316   0.0353613   0.0013248
          17     0.04634   0.0360071  0.00139543
          18    0.026272   0.0354662  0.00141884
          19     0.02762   0.0350533  0.00140298
          20     0.03432   0.0350166  0.00133331
          21    0.040624   0.0352836  0.00129628
          22    0.025908   0.0348575  0.00130553
          23     0.03216   0.0347402  0.00125403
          24    0.038388   0.0348922  0.00121095
          25    0.034108   0.0348608  0.00116292
          26    0.022792   0.0343966  0.00120728
          27    0.040292    0.034615  0.00118215
          28    0.040064   0.0348096  0.00115584
          29    0.030628   0.0346654  0.00112494
          30    0.034956   0.0346751  0.00108748
          31    0.036372   0.0347298  0.00105378
          32    0.041936    0.034955  0.00104463
          33    0.035152    0.034961    0.001013
          34    0.035312   0.0349713 0.000983254
          35    0.040296   0.0351234 0.000966859
          36    0.018524   0.0346623  0.00104418
          37    0.035076   0.0346735  0.00101602
          38      0.0363   0.0347163  0.00099018
          39     0.03942   0.0348369 0.000972108
          40    0.036252   0.0348723 0.000948449
