           1    0.425149    0.425149           0
           2    0.459299    0.442224    0.012074
           3    0.420628    0.435025  0.00996694
           4    0.467227    0.443076   0.0102219
           5    0.449953    0.444451  0.00826952
           6    0.429163    0.441903  0.00727324
           7    0.457005    0.444061  0.00654636
           8    0.426111    0.441817  0.00610045
           9    0.450089    0.442736  0.00549142
          10    0.445908    0.443053  0.00495143
          11    0.432443    0.442089   0.0045943
          12    0.440947    0.441993  0.00421243
          13    0.399607    0.438733  0.00499328
          14    0.432403    0.438281  0.00465704
          15    0.430647    0.437772  0.00437429
          16    0.447109    0.438355  0.00413964
          17     0.45445    0.439302  0.00400293
          18     0.43464    0.439043  0.00378892
          19    0.429844    0.438559  0.00362031
          20    0.421442    0.437703  0.00353901
           1    0.425149    0.425149           0
           2    0.459299    0.442224    0.012074
           3    0.420628    0.435025  0.00996694
           4    0.467227    0.443076   0.0102219
           5    0.449953    0.444451  0.00826952
           6    0.429163    0.441903  0.00727324
           7    0.457005    0.444061  0.00654636
           8    0.426111    0.441817  0.00610045
           9    0.450089    0.442736  0.00549142
          10    0.445908    0.443053  0.00495143
          11    0.432443    0.442089   0.0045943
          12    0.440947    0.441993  0.00421243
          13    0.399607    0.438733  0.00499328
          14    0.432403    0.438281  0.00465704
          15    0.430647    0.437772  0.00437429
          16    0.447109    0.438355  0.00413964
          17     0.45445    0.439302  0.00400293
          18     0.43464    0.439043  0.00378892
          19    0.429844    0.438559  0.00362031
          20    0.421442    0.437703  0.00353901
           0        -nan        -nan        -nan
           1    0.459299    0.459299           0
           2    0.420628    0.439963   0.0136725
           3    0.467227    0.449051   0.0117534
           4    0.449953    0.449277  0.00881723
           5    0.429163    0.445254  0.00791846
           6    0.457005    0.447213  0.00683663
           7    0.426111    0.444198  0.00649062
           8    0.450089    0.444934  0.00572091
           9    0.445908    0.445043  0.00508627
          10    0.432443    0.443783  0.00473114
          11    0.440947    0.443525  0.00430805
          12    0.399607    0.439865  0.00527951
          13    0.432403    0.439291   0.0049045
          14    0.430647    0.438673  0.00459287
          15    0.447109    0.439236  0.00432098
          16     0.45445    0.440187  0.00415423
          17     0.43464     0.43986  0.00392265
          18    0.429844    0.439304  0.00374399
          19    0.421442    0.438364  0.00366307
          20    0.468347    0.439863  0.00377424
           0        -nan        -nan        -nan
           1    0.459299    0.459299           0
           2    0.420628    0.439963   0.0136725
           3    0.467227    0.449051   0.0117534
           4    0.449953    0.449277  0.00881723
           5    0.429163    0.445254  0.00791846
           6    0.457005    0.447213  0.00683663
           7    0.426111    0.444198  0.00649062
           8    0.450089    0.444934  0.00572091
           9    0.445908    0.445043  0.00508627
          10    0.432443    0.443783  0.00473114
          11    0.440947    0.443525  0.00430805
          12    0.399607    0.439865  0.00527951
          13    0.432403    0.439291   0.0049045
          14    0.430647    0.438673  0.00459287
          15    0.447109    0.439236  0.00432098
          16     0.45445    0.440187  0.00415423
          17     0.43464     0.43986  0.00392265
          18    0.429844    0.439304  0.00374399
          19    0.421442    0.438364  0.00366307
          20    0.468347    0.439863  0.00377424
           0        -nan        -nan        -nan
           1    0.459299    0.459299           0
           2    0.420628    0.439963   0.0136725
           3    0.467227    0.449051   0.0117534
           4    0.449953    0.449277  0.00881723
           5    0.429163    0.445254  0.00791846
           6    0.457005    0.447213  0.00683663
           7    0.426111    0.444198  0.00649062
           8    0.450089    0.444934  0.00572091
           9    0.445908    0.445043  0.00508627
          10    0.432443    0.443783  0.00473114
          11    0.440947    0.443525  0.00430805
          12    0.399607    0.439865  0.00527951
          13    0.432403    0.439291   0.0049045
          14    0.430647    0.438673  0.00459287
          15    0.447109    0.439236  0.00432098
          16     0.45445    0.440187  0.00415423
          17     0.43464     0.43986  0.00392265
          18    0.429844    0.439304  0.00374399
          19    0.421442    0.438364  0.00366307
          20    0.468347    0.439863  0.00377424
           0        -nan        -nan        -nan
           1   0.0423092   0.0423092           0
           2   0.0811444   0.0617268   0.0137303
           3   0.0348045   0.0527527   0.0117251
           4   0.0694428   0.0569252  0.00950728
           5   0.0775727   0.0610547  0.00845522
           6   0.0700836   0.0625595  0.00717868
           7   0.0847378   0.0657278  0.00681657
           8   0.0422528   0.0627935  0.00656578
           9   0.0440871    0.060715  0.00615645
          10   0.0540179   0.0600453  0.00557711
          11    0.047101   0.0588685  0.00519276
          12   0.0370089   0.0570469  0.00506949
          13   0.0684324   0.0579227  0.00475458
          14   0.0558187   0.0577724  0.00441734
          15    0.051998   0.0573874  0.00413959
          16   0.0704074   0.0582012  0.00396004
          17   0.0384969   0.0570421  0.00389303
          18   0.0589079   0.0571458  0.00367813
          19   0.0364794   0.0560581  0.00364183
          20   0.0447404   0.0554922  0.00350343
           0        -nan        -nan        -nan
           1    0.459299    0.459299           0
           2    0.420628    0.439963   0.0136725
           3    0.467227    0.449051   0.0117534
           4    0.449953    0.449277  0.00881723
           5    0.429163    0.445254  0.00791846
           6    0.457005    0.447213  0.00683663
           7    0.426111    0.444198  0.00649062
           8    0.450089    0.444934  0.00572091
           9    0.445908    0.445043  0.00508627
          10    0.432443    0.443783  0.00473114
          11    0.440947    0.443525  0.00430805
          12    0.399607    0.439865  0.00527951
          13    0.432403    0.439291   0.0049045
          14    0.430647    0.438673  0.00459287
          15    0.447109    0.439236  0.00432098
          16     0.45445    0.440187  0.00415423
          17     0.43464     0.43986  0.00392265
          18    0.429844    0.439304  0.00374399
          19    0.421442    0.438364  0.00366307
          20    0.468347    0.439863  0.00377424
           0        -nan        -nan        -nan
           1    0.459299    0.459299           0
           2    0.420628    0.439963   0.0136725
           3    0.467227    0.449051   0.0117534
           4    0.449953    0.449277  0.00881723
           5    0.429163    0.445254  0.00791846
           6    0.457005    0.447213  0.00683663
           7    0.426111    0.444198  0.00649062
           8    0.450089    0.444934  0.00572091
           9    0.445908    0.445043  0.00508627
          10    0.432443    0.443783  0.00473114
          11    0.440947    0.443525  0.00430805
          12    0.399607    0.439865  0.00527951
          13    0.432403    0.439291   0.0049045
          14    0.430647    0.438673  0.00459287
          15    0.447109    0.439236  0.00432098
          16     0.45445    0.440187  0.00415423
          17     0.43464     0.43986  0.00392265
          18    0.429844    0.439304  0.00374399
          19    0.421442    0.438364  0.00366307
          20    0.468347    0.439863  0.00377424
           0        -nan        -nan        -nan
           1    0.459299    0.459299           0
           2    0.420628    0.439963   0.0136725
           3    0.467227    0.449051   0.0117534
           4    0.449953    0.449277  0.00881723
           5    0.429163    0.445254  0.00791846
           6    0.457005    0.447213  0.00683663
           7    0.426111    0.444198  0.00649062
           8    0.450089    0.444934  0.00572091
           9    0.445908    0.445043  0.00508627
          10    0.432443    0.443783  0.00473114
          11    0.440947    0.443525  0.00430805
          12    0.399607    0.439865  0.00527951
          13    0.432403    0.439291   0.0049045
          14    0.430647    0.438673  0.00459287
          15    0.447109    0.439236  0.00432098
          16     0.45445    0.440187  0.00415423
          17     0.43464     0.43986  0.00392265
          18    0.429844    0.439304  0.00374399
          19    0.421442    0.438364  0.00366307
          20    0.468347    0.439863  0.00377424
           0        -nan        -nan        -nan
           1    0.420628    0.420628           0
           2    0.467227    0.443927   0.0164754
           3    0.449953    0.445936   0.0111054
           4    0.429163    0.441743  0.00908629
           5    0.457005    0.444795  0.00776483
           6    0.426111    0.441681  0.00706759
           7    0.450089    0.442882  0.00615915
           8    0.445908     0.44326  0.00540085
           9    0.432443    0.442058  0.00493269
          10    0.440947    0.441947  0.00444068
          11    0.399607    0.438098  0.00545585
          12    0.432403    0.437624  0.00502179
          13    0.430647    0.437087  0.00466409
          14    0.447109    0.437803  0.00438553
          15     0.45445    0.438913  0.00423126
          16     0.43464    0.438646  0.00397523
          17    0.429844    0.438128  0.00377496
          18    0.421442    0.437201  0.00367729
          19    0.468347     0.43884  0.00383175
          20    0.448696    0.439333  0.00367172
           0        -nan        -nan        -nan
           1    0.420628    0.420628           0
           2    0.467227    0.443927   0.0164754
           3    0.449953    0.445936   0.0111054
           4    0.429163    0.441743  0.00908629
           5    0.457005    0.444795  0.00776483
           6    0.426111    0.441681  0.00706759
           7    0.450089    0.442882  0.00615915
           8    0.445908     0.44326  0.00540085
           9    0.432443    0.442058  0.00493269
          10    0.440947    0.441947  0.00444068
          11    0.399607    0.438098  0.00545585
          12    0.432403    0.437624  0.00502179
          13    0.430647    0.437087  0.00466409
          14    0.447109    0.437803  0.00438553
          15     0.45445    0.438913  0.00423126
          16     0.43464    0.438646  0.00397523
          17    0.429844    0.438128  0.00377496
          18    0.421442    0.437201  0.00367729
          19    0.468347     0.43884  0.00383175
          20    0.448696    0.439333  0.00367172
           0        -nan        -nan        -nan
           1    0.420628    0.420628           0
           2    0.467227    0.443927   0.0164754
           3    0.449953    0.445936   0.0111054
           4    0.429163    0.441743  0.00908629
           5    0.457005    0.444795  0.00776483
           6    0.426111    0.441681  0.00706759
           7    0.450089    0.442882  0.00615915
           8    0.445908     0.44326  0.00540085
           9    0.432443    0.442058  0.00493269
          10    0.440947    0.441947  0.00444068
          11    0.399607    0.438098  0.00545585
          12    0.432403    0.437624  0.00502179
          13    0.430647    0.437087  0.00466409
          14    0.447109    0.437803  0.00438553
          15     0.45445    0.438913  0.00423126
          16     0.43464    0.438646  0.00397523
          17    0.429844    0.438128  0.00377496
          18    0.421442    0.437201  0.00367729
          19    0.468347     0.43884  0.00383175
          20    0.448696    0.439333  0.00367172
          21    0.426204    0.438708   0.0035497
          22    0.409777    0.437393  0.00362376
          23    0.448624    0.437881  0.00349895
          24    0.416414    0.436987   0.0034656
          25     0.44777    0.437418  0.00335371
          26    0.440932    0.437553  0.00322744
          27    0.419987    0.436902  0.00317281
          28     0.43565    0.436858  0.00305981
          29    0.446952    0.437206  0.00297403
          30    0.426527     0.43685  0.00289612
          31    0.424875    0.436464  0.00282834
          32    0.448152    0.436829  0.00276344
          33    0.440952    0.436954  0.00268252
          34    0.460812    0.437655  0.00269384
          35    0.436736    0.437629  0.00261701
          36    0.439449     0.43768   0.0025448
          37    0.430572    0.437488  0.00248326
          38    0.457596    0.438017  0.00247365
          39    0.435731    0.437958  0.00241092
          40    0.428451     0.43772  0.00236233
