           1     5.38497     5.38497           0
           2     6.00082     5.69289    0.217737
           3     5.71916     5.70165    0.145334
           4     5.90022     5.75129    0.117173
           5     5.78417     5.75787   0.0939225
           6     5.77113     5.76008   0.0782947
           7     5.44055     5.71443   0.0793074
           8     5.44829     5.68116    0.076052
           9     5.22394     5.63036     0.08285
          10     5.36255     5.60358   0.0787748
          11     5.42036     5.58692   0.0733532
          12     5.68392     5.59501   0.0676843
          13     5.44256     5.58328   0.0634855
          14     5.77787     5.59718   0.0604532
          15     5.67463     5.60234   0.0566431
          16     5.53466     5.59811   0.0532606
          17     5.47236     5.59072   0.0506386
          18     5.97859     5.61226   0.0522093
          19     5.57625     5.61037   0.0494958
          20     5.56655     5.60818   0.0470695
           1     5.38497     5.38497           0
           2     6.00082     5.69289    0.217737
           3     5.71916     5.70165    0.145334
           4     5.90022     5.75129    0.117173
           5     5.78417     5.75787   0.0939225
           6     5.77113     5.76008   0.0782947
           7     5.44055     5.71443   0.0793074
           8     5.44829     5.68116    0.076052
           9     5.22394     5.63036     0.08285
          10     5.36255     5.60358   0.0787748
          11     5.42036     5.58692   0.0733532
          12     5.68392     5.59501   0.0676843
          13     5.44256     5.58328   0.0634855
          14     5.77787     5.59718   0.0604532
          15     5.67463     5.60234   0.0566431
          16     5.53466     5.59811   0.0532606
          17     5.47236     5.59072   0.0506386
          18     5.97859     5.61226   0.0522093
          19     5.57625     5.61037   0.0494958
          20     5.56655     5.60818   0.0470695
           0        -nan        -nan        -nan
           1     6.00082     6.00082           0
           2     5.71916     5.85999   0.0995838
           3     5.90022      5.8734    0.067286
           4     5.78417     5.85109   0.0540355
           5     5.77113      5.8351   0.0455337
           6     5.44055     5.76934   0.0710156
           7     5.44829     5.72348   0.0742176
           8     5.22394     5.66104   0.0873435
           9     5.36255     5.62787   0.0836988
          10     5.42036     5.60712   0.0778587
          11     5.68392      5.6141    0.071093
          12     5.44256     5.59981   0.0665903
          13     5.77787      5.6135   0.0628609
          14     5.67463     5.61787   0.0585222
          15     5.53466     5.61232    0.054883
          16     5.47236     5.60357   0.0521453
          17     5.97859     5.62563    0.053541
          18     5.57625     5.62289   0.0506368
          19     5.56655     5.61993   0.0480584
          20     5.73231     5.62554   0.0459828
           0        -nan        -nan        -nan
           1     6.00082     6.00082           0
           2     5.71916     5.85999   0.0995838
           3     5.90022      5.8734    0.067286
           4     5.78417     5.85109   0.0540355
           5     5.77113      5.8351   0.0455337
           6     5.44055     5.76934   0.0710156
           7     5.44829     5.72348   0.0742176
           8     5.22394     5.66104   0.0873435
           9     5.36255     5.62787   0.0836988
          10     5.42036     5.60712   0.0778587
          11     5.68392      5.6141    0.071093
          12     5.44256     5.59981   0.0665903
          13     5.77787      5.6135   0.0628609
          14     5.67463     5.61787   0.0585222
          15     5.53466     5.61232    0.054883
          16     5.47236     5.60357   0.0521453
          17     5.97859     5.62563    0.053541
          18     5.57625     5.62289   0.0506368
          19     5.56655     5.61993   0.0480584
          20     5.73231     5.62554   0.0459828
           0        -nan        -nan        -nan
           1     6.00082     6.00082           0
           2     5.71916     5.85999   0.0995838
           3     5.90022      5.8734    0.067286
           4     5.78417     5.85109   0.0540355
           5     5.77113      5.8351   0.0455337
           6     5.44055     5.76934   0.0710156
           7     5.44829     5.72348   0.0742176
           8     5.22394     5.66104   0.0873435
           9     5.36255     5.62787   0.0836988
          10     5.42036     5.60712   0.0778587
          11     5.68392      5.6141    0.071093
          12     5.44256     5.59981   0.0665903
          13     5.77787      5.6135   0.0628609
          14     5.67463     5.61787   0.0585222
          15     5.53466     5.61232    0.054883
          16     5.47236     5.60357   0.0521453
          17     5.97859     5.62563    0.053541
          18     5.57625     5.62289   0.0506368
          19     5.56655     5.61993   0.0480584
          20     5.73231     5.62554   0.0459828
           0        -nan        -nan        -nan
           1     29.8071     29.8071           0
           2     33.6624     31.7347     1.36306
           3     30.2103     31.2266    0.998939
           4     26.4191     30.0247     1.28245
           5     28.0226     29.6243     1.08668
           6      26.163     29.0474     1.04756
           7     27.6541     28.8484    0.916623
           8     30.0802     29.0023    0.814876
           9     29.0605     29.0088    0.724359
          10     29.9237     29.1003    0.657676
          11      28.328     29.0301    0.601623
          12     26.9937     28.8604    0.574922
          13     25.3044     28.5869    0.592204
          14     29.7969     28.6733    0.556176
          15     26.6821     28.5405    0.534704
          16     26.9165      28.439    0.510828
          17     31.8836     28.6417    0.519413
          18     31.5603     28.8038    0.515244
          19     28.1285     28.7683     0.48935
          20     29.3477     28.7972     0.46574
           0        -nan        -nan        -nan
           1     6.00082     6.00082           0
           2     5.71916     5.85999   0.0995838
           3     5.90022      5.8734    0.067286
           4     5.78417     5.85109   0.0540355
           5     5.77113      5.8351   0.0455337
           6     5.44055     5.76934   0.0710156
           7     5.44829     5.72348   0.0742176
           8     5.22394     5.66104   0.0873435
           9     5.36255     5.62787   0.0836988
          10     5.42036     5.60712   0.0778587
          11     5.68392      5.6141    0.071093
          12     5.44256     5.59981   0.0665903
          13     5.77787      5.6135   0.0628609
          14     5.67463     5.61787   0.0585222
          15     5.53466     5.61232    0.054883
          16     5.47236     5.60357   0.0521453
          17     5.97859     5.62563    0.053541
          18     5.57625     5.62289   0.0506368
          19     5.56655     5.61993   0.0480584
          20     5.73231     5.62554   0.0459828
           0        -nan        -nan        -nan
           1     6.00082     6.00082           0
           2     5.71916     5.85999   0.0995838
           3     5.90022      5.8734    0.067286
           4     5.78417     5.85109   0.0540355
           5     5.77113      5.8351   0.0455337
           6     5.44055     5.76934   0.0710156
           7     5.44829     5.72348   0.0742176
           8     5.22394     5.66104   0.0873435
           9     5.36255     5.62787   0.0836988
          10     5.42036     5.60712   0.0778587
          11     5.68392      5.6141    0.071093
          12     5.44256     5.59981   0.0665903
          13     5.77787      5.6135   0.0628609
          14     5.67463     5.61787   0.0585222
          15     5.53466     5.61232    0.054883
          16     5.47236     5.60357   0.0521453
          17     5.97859     5.62563    0.053541
          18     5.57625     5.62289   0.0506368
          19     5.56655     5.61993   0.0480584
          20     5.73231     5.62554   0.0459828
           0        -nan        -nan        -nan
           1     6.00082     6.00082           0
           2     5.71916     5.85999   0.0995838
           3     5.90022      5.8734    0.067286
           4     5.78417     5.85109   0.0540355
           5     5.77113      5.8351   0.0455337
           6     5.44055     5.76934   0.0710156
           7     5.44829     5.72348   0.0742176
           8     5.22394     5.66104   0.0873435
           9     5.36255     5.62787   0.0836988
          10     5.42036     5.60712   0.0778587
          11     5.68392      5.6141    0.071093
          12     5.44256     5.59981   0.0665903
          13     5.77787      5.6135   0.0628609
          14     5.67463     5.61787   0.0585222
          15     5.53466     5.61232    0.054883
          16     5.47236     5.60357   0.0521453
          17     5.97859     5.62563    0.053541
          18     5.57625     5.62289   0.0506368
          19     5.56655     5.61993   0.0480584
          20     5.73231     5.62554   0.0459828
           0        -nan        -nan        -nan
           1     5.71916     5.71916           0
           2     5.90022     5.80969    0.064015
           3     5.78417     5.80118   0.0432379
           4     5.77113     5.79367   0.0330749
           5     5.44055     5.72305   0.0684853
           6     5.44829     5.67725    0.070743
           7     5.22394     5.61249   0.0852727
           8     5.36255     5.58125   0.0801332
           9     5.42036     5.56337   0.0731963
          10     5.68392     5.57543   0.0668619
          11     5.44256     5.56335    0.061865
          12     5.77787     5.58123   0.0592362
          13     5.67463     5.58841   0.0551135
          14     5.53466     5.58457   0.0513104
          15     5.47236     5.57709   0.0484319
          16     5.97859     5.60219    0.051497
          17     5.57625     5.60066   0.0484903
          18     5.56655     5.59876   0.0458334
          19     5.73231     5.60579   0.0439568
          20     5.58401      5.6047   0.0417724
           0        -nan        -nan        -nan
           1     5.71916     5.71916           0
           2     5.90022     5.80969    0.064015
           3     5.78417     5.80118   0.0432379
           4     5.77113     5.79367   0.0330749
           5     5.44055     5.72305   0.0684853
           6     5.44829     5.67725    0.070743
           7     5.22394     5.61249   0.0852727
           8     5.36255     5.58125   0.0801332
           9     5.42036     5.56337   0.0731963
          10     5.68392     5.57543   0.0668619
          11     5.44256     5.56335    0.061865
          12     5.77787     5.58123   0.0592362
          13     5.67463     5.58841   0.0551135
          14     5.53466     5.58457   0.0513104
          15     5.47236     5.57709   0.0484319
          16     5.97859     5.60219    0.051497
          17     5.57625     5.60066   0.0484903
          18     5.56655     5.59876   0.0458334
          19     5.73231     5.60579   0.0439568
          20     5.58401      5.6047   0.0417724
           0        -nan        -nan        -nan
           1     5.71916     5.71916           0
           2     5.90022     5.80969    0.064015
           3     5.78417     5.80118   0.0432379
           4     5.77113     5.79367   0.0330749
           5     5.44055     5.72305   0.0684853
           6     5.44829     5.67725    0.070743
           7     5.22394     5.61249   0.0852727
           8     5.36255     5.58125   0.0801332
           9     5.42036     5.56337   0.0731963
          10     5.68392     5.57543   0.0668619
          11     5.44256     5.56335    0.061865
          12     5.77787     5.58123   0.0592362
          13     5.67463     5.58841   0.0551135
          14     5.53466     5.58457   0.0513104
          15     5.47236     5.57709   0.0484319
          16     5.97859     5.60219    0.051497
          17     5.57625     5.60066   0.0484903
          18     5.56655     5.59876   0.0458334
          19     5.73231     5.60579   0.0439568
          20     5.58401      5.6047   0.0417724
          21     5.51947     5.60064     0.03998
          22      5.3095     5.58741   0.0402935
          23     5.86985     5.59969   0.0403695
          24      5.4992      5.5955   0.0389039
          25     5.58383     5.59504   0.0373506
          26     5.82609     5.60392   0.0369561
          27     5.65813     5.60593   0.0356418
          28     5.26817     5.59387   0.0363529
          29     5.48554     5.59013   0.0352907
          30     5.64862     5.59208   0.0341682
          31     5.29327     5.58244   0.0343987
          32     5.70082     5.58614   0.0335221
          33     5.53802     5.58468    0.032538
          34     5.56085     5.58398   0.0315885
          35     5.78684     5.58978   0.0312132
          36     6.00973     5.60144   0.0324529
          37     5.87427     5.60882   0.0324026
          38     5.48995     5.60569   0.0317006
          39     5.12261      5.5933   0.0332197
          40     5.64944     5.59471   0.0324188
           0        -nan        -nan        -nan
           1     5.71916     5.71916           0
           2     5.90022     5.80969    0.064015
           3     5.78417     5.80118   0.0432379
           4     5.77113     5.79367   0.0330749
           5     5.44055     5.72305   0.0684853
           6     5.44829     5.67725    0.070743
           7     5.22394     5.61249   0.0852727
           8     5.36255     5.58125   0.0801332
           9     5.42036     5.56337   0.0731963
          10     5.68392     5.57543   0.0668619
          11     5.44256     5.56335    0.061865
          12     5.77787     5.58123   0.0592362
          13     5.67463     5.58841   0.0551135
          14     5.53466     5.58457   0.0513104
          15     5.47236     5.57709   0.0484319
          16     5.97859     5.60219    0.051497
          17     5.57625     5.60066   0.0484903
          18     5.56655     5.59876   0.0458334
          19     5.73231     5.60579   0.0439568
          20     5.58401      5.6047   0.0417724
          21     5.51947     5.60064     0.03998
          22      5.3095     5.58741   0.0402935
          23     5.86985     5.59969   0.0403695
          24      5.4992      5.5955   0.0389039
          25     5.58383     5.59504   0.0373506
          26     5.82609     5.60392   0.0369561
          27     5.65813     5.60593   0.0356418
          28     5.26817     5.59387   0.0363529
          29     5.48554     5.59013   0.0352907
          30     5.64862     5.59208   0.0341682
          31     5.29327     5.58244   0.0343987
          32     5.70082     5.58614   0.0335221
          33     5.53802     5.58468    0.032538
          34     5.56085     5.58398   0.0315885
          35     5.78684     5.58978   0.0312132
          36     6.00973     5.60144   0.0324529
          37     5.87427     5.60882   0.0324026
          38     5.48995     5.60569   0.0317006
          39     5.12261      5.5933   0.0332197
          40     5.64944     5.59471   0.0324188
          41     5.69474     5.59715   0.0317198
          42     5.47623     5.59427   0.0310949
          43     5.64692     5.59549   0.0303959
          44     5.46846     5.59261   0.0298419
          45     5.18942     5.58365   0.0304941
          46     5.55733     5.58307   0.0298366
          47     5.80321     5.58776   0.0295671
          48      5.5543     5.58706   0.0289593
          49     5.73607      5.5901   0.0285275
          50      5.8149      5.5946    0.028309
          51     5.72481     5.59715   0.0278689
          52     5.63247     5.59783   0.0273412
          53     5.98039     5.60505   0.0277618
          54     5.17297     5.59705   0.0283774
          55     5.64036     5.59783   0.0278723
          56     5.49145     5.59593   0.0274393
          57     5.78743     5.59929   0.0271628
          58     5.62698     5.59977   0.0266986
          59     5.37478     5.59596   0.0265171
          60     5.89976     5.60102   0.0265541
          61     5.45808     5.59868    0.026222
          62     5.73388     5.60086   0.0258896
          63     5.66695     5.60191   0.0254999
          64     5.43962     5.59937   0.0252272
          65     5.83465     5.60299   0.0250975
          66     5.98054     5.60871   0.0253607
          67     5.46858     5.60662   0.0250683
          68     5.27913      5.6018    0.025158
          69     5.45299     5.59965   0.0248857
          70     5.45925     5.59764   0.0246109
          71     5.77591     5.60015    0.024392
          72     5.53388     5.59923   0.0240706
          73     5.56474     5.59876   0.0237455
          74     5.28793     5.59456   0.0237932
          75     5.46826     5.59288   0.0235355
          76     5.48255     5.59142   0.0232705
          77     5.41375     5.58912   0.0230824
          78      5.5473     5.58858   0.0227927
          79     5.62769     5.58908   0.0225096
          80     5.26143     5.58498   0.0225977
          81     5.26828     5.58107   0.0226545
          82     5.41096       5.579    0.022473
          83     5.69418     5.58038    0.022245
          84     5.75127     5.58242    0.022073
          85     5.59223     5.58253   0.0218137
          86     5.97737     5.58712   0.0220379
          87     5.48788     5.58598   0.0218141
          88     5.83989     5.58887   0.0217562
          89     5.60259     5.58902   0.0215122
          90     5.66039     5.58982   0.0212878
          91     5.34608     5.58714   0.0212217
          92     5.79233     5.58937   0.0211079
          93     5.53421     5.58877   0.0208893
          94     5.22209     5.58487   0.0210281
          95      5.4033     5.58296   0.0208935
          96     5.74326     5.58463   0.0207424
          97      5.9279     5.58817   0.0208283
          98     5.65387     5.58884   0.0206266
          99      5.7349     5.59032   0.0204709
         100     5.88508     5.59326   0.0204773
           0        -nan        -nan        -nan
           1     5.71916     5.71916           0
           2     5.90022     5.80969    0.064015
           3     5.78417     5.80118   0.0432379
           4     5.77113     5.79367   0.0330749
           5     5.44055     5.72305   0.0684853
           6     5.44829     5.67725    0.070743
           7     5.22394     5.61249   0.0852727
           8     5.36255     5.58125   0.0801332
           9     5.42036     5.56337   0.0731963
          10     5.68392     5.57543   0.0668619
          11     5.44256     5.56335    0.061865
          12     5.77787     5.58123   0.0592362
          13     5.67463     5.58841   0.0551135
          14     5.53466     5.58457   0.0513104
          15     5.47236     5.57709   0.0484319
          16     5.97859     5.60219    0.051497
          17     5.57625     5.60066   0.0484903
          18     5.56655     5.59876   0.0458334
          19     5.73231     5.60579   0.0439568
          20     5.58401      5.6047   0.0417724
          21     5.51947     5.60064     0.03998
          22      5.3095     5.58741   0.0402935
          23     5.86985     5.59969   0.0403695
          24      5.4992      5.5955   0.0389039
          25     5.58383     5.59504   0.0373506
          26     5.82609     5.60392   0.0369561
          27     5.65813     5.60593   0.0356418
          28     5.26817     5.59387   0.0363529
          29     5.48554     5.59013   0.0352907
          30     5.64862     5.59208   0.0341682
          31     5.29327     5.58244   0.0343987
          32     5.70082     5.58614   0.0335221
          33     5.53802     5.58468    0.032538
          34     5.56085     5.58398   0.0315885
          35     5.78684     5.58978   0.0312132
          36     6.00973     5.60144   0.0324529
          37     5.87427     5.60882   0.0324026
          38     5.48995     5.60569   0.0317006
          39     5.12261      5.5933   0.0332197
          40     5.64944     5.59471   0.0324188
