           1     0.70944     0.70944           0
           2     0.88652     0.79798   0.0626072
           3    0.924916    0.840292   0.0541813
           4    0.930872    0.862937   0.0451207
           5    0.902968    0.870943      0.0368
           6    0.899632    0.875725   0.0309758
           7    0.957756    0.887443   0.0286818
           8    0.919304    0.891426   0.0253716
           9    0.793988      0.8806   0.0247549
          10      0.9511     0.88765   0.0232617
          11    0.937436    0.892176   0.0215828
          12    0.946684    0.896718   0.0202566
          13    0.933552    0.899551   0.0188955
          14    0.943884    0.902718   0.0178092
          15     0.78982    0.895191   0.0181428
          16    0.883792    0.894479   0.0170228
          17    0.947416    0.897593   0.0163038
          18    0.958232    0.900962   0.0157422
          19    0.881076    0.899915   0.0149485
          20    0.940772    0.901958   0.0143399
           0        -nan        -nan        -nan
           1           0           0           0
           2           0           0           0
           3           0           0           0
           4           0           0           0
           5           0           0           0
           6           0           0           0
           7           0           0           0
           8           0           0           0
           9           0           0           0
          10           0           0           0
          11           0           0           0
          12           0           0           0
          13           0           0           0
          14           0           0           0
          15           0           0           0
          16           0           0           0
          17           0           0           0
          18           0           0           0
          19           0           0           0
          20           0           0           0
           0        -nan        -nan        -nan
           1           0           0           0
           2           0           0           0
           3           0           0           0
           4           0           0           0
           5           0           0           0
           6           0           0           0
           7           0           0           0
           8           0           0           0
           9           0           0           0
          10           0           0           0
          11           0           0           0
          12           0           0           0
          13           0           0           0
          14           0           0           0
          15           0           0           0
          16           0           0           0
          17           0           0           0
          18           0           0           0
          19           0           0           0
          20           0           0           0
           0        -nan        -nan        -nan
           1    0.924916    0.924916           0
           2    0.930872    0.927894  0.00210576
           3    0.902968    0.919585  0.00692773
           4    0.899632    0.914597  0.00675714
           5    0.957756    0.923229  0.00942486
           6    0.919304    0.922575  0.00787672
           7    0.793988    0.904205    0.018298
           8      0.9511    0.910067   0.0169236
           9    0.937436    0.913108    0.015314
          10    0.946684    0.916466   0.0141459
          11    0.933552    0.918019   0.0129449
          12    0.943884    0.920174   0.0120443
          13     0.78982    0.910147   0.0147111
          14    0.883792    0.908265   0.0137802
          15    0.947416    0.910875   0.0131064
          16    0.958232    0.913835   0.0126171
          17    0.881076    0.911908   0.0120211
          18    0.940772    0.913511   0.0114597
          19    0.939072    0.914856   0.0109353
          20    0.948368    0.916532   0.0105161
           0        -nan        -nan        -nan
           1          -1          -1           0
           2          -1          -1           0
           3          -1          -1           0
           4          -1          -1           0
           5          -1          -1           0
           6          -1          -1           0
           7   -0.999988   -0.999998 1.58712e-06
           8          -1   -0.999999 1.40312e-06
           9          -1   -0.999999 1.25707e-06
          10          -1   -0.999999 1.13842e-06
          11          -1   -0.999999 1.04014e-06
          12          -1   -0.999999 9.57426e-07
          13          -1   -0.999999 8.86862e-07
          14          -1   -0.999999 8.25959e-07
          15          -1   -0.999999 7.72871e-07
          16          -1   -0.999999 7.26178e-07
          17          -1   -0.999999 6.84791e-07
          18          -1   -0.999999 6.47872e-07
          19          -1   -0.999999 6.14719e-07
          20          -1   -0.999999 5.84797e-07
           0        -nan        -nan        -nan
           1    0.764136    0.764136           0
           2     0.86256    0.813348   0.0347981
           3    0.588908    0.738535   0.0653417
           4    0.612908    0.707128   0.0560482
           5    0.775652    0.720833   0.0464839
           6    0.840684    0.740808   0.0428139
           7    0.850192    0.756434   0.0394463
           8     0.42774    0.715348   0.0516569
           9     0.78994    0.723636   0.0465774
          10     0.86858     0.73813   0.0441173
          11    0.519304    0.718237   0.0443656
          12    0.566652    0.705605   0.0424287
          13    0.804472     0.71321   0.0398407
          14      0.6849    0.711188   0.0370463
          15      0.2387    0.679689   0.0460607
          16      0.9312    0.695408   0.0457857
          17    0.849448    0.704469   0.0439799
          18      0.6219    0.699882   0.0417751
          19    0.476116    0.688105   0.0412031
          20    0.857204     0.69656    0.040001
           0        -nan        -nan        -nan
           1    0.924916    0.924916           0
           2    0.930872    0.927894  0.00210576
           3    0.902968    0.919585  0.00692773
           4    0.899632    0.914597  0.00675714
           5    0.957756    0.923229  0.00942486
           6    0.919304    0.922575  0.00787672
           7    0.793988    0.904205    0.018298
           8      0.9511    0.910067   0.0169236
           9    0.937436    0.913108    0.015314
          10    0.946684    0.916466   0.0141459
          11    0.933552    0.918019   0.0129449
          12    0.943884    0.920174   0.0120443
          13     0.78982    0.910147   0.0147111
          14    0.883792    0.908265   0.0137802
          15    0.947416    0.910875   0.0131064
          16    0.958232    0.913835   0.0126171
          17    0.881076    0.911908   0.0120211
          18    0.940772    0.913511   0.0114597
          19    0.939072    0.914856   0.0109353
          20    0.948368    0.916532   0.0105161
           0        -nan        -nan        -nan
           1    0.924916    0.924916           0
           2    0.930872    0.927894  0.00210576
           3    0.902968    0.919585  0.00692773
           4    0.899632    0.914597  0.00675714
           5    0.957756    0.923229  0.00942486
           6    0.919304    0.922575  0.00787672
           7    0.793988    0.904205    0.018298
           8      0.9511    0.910067   0.0169236
           9    0.937436    0.913108    0.015314
          10    0.946684    0.916466   0.0141459
          11    0.933552    0.918019   0.0129449
          12    0.943884    0.920174   0.0120443
          13     0.78982    0.910147   0.0147111
          14    0.883792    0.908265   0.0137802
          15    0.947416    0.910875   0.0131064
          16    0.958232    0.913835   0.0126171
          17    0.881076    0.911908   0.0120211
          18    0.940772    0.913511   0.0114597
          19    0.939072    0.914856   0.0109353
          20    0.948368    0.916532   0.0105161
           0        -nan        -nan        -nan
           1    0.930872    0.930872           0
           2    0.902968     0.91692  0.00986555
           3    0.899632    0.911157   0.0080868
           4    0.957756    0.922807   0.0117716
           5    0.919304    0.922106  0.00943814
           6    0.793988    0.900753   0.0210195
           7      0.9511    0.907946   0.0192079
           8    0.937436    0.911632    0.017157
           9    0.946684    0.915527   0.0156865
          10    0.933552    0.917329    0.014221
          11    0.943884    0.919743   0.0131315
          12     0.78982    0.908916   0.0158855
          13    0.883792    0.906984   0.0147806
          14    0.947416    0.909872   0.0140042
          15    0.958232    0.913096   0.0134365
          16    0.881076    0.911095   0.0127449
          17    0.940772     0.91284   0.0121142
          18    0.939072    0.914298   0.0115285
          19    0.948368    0.916091   0.0110603
          20    0.972368    0.918905   0.0108593
           0        -nan        -nan        -nan
           1    0.902968    0.902968           0
           2    0.899632      0.9013  0.00117945
           3    0.957756    0.920119   0.0153855
           4    0.919304    0.919915   0.0115405
           5    0.793988     0.89473    0.024345
           6      0.9511    0.904125   0.0220259
           7    0.937436    0.908883   0.0193866
           8    0.946684    0.913609   0.0175296
           9    0.933552    0.915824   0.0157213
          10    0.943884     0.91863   0.0143974
          11     0.78982     0.90692   0.0172038
          12    0.883792    0.904993   0.0158777
          13    0.947416    0.908256    0.014988
          14    0.958232    0.911826   0.0143362
          15    0.881076    0.909776   0.0135262
          16    0.940772    0.911713   0.0128188
          17    0.939072    0.913323   0.0121654
          18    0.948368     0.91527   0.0116443
          19    0.972368    0.918275   0.0114126
          20    0.824388     0.91358   0.0117679
           0        -nan        -nan        -nan
           1    0.906972    0.906972           0
           2    0.947824    0.927398   0.0144434
           3     0.96368    0.939492   0.0137922
           4     0.95062    0.942274    0.010621
           5    0.841356     0.92209   0.0199524
           6    0.823704    0.905693   0.0223725
           7    0.718296    0.878922   0.0313375
           8    0.696484    0.856117   0.0347407
           9    0.912748    0.862409   0.0314453
          10     0.94878    0.871046   0.0294631
          11    0.926664    0.876103    0.027215
          12    0.933648    0.880898   0.0253661
          13    0.903696    0.882652   0.0234754
          14    0.930492    0.886069   0.0220459
          15    0.901264    0.887082   0.0205994
          16    0.931332    0.889847   0.0194967
          17    0.850128    0.887511   0.0184893
          18    0.730168     0.87877   0.0194188
          19    0.865584    0.878076   0.0184092
          20     0.95666    0.882005   0.0179031
          21    0.940516    0.884791   0.0172661
          22      0.9603    0.888223   0.0168189
          23    0.824568    0.885456   0.0163138
          24      0.9122     0.88657   0.0156721
          25     0.97178    0.889979   0.0154113
          26     0.92686    0.891397   0.0148837
          27    0.927448    0.892732   0.0143923
          28    0.952156    0.894855   0.0140339
          29    0.965932    0.897306   0.0137623
          30    0.913664    0.897851   0.0133143
          31    0.895568    0.897777    0.012885
          32    0.901992    0.897909   0.0124831
          33    0.780848    0.894362   0.0125987
          34    0.911004    0.894851   0.0122377
          35    0.865168    0.894003   0.0119174
          36    0.880532    0.893629   0.0115922
          37    0.965464     0.89557   0.0114403
          38    0.949548    0.896991   0.0112271
          39    0.850144     0.89579   0.0110033
          40    0.907016     0.89607   0.0107318
           0        -nan        -nan        -nan
           1     0.96262     0.96262           0
           2      0.8462     0.90441   0.0411607
           3    0.807692    0.872171   0.0380249
           4    0.940552    0.889266   0.0321326
           5    0.896736     0.89076   0.0257408
           6    0.769152    0.870492   0.0283277
           7    0.812504    0.862208   0.0254633
           8    0.951028     0.87331    0.024582
           9    0.952564    0.882116   0.0233748
          10    0.896316    0.883536   0.0210804
          11    0.929664     0.88773   0.0195766
          12    0.913296     0.88986   0.0180608
          13    0.907848    0.891244   0.0167244
          14    0.944068    0.895017   0.0159498
          15    0.952928    0.898878   0.0153466
          16    0.947484    0.901916    0.014685
          17    0.828772    0.897613   0.0144378
          18    0.822088    0.893417   0.0142323
          19     0.94512    0.896139   0.0137409
          20     0.81946    0.892305   0.0135782
          21    0.854272    0.890494   0.0130518
          22    0.929908    0.892285   0.0125809
          23    0.932944    0.894053   0.0121575
          24    0.898284    0.894229   0.0116522
          25     0.92134    0.895314   0.0112365
          26      0.8818    0.894794   0.0108163
          27    0.938016    0.896395   0.0105335
          28     0.95498    0.898487    0.010363
          29    0.964696     0.90077   0.0102541
          30     0.51842    0.888025   0.0159773
          31    0.931776    0.889436   0.0155241
          32    0.944488    0.891157    0.015134
          33    0.939844    0.892632   0.0147471
          34    0.924376    0.893566   0.0143429
          35    0.834272    0.891872   0.0140328
          36     0.94686    0.893399   0.0137259
          37    0.958352    0.895155   0.0134667
          38      0.9563    0.896764   0.0132081
          39    0.968332    0.898599   0.0129963
          40    0.728424    0.894344   0.0133496
          41    0.909168    0.894706   0.0130289
          42     0.92828    0.895505   0.0127432
          43    0.936848    0.896467    0.012483
          44    0.810204    0.894506   0.0123523
          45    0.900152    0.894632   0.0120785
          46    0.934388    0.895496   0.0118468
          47    0.864076    0.894827   0.0116136
          48     0.96606    0.896311    0.011466
          49    0.932904    0.897058   0.0112563
          50    0.916244    0.897442   0.0110377
          51     0.34906    0.886689   0.0151806
          52     0.91494    0.887233   0.0148984
          53    0.929632    0.888033   0.0146388
          54    0.960532    0.889375   0.0144291
          55      0.8295    0.888287   0.0142078
          56    0.912388    0.888717   0.0139606
          57    0.873744    0.888454   0.0137181
          58    0.924904    0.889083    0.013496
          59     0.83286     0.88813   0.0133009
          60    0.950768    0.889174   0.0131201
          61    0.952204    0.890207   0.0129456
          62     0.81888    0.889057   0.0127878
          63    0.900608     0.88924   0.0125862
          64    0.873536    0.888995   0.0123919
          65     0.94182    0.889807   0.0122279
          66    0.929324    0.890406   0.0120573
          67      0.8424     0.88969   0.0118986
          68    0.965004    0.890797    0.011775
          69     0.95186    0.891682   0.0116376
          70      0.8741    0.891431    0.011474
          71     0.96572    0.892477     0.01136
          72    0.766648     0.89073   0.0113359
          73    0.912116    0.891023   0.0111844
          74    0.952676    0.891856   0.0110642
          75    0.966212    0.892847   0.0109611
          76     0.93726    0.893432   0.0108324
          77    0.904468    0.893575   0.0106927
          78    0.930748    0.894051   0.0105662
          79    0.973072    0.895052   0.0104797
          80     0.97836    0.896093   0.0104003
          81    0.947856    0.896732   0.0102915
          82    0.943176    0.897298   0.0101816
          83    0.911244    0.897467   0.0100603
          84    0.908684      0.8976  0.00994142
          85     0.91458      0.8978  0.00982647
          86    0.978356    0.898737  0.00975675
          87    0.811924    0.897739  0.00969549
          88    0.912184    0.897903  0.00958671
          89    0.671996    0.895365  0.00980927
          90    0.542992    0.891449   0.0104525
          91     0.75898    0.889994   0.0104385
          92    0.957516    0.890728   0.0103508
          93     0.65346    0.888176   0.0105492
          94    0.903652    0.888341   0.0104383
          95     0.96246    0.889121   0.0103575
          96    0.891652    0.889147   0.0102497
          97    0.959452    0.889872   0.0101696
          98    0.925088    0.890232   0.0100722
          99    0.890928    0.890239  0.00997044
         100    0.907004    0.890406  0.00987214
           0        -nan        -nan        -nan
           1    0.906972    0.906972           0
           2    0.947824    0.927398   0.0144434
           3     0.96368    0.939492   0.0137922
           4     0.95062    0.942274    0.010621
           5    0.841356     0.92209   0.0199524
           6    0.823704    0.905693   0.0223725
           7    0.718296    0.878922   0.0313375
           8    0.696484    0.856117   0.0347407
           9    0.912748    0.862409   0.0314453
          10     0.94878    0.871046   0.0294631
          11    0.926664    0.876103    0.027215
          12    0.933648    0.880898   0.0253661
          13    0.903696    0.882652   0.0234754
          14    0.930492    0.886069   0.0220459
          15    0.901264    0.887082   0.0205994
          16    0.931332    0.889847   0.0194967
          17    0.850128    0.887511   0.0184893
          18    0.730168     0.87877   0.0194188
          19    0.865584    0.878076   0.0184092
          20     0.95666    0.882005   0.0179031
          21    0.940516    0.884791   0.0172661
          22      0.9603    0.888223   0.0168189
          23    0.824568    0.885456   0.0163138
          24      0.9122     0.88657   0.0156721
          25     0.97178    0.889979   0.0154113
          26     0.92686    0.891397   0.0148837
          27    0.927448    0.892732   0.0143923
          28    0.952156    0.894855   0.0140339
          29    0.965932    0.897306   0.0137623
          30    0.913664    0.897851   0.0133143
          31    0.895568    0.897777    0.012885
          32    0.901992    0.897909   0.0124831
          33    0.780848    0.894362   0.0125987
          34    0.911004    0.894851   0.0122377
          35    0.865168    0.894003   0.0119174
          36    0.880532    0.893629   0.0115922
          37    0.965464     0.89557   0.0114403
          38    0.949548    0.896991   0.0112271
          39    0.850144     0.89579   0.0110033
          40    0.907016     0.89607   0.0107318
