           1    0.337978    0.337978           0
           2    0.355824    0.346901  0.00630934
           3    0.337608    0.343803  0.00490813
           4    0.345045    0.344114   0.0036909
           5    0.345527    0.344396  0.00296353
           6    0.339165    0.343524  0.00259471
           7    0.344354    0.343643  0.00222674
           8     0.34316    0.343583  0.00194922
           9    0.342657     0.34348  0.00173535
          10     0.35213    0.344345  0.00176429
          11    0.344338    0.344344   0.0016039
          12    0.334061    0.343487  0.00168368
          13     0.34825    0.343854  0.00159354
          14    0.344571    0.343905  0.00148053
          15    0.335825    0.343366  0.00147658
          16    0.351433     0.34387  0.00146784
          17     0.34876    0.344158   0.0014094
          18     0.34538    0.344226  0.00133273
          19    0.351081    0.344587  0.00131052
          20    0.345398    0.344627  0.00124562
           1    0.337978    0.337978           0
           2    0.355824    0.346901  0.00630934
           3    0.337608    0.343803  0.00490813
           4    0.345045    0.344114   0.0036909
           5    0.345527    0.344396  0.00296353
           6    0.339165    0.343524  0.00259471
           7    0.344354    0.343643  0.00222674
           8     0.34316    0.343583  0.00194922
           9    0.342657     0.34348  0.00173535
          10     0.35213    0.344345  0.00176429
          11    0.344338    0.344344   0.0016039
          12    0.334061    0.343487  0.00168368
          13     0.34825    0.343854  0.00159354
          14    0.344571    0.343905  0.00148053
          15    0.335825    0.343366  0.00147658
          16    0.351433     0.34387  0.00146784
          17     0.34876    0.344158   0.0014094
          18     0.34538    0.344226  0.00133273
          19    0.351081    0.344587  0.00131052
          20    0.345398    0.344627  0.00124562
           0        -nan        -nan        -nan
           1    0.355824    0.355824           0
           2    0.337608    0.346716  0.00644034
           3    0.345045    0.346159  0.00431758
           4    0.345527    0.346001  0.00324107
           5    0.339165    0.344634  0.00286676
           6    0.344354    0.344587  0.00238935
           7     0.34316    0.344383  0.00205669
           8    0.342657    0.344167  0.00181089
           9     0.35213    0.345052  0.00181296
          10    0.344338    0.344981  0.00163307
          11    0.334061    0.343988  0.00176069
          12     0.34825    0.344343   0.0016494
          13    0.344571    0.344361  0.00152261
          14    0.335825    0.343751  0.00153107
          15    0.351433    0.344263  0.00151223
          16     0.34876    0.344544  0.00144359
          17     0.34538    0.344593  0.00135951
          18    0.351081    0.344954  0.00133091
          19    0.345398    0.344977  0.00126107
          20    0.343422    0.344899  0.00120041
           0        -nan        -nan        -nan
           1    0.355824    0.355824           0
           2    0.337608    0.346716  0.00644034
           3    0.345045    0.346159  0.00431758
           4    0.345527    0.346001  0.00324107
           5    0.339165    0.344634  0.00286676
           6    0.344354    0.344587  0.00238935
           7     0.34316    0.344383  0.00205669
           8    0.342657    0.344167  0.00181089
           9     0.35213    0.345052  0.00181296
          10    0.344338    0.344981  0.00163307
          11    0.334061    0.343988  0.00176069
          12     0.34825    0.344343   0.0016494
          13    0.344571    0.344361  0.00152261
          14    0.335825    0.343751  0.00153107
          15    0.351433    0.344263  0.00151223
          16     0.34876    0.344544  0.00144359
          17     0.34538    0.344593  0.00135951
          18    0.351081    0.344954  0.00133091
          19    0.345398    0.344977  0.00126107
          20    0.343422    0.344899  0.00120041
           0        -nan        -nan        -nan
           1    0.355824    0.355824           0
           2    0.337608    0.346716  0.00644034
           3    0.345045    0.346159  0.00431758
           4    0.345527    0.346001  0.00324107
           5    0.339165    0.344634  0.00286676
           6    0.344354    0.344587  0.00238935
           7     0.34316    0.344383  0.00205669
           8    0.342657    0.344167  0.00181089
           9     0.35213    0.345052  0.00181296
          10    0.344338    0.344981  0.00163307
          11    0.334061    0.343988  0.00176069
          12     0.34825    0.344343   0.0016494
          13    0.344571    0.344361  0.00152261
          14    0.335825    0.343751  0.00153107
          15    0.351433    0.344263  0.00151223
          16     0.34876    0.344544  0.00144359
          17     0.34538    0.344593  0.00135951
          18    0.351081    0.344954  0.00133091
          19    0.345398    0.344977  0.00126107
          20    0.343422    0.344899  0.00120041
           0        -nan        -nan        -nan
           1    0.112393    0.112393           0
           2    0.108455    0.110424  0.00139239
           3    0.106647    0.109165  0.00138494
           4    0.108831    0.109081  0.00104122
           5    0.119932    0.111252  0.00211219
           6    0.108389    0.110774  0.00181326
           7    0.101662    0.109473  0.00196676
           8    0.112719    0.109878  0.00176229
           9    0.109554    0.109842  0.00156685
          10    0.111131    0.109971  0.00141546
          11    0.112681    0.110218  0.00130804
          12    0.106277    0.109889  0.00123957
          13   0.0976819     0.10895  0.00145711
          14    0.112259    0.109187  0.00137206
          15    0.103244     0.10879  0.00133656
          16    0.109775    0.108852  0.00125444
          17    0.109447    0.108887  0.00118114
          18    0.100617    0.108427  0.00120155
          19    0.111579    0.108593  0.00114971
          20    0.108347    0.108581  0.00109229
           0        -nan        -nan        -nan
           1    0.355824    0.355824           0
           2    0.337608    0.346716  0.00644034
           3    0.345045    0.346159  0.00431758
           4    0.345527    0.346001  0.00324107
           5    0.339165    0.344634  0.00286676
           6    0.344354    0.344587  0.00238935
           7     0.34316    0.344383  0.00205669
           8    0.342657    0.344167  0.00181089
           9     0.35213    0.345052  0.00181296
          10    0.344338    0.344981  0.00163307
          11    0.334061    0.343988  0.00176069
          12     0.34825    0.344343   0.0016494
          13    0.344571    0.344361  0.00152261
          14    0.335825    0.343751  0.00153107
          15    0.351433    0.344263  0.00151223
          16     0.34876    0.344544  0.00144359
          17     0.34538    0.344593  0.00135951
          18    0.351081    0.344954  0.00133091
          19    0.345398    0.344977  0.00126107
          20    0.343422    0.344899  0.00120041
           0        -nan        -nan        -nan
           1    0.355824    0.355824           0
           2    0.337608    0.346716  0.00644034
           3    0.345045    0.346159  0.00431758
           4    0.345527    0.346001  0.00324107
           5    0.339165    0.344634  0.00286676
           6    0.344354    0.344587  0.00238935
           7     0.34316    0.344383  0.00205669
           8    0.342657    0.344167  0.00181089
           9     0.35213    0.345052  0.00181296
          10    0.344338    0.344981  0.00163307
          11    0.334061    0.343988  0.00176069
          12     0.34825    0.344343   0.0016494
          13    0.344571    0.344361  0.00152261
          14    0.335825    0.343751  0.00153107
          15    0.351433    0.344263  0.00151223
          16     0.34876    0.344544  0.00144359
          17     0.34538    0.344593  0.00135951
          18    0.351081    0.344954  0.00133091
          19    0.345398    0.344977  0.00126107
          20    0.343422    0.344899  0.00120041
           0        -nan        -nan        -nan
           1    0.355824    0.355824           0
           2    0.337608    0.346716  0.00644034
           3    0.345045    0.346159  0.00431758
           4    0.345527    0.346001  0.00324107
           5    0.339165    0.344634  0.00286676
           6    0.344354    0.344587  0.00238935
           7     0.34316    0.344383  0.00205669
           8    0.342657    0.344167  0.00181089
           9     0.35213    0.345052  0.00181296
          10    0.344338    0.344981  0.00163307
          11    0.334061    0.343988  0.00176069
          12     0.34825    0.344343   0.0016494
          13    0.344571    0.344361  0.00152261
          14    0.335825    0.343751  0.00153107
          15    0.351433    0.344263  0.00151223
          16     0.34876    0.344544  0.00144359
          17     0.34538    0.344593  0.00135951
          18    0.351081    0.344954  0.00133091
          19    0.345398    0.344977  0.00126107
          20    0.343422    0.344899  0.00120041
           0        -nan        -nan        -nan
           1    0.337608    0.337608           0
           2    0.345045    0.341326  0.00262943
           3    0.345527    0.342727  0.00209288
           4    0.339165    0.341836  0.00174886
           5    0.344354     0.34234  0.00146981
           6     0.34316    0.342476  0.00123119
           7    0.342657    0.342502  0.00105558
           8     0.35213    0.343706  0.00145615
           9    0.344338    0.343776  0.00129605
          10    0.334061    0.342804  0.00148664
          11     0.34825    0.343299  0.00143155
          12    0.344571    0.343405  0.00131617
          13    0.335825    0.342822  0.00133788
          14    0.351433    0.343437  0.00137645
          15     0.34876    0.343792  0.00132964
          16     0.34538    0.343891  0.00125023
          17    0.351081    0.344314  0.00124617
          18    0.345398    0.344375  0.00117839
          19    0.343422    0.344324  0.00111744
          20    0.341591    0.344188  0.00106989
           0        -nan        -nan        -nan
           1    0.337608    0.337608           0
           2    0.345045    0.341326  0.00262943
           3    0.345527    0.342727  0.00209288
           4    0.339165    0.341836  0.00174886
           5    0.344354     0.34234  0.00146981
           6     0.34316    0.342476  0.00123119
           7    0.342657    0.342502  0.00105558
           8     0.35213    0.343706  0.00145615
           9    0.344338    0.343776  0.00129605
          10    0.334061    0.342804  0.00148664
          11     0.34825    0.343299  0.00143155
          12    0.344571    0.343405  0.00131617
          13    0.335825    0.342822  0.00133788
          14    0.351433    0.343437  0.00137645
          15     0.34876    0.343792  0.00132964
          16     0.34538    0.343891  0.00125023
          17    0.351081    0.344314  0.00124617
          18    0.345398    0.344375  0.00117839
          19    0.343422    0.344324  0.00111744
          20    0.341591    0.344188  0.00106989
           0        -nan        -nan        -nan
           1    0.337608    0.337608           0
           2    0.345045    0.341326  0.00262943
           3    0.345527    0.342727  0.00209288
           4    0.339165    0.341836  0.00174886
           5    0.344354     0.34234  0.00146981
           6     0.34316    0.342476  0.00123119
           7    0.342657    0.342502  0.00105558
           8     0.35213    0.343706  0.00145615
           9    0.344338    0.343776  0.00129605
          10    0.334061    0.342804  0.00148664
          11     0.34825    0.343299  0.00143155
          12    0.344571    0.343405  0.00131617
          13    0.335825    0.342822  0.00133788
          14    0.351433    0.343437  0.00137645
          15     0.34876    0.343792  0.00132964
          16     0.34538    0.343891  0.00125023
          17    0.351081    0.344314  0.00124617
          18    0.345398    0.344375  0.00117839
          19    0.343422    0.344324  0.00111744
          20    0.341591    0.344188  0.00106989
          21    0.347338    0.344338   0.0010294
          22    0.340179    0.344149 0.000999822
          23    0.345891    0.344225 0.000959215
          24    0.349559    0.344447 0.000944653
          25     0.33913    0.344234 0.000930498
          26      0.3382    0.344002 0.000923202
          27     0.34429    0.344013  0.00088907
          28    0.347218    0.344127 0.000864658
          29    0.336764    0.343873 0.000871322
          30    0.341598    0.343797 0.000845573
          31    0.328354    0.343299 0.000953824
          32    0.346568    0.343401  0.00092947
          33    0.338844    0.343263 0.000911506
          34    0.340607    0.343185 0.000888038
          35    0.349516    0.343366 0.000880894
          36    0.339616    0.343262  0.00086256
          37    0.351536    0.343486  0.00086775
          38    0.348563    0.343619 0.000855139
          39    0.344886    0.343652 0.000833829
          40    0.344482    0.343672 0.000813242
