           1    -0.50336    -0.50336           0
           2   -0.506776   -0.505068  0.00120774
           3    -0.50456   -0.504899 0.000816944
           4    -0.49984   -0.503634  0.00125497
           5   -0.502776   -0.503462  0.00101564
           6   -0.504992   -0.503717 0.000877778
           7   -0.508032   -0.504334 0.000944314
           8   -0.505728   -0.504508 0.000842204
           9   -0.504952   -0.504557 0.000750069
          10    -0.50412   -0.504514 0.000676336
          11   -0.503832   -0.504452 0.000617683
          12   -0.501664   -0.504219 0.000608326
          13    -0.50568   -0.504332 0.000571814
          14   -0.506464   -0.504484 0.000550881
          15     -0.5052   -0.504532  0.00051622
          16   -0.503888   -0.504492 0.000485521
          17   -0.505224   -0.504535 0.000458869
          18   -0.504712   -0.504544 0.000433482
          19    -0.50652   -0.504648 0.000422954
          20   -0.501216   -0.504477 0.000435235
           1    -0.50336    -0.50336           0
           2   -0.506776   -0.505068  0.00120774
           3    -0.50456   -0.504899 0.000816944
           4    -0.49984   -0.503634  0.00125497
           5   -0.502776   -0.503462  0.00101564
           6   -0.504992   -0.503717 0.000877778
           7   -0.508032   -0.504334 0.000944314
           8   -0.505728   -0.504508 0.000842204
           9   -0.504952   -0.504557 0.000750069
          10    -0.50412   -0.504514 0.000676336
          11   -0.503832   -0.504452 0.000617683
          12   -0.501664   -0.504219 0.000608326
          13    -0.50568   -0.504332 0.000571814
          14   -0.506464   -0.504484 0.000550881
          15     -0.5052   -0.504532  0.00051622
          16   -0.503888   -0.504492 0.000485521
          17   -0.505224   -0.504535 0.000458869
          18   -0.504712   -0.504544 0.000433482
          19    -0.50652   -0.504648 0.000422954
          20   -0.501216   -0.504477 0.000435235
           0        -nan        -nan        -nan
           1   -0.506776   -0.506776           0
           2    -0.50456   -0.505668 0.000783474
           3    -0.49984   -0.503725  0.00166997
           0        -nan        -nan        -nan
           1   -0.506776   -0.506776           0
           2    -0.50456   -0.505668 0.000783474
           3    -0.49984   -0.503725  0.00166997
           4   -0.502776   -0.503488  0.00126923
           5   -0.504992   -0.503789  0.00105042
           6   -0.508032   -0.504496  0.00108766
           7   -0.505728   -0.504672 0.000946417
           8   -0.504952   -0.504707 0.000828762
           9    -0.50412   -0.504642 0.000739239
          10   -0.503832   -0.504561 0.000669736
          11   -0.501664   -0.504297 0.000658593
          12    -0.50568   -0.504413 0.000613705
          13   -0.506464    -0.50457 0.000586432
          14     -0.5052   -0.504615 0.000546266
          15   -0.503888   -0.504567 0.000511996
          16   -0.505224   -0.504608  0.00048164
          17   -0.504712   -0.504614 0.000453347
          18    -0.50652    -0.50472 0.000440353
          19   -0.501216   -0.504536 0.000454155
          20   -0.504976   -0.504558 0.000431981
           0        -nan        -nan        -nan
           1   -0.506776   -0.506776           0
           2    -0.50456   -0.505668 0.000783474
           3    -0.49984   -0.503725  0.00166997
           4   -0.502776   -0.503488  0.00126923
           5   -0.504992   -0.503789  0.00105042
           6   -0.508032   -0.504496  0.00108766
           7   -0.505728   -0.504672 0.000946417
           8   -0.504952   -0.504707 0.000828762
           9    -0.50412   -0.504642 0.000739239
          10   -0.503832   -0.504561 0.000669736
          11   -0.501664   -0.504297 0.000658593
          12    -0.50568   -0.504413 0.000613705
          13   -0.506464    -0.50457 0.000586432
          14     -0.5052   -0.504615 0.000546266
          15   -0.503888   -0.504567 0.000511996
          16   -0.505224   -0.504608  0.00048164
          17   -0.504712   -0.504614 0.000453347
          18    -0.50652    -0.50472 0.000440353
          19   -0.501216   -0.504536 0.000454155
          20   -0.504976   -0.504558 0.000431981
           0        -nan        -nan        -nan
           1   -0.804664   -0.804664           0
           2   -0.807456    -0.80606 0.000987121
           3   -0.801456   -0.804525  0.00141535
           4   -0.805688   -0.804816  0.00109095
           5   -0.804984    -0.80485 0.000873276
           6      -0.803   -0.804541 0.000780244
           7     -0.8062   -0.804778 0.000703842
           8   -0.802136   -0.804448 0.000689012
           9   -0.804864   -0.804494 0.000614004
          10   -0.801072   -0.804152 0.000640917
          11   -0.811608    -0.80483 0.000870146
          12   -0.801376   -0.804542 0.000843893
          13    -0.80956   -0.804928 0.000862753
          14    -0.80144   -0.804679 0.000836327
          15   -0.806016   -0.804768 0.000785309
          16   -0.804288   -0.804738   0.0007368
          17   -0.802288   -0.804594 0.000707413
          18   -0.804496   -0.804588 0.000668133
          19   -0.808168   -0.804777 0.000658995
          20   -0.804864   -0.804781 0.000626059
           0        -nan        -nan        -nan
           1   -0.506776   -0.506776           0
           2    -0.50456   -0.505668 0.000783474
           3    -0.49984   -0.503725  0.00166997
           4   -0.502776   -0.503488  0.00126923
           5   -0.504992   -0.503789  0.00105042
           6   -0.508032   -0.504496  0.00108766
           7   -0.505728   -0.504672 0.000946417
           8   -0.504952   -0.504707 0.000828762
           9    -0.50412   -0.504642 0.000739239
          10   -0.503832   -0.504561 0.000669736
          11   -0.501664   -0.504297 0.000658593
          12    -0.50568   -0.504413 0.000613705
          13   -0.506464    -0.50457 0.000586432
          14     -0.5052   -0.504615 0.000546266
          15   -0.503888   -0.504567 0.000511996
          16   -0.505224   -0.504608  0.00048164
          17   -0.504712   -0.504614 0.000453347
          18    -0.50652    -0.50472 0.000440353
          19   -0.501216   -0.504536 0.000454155
          20   -0.504976   -0.504558 0.000431981
           0        -nan        -nan        -nan
           1   -0.506776   -0.506776           0
           2    -0.50456   -0.505668 0.000783474
           3    -0.49984   -0.503725  0.00166997
           4   -0.502776   -0.503488  0.00126923
           5   -0.504992   -0.503789  0.00105042
           6   -0.508032   -0.504496  0.00108766
           7   -0.505728   -0.504672 0.000946417
           8   -0.504952   -0.504707 0.000828762
           9    -0.50412   -0.504642 0.000739239
          10   -0.503832   -0.504561 0.000669736
          11   -0.501664   -0.504297 0.000658593
          12    -0.50568   -0.504413 0.000613705
          13   -0.506464    -0.50457 0.000586432
          14     -0.5052   -0.504615 0.000546266
          15   -0.503888   -0.504567 0.000511996
          16   -0.505224   -0.504608  0.00048164
          17   -0.504712   -0.504614 0.000453347
          18    -0.50652    -0.50472 0.000440353
          19   -0.501216   -0.504536 0.000454155
          20   -0.504976   -0.504558 0.000431981
           0        -nan        -nan        -nan
           1   -0.506776   -0.506776           0
           2    -0.50456   -0.505668 0.000783474
           3    -0.49984   -0.503725  0.00166997
           4   -0.502776   -0.503488  0.00126923
           5   -0.504992   -0.503789  0.00105042
           6   -0.508032   -0.504496  0.00108766
           7   -0.505728   -0.504672 0.000946417
           8   -0.504952   -0.504707 0.000828762
           9    -0.50412   -0.504642 0.000739239
          10   -0.503832   -0.504561 0.000669736
          11   -0.501664   -0.504297 0.000658593
          12    -0.50568   -0.504413 0.000613705
          13   -0.506464    -0.50457 0.000586432
          14     -0.5052   -0.504615 0.000546266
          15   -0.503888   -0.504567 0.000511996
          16   -0.505224   -0.504608  0.00048164
          17   -0.504712   -0.504614 0.000453347
          18    -0.50652    -0.50472 0.000440353
          19   -0.501216   -0.504536 0.000454155
          20   -0.504976   -0.504558 0.000431981
           0        -nan        -nan        -nan
           1    -0.50456    -0.50456           0
           2    -0.49984     -0.5022  0.00166877
           3   -0.502776   -0.502392  0.00112351
           4   -0.504992   -0.503042  0.00101336
           5   -0.508032    -0.50404  0.00120583
           6   -0.505728   -0.504321  0.00103716
           7   -0.504952   -0.504411 0.000892895
           8    -0.50412   -0.504375 0.000782026
           9   -0.503832   -0.504315 0.000697458
          10   -0.501664    -0.50405 0.000676208
          11    -0.50568   -0.504198 0.000630769
          12   -0.506464   -0.504387 0.000605816
          13     -0.5052   -0.504449 0.000562436
          14   -0.503888   -0.504409 0.000523689
          15   -0.505224   -0.504463 0.000491585
          16   -0.504712   -0.504479 0.000461107
          17    -0.50652   -0.504599 0.000449341
          18   -0.501216   -0.504411 0.000462015
          19   -0.504976   -0.504441 0.000438654
          20   -0.503896   -0.504414 0.000417567
           0        -nan        -nan        -nan
           1    -0.50456    -0.50456           0
           2    -0.49984     -0.5022  0.00166877
           3   -0.502776   -0.502392  0.00112351
           4   -0.504992   -0.503042  0.00101336
           5   -0.508032    -0.50404  0.00120583
           6   -0.505728   -0.504321  0.00103716
           7   -0.504952   -0.504411 0.000892895
           8    -0.50412   -0.504375 0.000782026
           9   -0.503832   -0.504315 0.000697458
          10   -0.501664    -0.50405 0.000676208
          11    -0.50568   -0.504198 0.000630769
          12   -0.506464   -0.504387 0.000605816
          13     -0.5052   -0.504449 0.000562436
          14   -0.503888   -0.504409 0.000523689
          15   -0.505224   -0.504463 0.000491585
          16   -0.504712   -0.504479 0.000461107
          17    -0.50652   -0.504599 0.000449341
          18   -0.501216   -0.504411 0.000462015
          19   -0.504976   -0.504441 0.000438654
          20   -0.503896   -0.504414 0.000417567
           0        -nan        -nan        -nan
           1    -0.50456    -0.50456           0
           2    -0.49984     -0.5022  0.00166877
           3   -0.502776   -0.502392  0.00112351
           4   -0.504992   -0.503042  0.00101336
           5   -0.508032    -0.50404  0.00120583
           6   -0.505728   -0.504321  0.00103716
           7   -0.504952   -0.504411 0.000892895
           8    -0.50412   -0.504375 0.000782026
           9   -0.503832   -0.504315 0.000697458
          10   -0.501664    -0.50405 0.000676208
          11    -0.50568   -0.504198 0.000630769
          12   -0.506464   -0.504387 0.000605816
          13     -0.5052   -0.504449 0.000562436
          14   -0.503888   -0.504409 0.000523689
          15   -0.505224   -0.504463 0.000491585
          16   -0.504712   -0.504479 0.000461107
          17    -0.50652   -0.504599 0.000449341
          18   -0.501216   -0.504411 0.000462015
          19   -0.504976   -0.504441 0.000438654
          20   -0.503896   -0.504414 0.000417567
          21   -0.504064   -0.504397 0.000398014
          22    -0.50748   -0.504537 0.000403841
          23   -0.505672   -0.504586 0.000389285
          24   -0.501808   -0.504471 0.000389899
          25   -0.504512   -0.504472 0.000374307
          26   -0.504808   -0.504485 0.000360133
          27   -0.503296   -0.504441 0.000349478
          28   -0.504528   -0.504444  0.00033701
          29   -0.505168   -0.504469 0.000326312
          30     -0.5076   -0.504574 0.000331703
          31   -0.504704   -0.504578  0.00032103
          32   -0.503032   -0.504529 0.000314611
          33    -0.50324    -0.50449 0.000307494
          34   -0.506808   -0.504559 0.000305912
          35   -0.505752   -0.504593 0.000299066
          36   -0.507648   -0.504678 0.000302561
          37   -0.504776    -0.50468 0.000294396
          38   -0.502968   -0.504635 0.000290076
          39   -0.504088   -0.504621 0.000282977
          40   -0.505688   -0.504648 0.000277157
           0        -nan        -nan        -nan
           1    -0.50456    -0.50456           0
           2    -0.49984     -0.5022  0.00166877
           3   -0.502776   -0.502392  0.00112351
           4   -0.504992   -0.503042  0.00101336
           5   -0.508032    -0.50404  0.00120583
           6   -0.505728   -0.504321  0.00103716
           7   -0.504952   -0.504411 0.000892895
           8    -0.50412   -0.504375 0.000782026
           9   -0.503832   -0.504315 0.000697458
          10   -0.501664    -0.50405 0.000676208
          11    -0.50568   -0.504198 0.000630769
          12   -0.506464   -0.504387 0.000605816
          13     -0.5052   -0.504449 0.000562436
          14   -0.503888   -0.504409 0.000523689
          15   -0.505224   -0.504463 0.000491585
          16   -0.504712   -0.504479 0.000461107
          17    -0.50652   -0.504599 0.000449341
          18   -0.501216   -0.504411 0.000462015
          19   -0.504976   -0.504441 0.000438654
          20   -0.503896   -0.504414 0.000417567
          21   -0.504064   -0.504397 0.000398014
          22    -0.50748   -0.504537 0.000403841
          23   -0.505672   -0.504586 0.000389285
          24   -0.501808   -0.504471 0.000389899
          25   -0.504512   -0.504472 0.000374307
          26   -0.504808   -0.504485 0.000360133
          27   -0.503296   -0.504441 0.000349478
          28   -0.504528   -0.504444  0.00033701
          29   -0.505168   -0.504469 0.000326312
          30     -0.5076   -0.504574 0.000331703
          31   -0.504704   -0.504578  0.00032103
          32   -0.503032   -0.504529 0.000314611
          33    -0.50324    -0.50449 0.000307494
          34   -0.506808   -0.504559 0.000305912
          35   -0.505752   -0.504593 0.000299066
          36   -0.507648   -0.504678 0.000302561
          37   -0.504776    -0.50468 0.000294396
          38   -0.502968   -0.504635 0.000290076
          39   -0.504088   -0.504621 0.000282977
          40   -0.505688   -0.504648 0.000277157
          41   -0.504888   -0.504654 0.000270459
          42    -0.50552   -0.504674 0.000264805
          43   -0.503728   -0.504652  0.00025956
          44   -0.502848   -0.504611 0.000256879
          45   -0.506568   -0.504655 0.000254824
          46   -0.502856   -0.504616 0.000252267
          47   -0.501768   -0.504555 0.000254072
          48   -0.503344    -0.50453 0.000250028
          49   -0.502368   -0.504486 0.000248788
          50   -0.508024   -0.504556 0.000253677
          51   -0.504472   -0.504555 0.000248708
          52   -0.498448   -0.504437 0.000270233
          53   -0.504448   -0.504438 0.000265135
          54   -0.505312   -0.504454 0.000260719
          55   -0.508496   -0.504527 0.000266136
          56   -0.503096   -0.504502 0.000262608
          57   -0.502672    -0.50447 0.000259955
          58     -0.5028   -0.504441 0.000257062
          59    -0.50432   -0.504439 0.000252713
          60   -0.507816   -0.504495 0.000254693
          61   -0.505152   -0.504506 0.000250745
          62   -0.503744   -0.504494 0.000247002
          63   -0.506336   -0.504523 0.000244806
          64   -0.504264   -0.504519 0.000241014
          65   -0.502984   -0.504495  0.00023846
          66      -0.505   -0.504503  0.00023497
          67   -0.504312     -0.5045  0.00023148
          68   -0.504968   -0.504507 0.000228178
          69   -0.507384   -0.504549  0.00022865
          70   -0.505184   -0.504558 0.000225563
          71   -0.505544   -0.504571 0.000222814
          72   -0.506992   -0.504605 0.000222241
          73   -0.503624   -0.504592 0.000219603
          74   -0.506168   -0.504613 0.000217666
          75   -0.505432   -0.504624 0.000215037
          76   -0.506864   -0.504653 0.000214218
          77   -0.502152   -0.504621 0.000213885
          78    -0.50544   -0.504631 0.000211401
          79    -0.50876   -0.504684 0.000215088
          80   -0.507032   -0.504713 0.000214393
          81   -0.503896   -0.504703 0.000211983
          82   -0.503928   -0.504693 0.000209608
          83   -0.506592   -0.504716 0.000208327
          84    -0.50436   -0.504712 0.000205891
          85   -0.505472   -0.504721 0.000203662
          86    -0.50228   -0.504693 0.000203262
          87     -0.5036    -0.50468 0.000201314
          88    -0.50192   -0.504649 0.000201455
          89   -0.503736   -0.504638 0.000199452
          90   -0.504144   -0.504633 0.000197311
          91   -0.503832   -0.504624 0.000195339
          92   -0.506296   -0.504642  0.00019406
          93   -0.504912   -0.504645 0.000191995
          94   -0.502736   -0.504625 0.000191023
          95   -0.506536   -0.504645 0.000190069
          96     -0.5046   -0.504645  0.00018809
          97    -0.50448   -0.504643 0.000186158
          98   -0.505104   -0.504648 0.000184318
          99    -0.50528   -0.504654 0.000182567
         100   -0.507968   -0.504687 0.000183724
           0        -nan        -nan        -nan
           1    -0.50456    -0.50456           0
           2    -0.49984     -0.5022  0.00166877
           3   -0.502776   -0.502392  0.00112351
           4   -0.504992   -0.503042  0.00101336
           5   -0.508032    -0.50404  0.00120583
           6   -0.505728   -0.504321  0.00103716
           7   -0.504952   -0.504411 0.000892895
           8    -0.50412   -0.504375 0.000782026
           9   -0.503832   -0.504315 0.000697458
          10   -0.501664    -0.50405 0.000676208
          11    -0.50568   -0.504198 0.000630769
          12   -0.506464   -0.504387 0.000605816
          13     -0.5052   -0.504449 0.000562436
          14   -0.503888   -0.504409 0.000523689
          15   -0.505224   -0.504463 0.000491585
          16   -0.504712   -0.504479 0.000461107
          17    -0.50652   -0.504599 0.000449341
          18   -0.501216   -0.504411 0.000462015
          19   -0.504976   -0.504441 0.000438654
          20   -0.503896   -0.504414 0.000417567
          21   -0.504064   -0.504397 0.000398014
          22    -0.50748   -0.504537 0.000403841
          23   -0.505672   -0.504586 0.000389285
          24   -0.501808   -0.504471 0.000389899
          25   -0.504512   -0.504472 0.000374307
          26   -0.504808   -0.504485 0.000360133
          27   -0.503296   -0.504441 0.000349478
          28   -0.504528   -0.504444  0.00033701
          29   -0.505168   -0.504469 0.000326312
          30     -0.5076   -0.504574 0.000331703
          31   -0.504704   -0.504578  0.00032103
          32   -0.503032   -0.504529 0.000314611
          33    -0.50324    -0.50449 0.000307494
          34   -0.506808   -0.504559 0.000305912
          35   -0.505752   -0.504593 0.000299066
          36   -0.507648   -0.504678 0.000302561
          37   -0.504776    -0.50468 0.000294396
          38   -0.502968   -0.504635 0.000290076
          39   -0.504088   -0.504621 0.000282977
          40   -0.505688   -0.504648 0.000277157
