           1      7.2393      7.2393           0
           2     7.42408     7.33169    0.065331
           3     7.56952     7.41097   0.0780185
           4      7.1164     7.33732   0.0865515
           5      7.4688     7.36362   0.0731265
           6     7.59073     7.40147   0.0700534
           7     8.03341     7.49175    0.102913
           8     7.89641     7.54233    0.101723
           9     7.46248     7.53346   0.0908067
          10      7.5713     7.53724   0.0818048
          11     7.49389      7.5333   0.0744629
          12     7.60606     7.53936    0.068504
          13     7.35014     7.52481   0.0647625
          14     7.13985     7.49731   0.0657152
          15     6.85297     7.45435   0.0740547
          16     7.48786     7.45645   0.0694559
          17     7.61988     7.46606   0.0660322
          18     7.35562     7.45993   0.0626482
          19     7.47042     7.46048   0.0593534
          20     7.75915     7.47541   0.0582341
           1      7.2393      7.2393           0
           2     7.42408     7.33169    0.065331
           3     7.56952     7.41097   0.0780185
           4      7.1164     7.33732   0.0865515
           5      7.4688     7.36362   0.0731265
           6     7.59073     7.40147   0.0700534
           7     8.03341     7.49175    0.102913
           8     7.89641     7.54233    0.101723
           9     7.46248     7.53346   0.0908067
          10      7.5713     7.53724   0.0818048
          11     7.49389      7.5333   0.0744629
          12     7.60606     7.53936    0.068504
          13     7.35014     7.52481   0.0647625
          14     7.13985     7.49731   0.0657152
          15     6.85297     7.45435   0.0740547
          16     7.48786     7.45645   0.0694559
          17     7.61988     7.46606   0.0660322
          18     7.35562     7.45993   0.0626482
          19     7.47042     7.46048   0.0593534
          20     7.75915     7.47541   0.0582341
           0        -nan        -nan        -nan
           1     7.42408     7.42408           0
           2     7.56952      7.4968   0.0514208
           3      7.1164        7.37     0.10906
           4      7.4688      7.3947   0.0845454
           5     7.59073     7.43391   0.0761862
           6     8.03341     7.53382    0.111132
           7     7.89641     7.58562    0.106646
           8     7.46248     7.57023   0.0944198
           9      7.5713     7.57035   0.0839288
          10     7.49389      7.5627   0.0758834
          11     7.60606     7.56664   0.0690872
          12     7.35014      7.5486   0.0656435
          13     7.13985     7.51716   0.0677068
          14     6.85297     7.46972   0.0777348
          15     7.48786     7.47092   0.0725619
          16     7.61988     7.48023   0.0686214
          17     7.35562      7.4729   0.0649752
          18     7.47042     7.47277   0.0613656
          19     7.75915     7.48784   0.0599584
          20      7.3415     7.48052   0.0574053
           0        -nan        -nan        -nan
           1     7.42408     7.42408           0
           2     7.56952      7.4968   0.0514208
           3      7.1164        7.37     0.10906
           4      7.4688      7.3947   0.0845454
           5     7.59073     7.43391   0.0761862
           6     8.03341     7.53382    0.111132
           7     7.89641     7.58562    0.106646
           8     7.46248     7.57023   0.0944198
           9      7.5713     7.57035   0.0839288
          10     7.49389      7.5627   0.0758834
          11     7.60606     7.56664   0.0690872
          12     7.35014      7.5486   0.0656435
          13     7.13985     7.51716   0.0677068
          14     6.85297     7.46972   0.0777348
          15     7.48786     7.47092   0.0725619
          16     7.61988     7.48023   0.0686214
          17     7.35562      7.4729   0.0649752
          18     7.47042     7.47277   0.0613656
          19     7.75915     7.48784   0.0599584
          20      7.3415     7.48052   0.0574053
           0        -nan        -nan        -nan
           1     7.42408     7.42408           0
           2     7.56952      7.4968   0.0514208
           3      7.1164        7.37     0.10906
           4      7.4688      7.3947   0.0845454
           5     7.59073     7.43391   0.0761862
           6     8.03341     7.53382    0.111132
           7     7.89641     7.58562    0.106646
           8     7.46248     7.57023   0.0944198
           9      7.5713     7.57035   0.0839288
          10     7.49389      7.5627   0.0758834
          11     7.60606     7.56664   0.0690872
          12     7.35014      7.5486   0.0656435
          13     7.13985     7.51716   0.0677068
          14     6.85297     7.46972   0.0777348
          15     7.48786     7.47092   0.0725619
          16     7.61988     7.48023   0.0686214
          17     7.35562      7.4729   0.0649752
          18     7.47042     7.47277   0.0613656
          19     7.75915     7.48784   0.0599584
          20      7.3415     7.48052   0.0574053
           0        -nan        -nan        -nan
           1     43.1334     43.1334           0
           2     40.8347      41.984    0.812737
           3     38.3828     40.7836     1.11992
           4      37.643     39.9985     1.08068
           5     37.5017     39.4991    0.973098
           6      36.019     38.9191    0.968474
           7     39.8203     39.0478    0.838635
           8     41.4127     39.3434    0.784177
           9     38.7087     39.2729    0.700211
          10     38.1889     39.1645    0.638526
          11     38.8538     39.1363    0.581102
          12     38.7297     39.1024    0.533664
          13     34.5255     38.7503    0.597565
          14      40.877     38.9022    0.573864
          15      40.192     38.9882     0.54201
          16      38.411     38.9521    0.509334
          17     42.5143     39.1617    0.520694
          18     40.6638     39.2451    0.498409
          19     42.5494      39.419      0.5016
          20     42.1393      39.555    0.494617
           0        -nan        -nan        -nan
           1     7.42408     7.42408           0
           2     7.56952      7.4968   0.0514208
           3      7.1164        7.37     0.10906
           4      7.4688      7.3947   0.0845454
           5     7.59073     7.43391   0.0761862
           6     8.03341     7.53382    0.111132
           7     7.89641     7.58562    0.106646
           8     7.46248     7.57023   0.0944198
           9      7.5713     7.57035   0.0839288
          10     7.49389      7.5627   0.0758834
          11     7.60606     7.56664   0.0690872
          12     7.35014      7.5486   0.0656435
          13     7.13985     7.51716   0.0677068
          14     6.85297     7.46972   0.0777348
          15     7.48786     7.47092   0.0725619
          16     7.61988     7.48023   0.0686214
          17     7.35562      7.4729   0.0649752
          18     7.47042     7.47277   0.0613656
          19     7.75915     7.48784   0.0599584
          20      7.3415     7.48052   0.0574053
           0        -nan        -nan        -nan
           1     7.42408     7.42408           0
           2     7.56952      7.4968   0.0514208
           3      7.1164        7.37     0.10906
           4      7.4688      7.3947   0.0845454
           5     7.59073     7.43391   0.0761862
           6     8.03341     7.53382    0.111132
           7     7.89641     7.58562    0.106646
           8     7.46248     7.57023   0.0944198
           9      7.5713     7.57035   0.0839288
          10     7.49389      7.5627   0.0758834
          11     7.60606     7.56664   0.0690872
          12     7.35014      7.5486   0.0656435
          13     7.13985     7.51716   0.0677068
          14     6.85297     7.46972   0.0777348
          15     7.48786     7.47092   0.0725619
          16     7.61988     7.48023   0.0686214
          17     7.35562      7.4729   0.0649752
          18     7.47042     7.47277   0.0613656
          19     7.75915     7.48784   0.0599584
          20      7.3415     7.48052   0.0574053
           0        -nan        -nan        -nan
           1     7.42408     7.42408           0
           2     7.56952      7.4968   0.0514208
           3      7.1164        7.37     0.10906
           4      7.4688      7.3947   0.0845454
           5     7.59073     7.43391   0.0761862
           6     8.03341     7.53382    0.111132
           7     7.89641     7.58562    0.106646
           8     7.46248     7.57023   0.0944198
           9      7.5713     7.57035   0.0839288
          10     7.49389      7.5627   0.0758834
          11     7.60606     7.56664   0.0690872
          12     7.35014      7.5486   0.0656435
          13     7.13985     7.51716   0.0677068
          14     6.85297     7.46972   0.0777348
          15     7.48786     7.47092   0.0725619
          16     7.61988     7.48023   0.0686214
          17     7.35562      7.4729   0.0649752
          18     7.47042     7.47277   0.0613656
          19     7.75915     7.48784   0.0599584
          20      7.3415     7.48052   0.0574053
           0        -nan        -nan        -nan
           1     7.56952     7.56952           0
           2      7.1164     7.34296    0.160202
           3      7.4688     7.38491    0.112159
           4     7.59073     7.43636   0.0951932
           5     8.03341     7.55577    0.131173
           6     7.89641     7.61254    0.120974
           7     7.46248     7.59111    0.105575
           8      7.5713     7.58863    0.092407
           9     7.49389      7.5781    0.082737
          10     7.60606      7.5809   0.0745105
          11     7.35014     7.55992   0.0706283
          12     7.13985     7.52491   0.0729034
          13     6.85297     7.47323   0.0836351
          14     7.48786     7.47427   0.0776677
          15     7.61988     7.48398    0.073094
          16     7.35562     7.47596   0.0689645
          17     7.47042     7.47563   0.0649085
          18     7.75915     7.49138   0.0631847
          19      7.3415     7.48349   0.0603497
          20     7.24534     7.47158   0.0584952
           0        -nan        -nan        -nan
           1     7.56952     7.56952           0
           2      7.1164     7.34296    0.160202
           3      7.4688     7.38491    0.112159
           4     7.59073     7.43636   0.0951932
           5     8.03341     7.55577    0.131173
           6     7.89641     7.61254    0.120974
           7     7.46248     7.59111    0.105575
           8      7.5713     7.58863    0.092407
           9     7.49389      7.5781    0.082737
          10     7.60606      7.5809   0.0745105
          11     7.35014     7.55992   0.0706283
          12     7.13985     7.52491   0.0729034
          13     6.85297     7.47323   0.0836351
          14     7.48786     7.47427   0.0776677
          15     7.61988     7.48398    0.073094
          16     7.35562     7.47596   0.0689645
          17     7.47042     7.47563   0.0649085
          18     7.75915     7.49138   0.0631847
          19      7.3415     7.48349   0.0603497
          20     7.24534     7.47158   0.0584952
           0        -nan        -nan        -nan
           1     7.56952     7.56952           0
           2      7.1164     7.34296    0.160202
           3      7.4688     7.38491    0.112159
           4     7.59073     7.43636   0.0951932
           5     8.03341     7.55577    0.131173
           6     7.89641     7.61254    0.120974
           7     7.46248     7.59111    0.105575
           8      7.5713     7.58863    0.092407
           9     7.49389      7.5781    0.082737
          10     7.60606      7.5809   0.0745105
          11     7.35014     7.55992   0.0706283
          12     7.13985     7.52491   0.0729034
          13     6.85297     7.47323   0.0836351
          14     7.48786     7.47427   0.0776677
          15     7.61988     7.48398    0.073094
          16     7.35562     7.47596   0.0689645
          17     7.47042     7.47563   0.0649085
          18     7.75915     7.49138   0.0631847
          19      7.3415     7.48349   0.0603497
          20     7.24534     7.47158   0.0584952
          21     7.65259      7.4802   0.0563412
          22     7.14678     7.46505   0.0557814
          23     7.61196     7.47144   0.0537206
          24     6.85829     7.44589   0.0572356
          25     7.56437     7.45063   0.0551421
          26     7.34758     7.44666   0.0531634
          27     7.82282      7.4606   0.0529885
          28     8.18869      7.4866   0.0571212
          29     7.25296     7.47854   0.0557167
          30     7.52698     7.48016   0.0538829
          31     7.41156     7.47794   0.0521901
          32     7.15278     7.46778   0.0515389
          33     7.40569      7.4659   0.0500114
          34     7.43062     7.46486   0.0485513
          35     7.72598     7.47232   0.0477339
          36     7.66426     7.47766   0.0467047
          37     7.45874     7.47714   0.0454453
          38     7.73617     7.48396   0.0447576
          39     7.07675     7.47352   0.0448113
          40     7.14661     7.46535   0.0444301
