           1       1.836       1.836           0
           2     1.95188     1.89394   0.0409723
           3     1.91264     1.90017    0.027785
           4     1.86411     1.89116   0.0222536
           5     1.87434     1.88779   0.0180553
           6     1.90652     1.89091   0.0153134
           7     1.91064     1.89373   0.0133827
           8     1.86196     1.88976   0.0122849
           9     1.99221     1.90114   0.0153111
          10     1.85872      1.8969   0.0143556
          11     1.86581     1.89408   0.0133259
          12     1.80142     1.88635   0.0142781
          13     1.82258     1.88145   0.0139973
          14     1.89736     1.88259   0.0130435
          15     1.92386     1.88534   0.0124609
          16     1.84101     1.88257   0.0119861
          17     1.92213     1.88489   0.0115048
          18     1.87719     1.88447   0.0108736
          19     1.85326     1.88282   0.0104246
          20     1.91493     1.88443   0.0100262
           1       1.836       1.836           0
           2     1.95188     1.89394   0.0409723
           3     1.91264     1.90017    0.027785
           4     1.86411     1.89116   0.0222536
           5     1.87434     1.88779   0.0180553
           6     1.90652     1.89091   0.0153134
           7     1.91064     1.89373   0.0133827
           8     1.86196     1.88976   0.0122849
           9     1.99221     1.90114   0.0153111
          10     1.85872      1.8969   0.0143556
          11     1.86581     1.89408   0.0133259
          12     1.80142     1.88635   0.0142781
          13     1.82258     1.88145   0.0139973
          14     1.89736     1.88259   0.0130435
          15     1.92386     1.88534   0.0124609
          16     1.84101     1.88257   0.0119861
          17     1.92213     1.88489   0.0115048
          18     1.87719     1.88447   0.0108736
          19     1.85326     1.88282   0.0104246
          20     1.91493     1.88443   0.0100262
           0        -nan        -nan        -nan
           1     1.95188     1.95188           0
           2     1.91264     1.93226   0.0138743
           3     1.86411     1.90954   0.0207271
           4     1.87434     1.90074   0.0173134
           5     1.90652      1.9019   0.0138892
           6     1.91064     1.90336   0.0116506
           7     1.86196     1.89744   0.0113884
           8     1.99221     1.90929   0.0149027
           9     1.85872     1.90367   0.0142666
          10     1.86581     1.89988   0.0133328
          11     1.80142     1.89093    0.014824
          12     1.82258     1.88524   0.0146422
          13     1.89736     1.88617   0.0135456
          14     1.92386     1.88886   0.0128428
          15     1.84101     1.88567   0.0123766
          16     1.92213     1.88795   0.0118109
          17     1.87719     1.88732   0.0111331
          18     1.85326     1.88543   0.0106741
          19     1.91493     1.88698   0.0102247
          20     1.91083     1.88817  0.00978276
           0        -nan        -nan        -nan
           1     1.95188     1.95188           0
           2     1.91264     1.93226   0.0138743
           3     1.86411     1.90954   0.0207271
           4     1.87434     1.90074   0.0173134
           5     1.90652      1.9019   0.0138892
           6     1.91064     1.90336   0.0116506
           7     1.86196     1.89744   0.0113884
           8     1.99221     1.90929   0.0149027
           9     1.85872     1.90367   0.0142666
          10     1.86581     1.89988   0.0133328
          11     1.80142     1.89093    0.014824
          12     1.82258     1.88524   0.0146422
          13     1.89736     1.88617   0.0135456
          14     1.92386     1.88886   0.0128428
          15     1.84101     1.88567   0.0123766
          16     1.92213     1.88795   0.0118109
          17     1.87719     1.88732   0.0111331
          18     1.85326     1.88543   0.0106741
          19     1.91493     1.88698   0.0102247
          20     1.91083     1.88817  0.00978276
           0        -nan        -nan        -nan
           1     1.95188     1.95188           0
           2     1.91264     1.93226   0.0138743
           3     1.86411     1.90954   0.0207271
           4     1.87434     1.90074   0.0173134
           5     1.90652      1.9019   0.0138892
           6     1.91064     1.90336   0.0116506
           7     1.86196     1.89744   0.0113884
           8     1.99221     1.90929   0.0149027
           9     1.85872     1.90367   0.0142666
          10     1.86581     1.89988   0.0133328
          11     1.80142     1.89093    0.014824
          12     1.82258     1.88524   0.0146422
          13     1.89736     1.88617   0.0135456
          14     1.92386     1.88886   0.0128428
          15     1.84101     1.88567   0.0123766
          16     1.92213     1.88795   0.0118109
          17     1.87719     1.88732   0.0111331
          18     1.85326     1.88543   0.0106741
          19     1.91493     1.88698   0.0102247
          20     1.91083     1.88817  0.00978276
           0        -nan        -nan        -nan
           1     6.11465     6.11465           0
           2     5.73627     5.92546    0.133778
           3     5.88746     5.91279   0.0897828
           4     6.51072     6.06228    0.145922
           5     6.48644     6.14711     0.13923
           6     6.39927     6.18914    0.122203
           7     6.35325     6.21258    0.106971
           8     6.18577     6.20923    0.093652
           9     6.16208     6.20399   0.0833926
          10     6.10248     6.19384   0.0756687
          11     6.12467     6.18755   0.0690505
          12     6.18894     6.18767   0.0632964
          13     6.59742     6.21919    0.065809
          14     5.63313     6.17733   0.0732216
          15     5.99252       6.165   0.0693689
          16      5.8578      6.1458   0.0676384
          17     5.80639     6.12584   0.0665412
          18     6.51205     6.14729   0.0662134
          19     5.78295     6.12812   0.0654464
          20     6.35377      6.1394   0.0631391
           0        -nan        -nan        -nan
           1     1.95188     1.95188           0
           2     1.91264     1.93226   0.0138743
           3     1.86411     1.90954   0.0207271
           4     1.87434     1.90074   0.0173134
           5     1.90652      1.9019   0.0138892
           6     1.91064     1.90336   0.0116506
           7     1.86196     1.89744   0.0113884
           8     1.99221     1.90929   0.0149027
           9     1.85872     1.90367   0.0142666
          10     1.86581     1.89988   0.0133328
          11     1.80142     1.89093    0.014824
          12     1.82258     1.88524   0.0146422
          13     1.89736     1.88617   0.0135456
          14     1.92386     1.88886   0.0128428
          15     1.84101     1.88567   0.0123766
          16     1.92213     1.88795   0.0118109
          17     1.87719     1.88732   0.0111331
          18     1.85326     1.88543   0.0106741
          19     1.91493     1.88698   0.0102247
          20     1.91083     1.88817  0.00978276
           0        -nan        -nan        -nan
           1     1.95188     1.95188           0
           2     1.91264     1.93226   0.0138743
           3     1.86411     1.90954   0.0207271
           4     1.87434     1.90074   0.0173134
           5     1.90652      1.9019   0.0138892
           6     1.91064     1.90336   0.0116506
           7     1.86196     1.89744   0.0113884
           8     1.99221     1.90929   0.0149027
           9     1.85872     1.90367   0.0142666
          10     1.86581     1.89988   0.0133328
          11     1.80142     1.89093    0.014824
          12     1.82258     1.88524   0.0146422
          13     1.89736     1.88617   0.0135456
          14     1.92386     1.88886   0.0128428
          15     1.84101     1.88567   0.0123766
          16     1.92213     1.88795   0.0118109
          17     1.87719     1.88732   0.0111331
          18     1.85326     1.88543   0.0106741
          19     1.91493     1.88698   0.0102247
          20     1.91083     1.88817  0.00978276
           0        -nan        -nan        -nan
           1     1.95188     1.95188           0
           2     1.91264     1.93226   0.0138743
           3     1.86411     1.90954   0.0207271
           4     1.87434     1.90074   0.0173134
           5     1.90652      1.9019   0.0138892
           6     1.91064     1.90336   0.0116506
           7     1.86196     1.89744   0.0113884
           8     1.99221     1.90929   0.0149027
           9     1.85872     1.90367   0.0142666
          10     1.86581     1.89988   0.0133328
          11     1.80142     1.89093    0.014824
          12     1.82258     1.88524   0.0146422
          13     1.89736     1.88617   0.0135456
          14     1.92386     1.88886   0.0128428
          15     1.84101     1.88567   0.0123766
          16     1.92213     1.88795   0.0118109
          17     1.87719     1.88732   0.0111331
          18     1.85326     1.88543   0.0106741
          19     1.91493     1.88698   0.0102247
          20     1.91083     1.88817  0.00978276
           0        -nan        -nan        -nan
           1     1.91264     1.91264           0
           2     1.86411     1.88837   0.0171586
           3     1.87434      1.8837     0.01206
           4     1.90652      1.8894   0.0103066
           5     1.91064     1.89365  0.00907889
           6     1.86196     1.88837  0.00897126
           7     1.99221      1.9032   0.0157404
           8     1.85872     1.89764   0.0147221
           9     1.86581     1.89411   0.0135045
          10     1.80142     1.88484   0.0150012
          11     1.82258     1.87918   0.0146664
          12     1.89736     1.88069   0.0135223
          13     1.92386     1.88401   0.0128834
          14     1.84101     1.88094   0.0123239
          15     1.92213     1.88369   0.0118042
          16     1.87719     1.88328   0.0110735
          17     1.85326     1.88152    0.010562
          18     1.91493     1.88337    0.010137
          19     1.91083     1.88482  0.00970594
          20     1.91812     1.88648  0.00936241
           0        -nan        -nan        -nan
           1     1.91264     1.91264           0
           2     1.86411     1.88837   0.0171586
           3     1.87434      1.8837     0.01206
           4     1.90652      1.8894   0.0103066
           5     1.91064     1.89365  0.00907889
           6     1.86196     1.88837  0.00897126
           7     1.99221      1.9032   0.0157404
           8     1.85872     1.89764   0.0147221
           9     1.86581     1.89411   0.0135045
          10     1.80142     1.88484   0.0150012
          11     1.82258     1.87918   0.0146664
          12     1.89736     1.88069   0.0135223
          13     1.92386     1.88401   0.0128834
          14     1.84101     1.88094   0.0123239
          15     1.92213     1.88369   0.0118042
          16     1.87719     1.88328   0.0110735
          17     1.85326     1.88152    0.010562
          18     1.91493     1.88337    0.010137
          19     1.91083     1.88482  0.00970594
          20     1.91812     1.88648  0.00936241
           0        -nan        -nan        -nan
           1     1.91264     1.91264           0
           2     1.86411     1.88837   0.0171586
           3     1.87434      1.8837     0.01206
           4     1.90652      1.8894   0.0103066
           5     1.91064     1.89365  0.00907889
           6     1.86196     1.88837  0.00897126
           7     1.99221      1.9032   0.0157404
           8     1.85872     1.89764   0.0147221
           9     1.86581     1.89411   0.0135045
          10     1.80142     1.88484   0.0150012
          11     1.82258     1.87918   0.0146664
          12     1.89736     1.88069   0.0135223
          13     1.92386     1.88401   0.0128834
          14     1.84101     1.88094   0.0123239
          15     1.92213     1.88369   0.0118042
          16     1.87719     1.88328   0.0110735
          17     1.85326     1.88152    0.010562
          18     1.91493     1.88337    0.010137
          19     1.91083     1.88482  0.00970594
          20     1.91812     1.88648  0.00936241
          21      1.8544     1.88495  0.00904037
          22      1.9239     1.88672  0.00880102
          23     1.92159     1.88824  0.00854789
          24     1.89778     1.88864  0.00820097
          25     1.94287     1.89081  0.00815479
          26     1.92473     1.89211  0.00794486
          27     1.90127     1.89245  0.00765783
          28       1.896     1.89258  0.00738539
          29     1.91346      1.8933  0.00716575
          30     1.89582     1.89338  0.00692738
          31     1.86947     1.89261  0.00674674
          32      1.8802     1.89222  0.00654704
          33     1.98163     1.89493  0.00688648
          34     1.85879     1.89387  0.00676549
          35     1.97118     1.89608  0.00692336
          36     1.93786     1.89724  0.00682764
          37     1.92891      1.8981  0.00669656
          38     1.90225      1.8982  0.00652123
          39     1.87408     1.89759   0.0063833
          40     1.93727     1.89858  0.00630035
