           1     15.5906     15.5906           0
           2     15.2146     15.4026    0.132954
           3     15.4508     15.4187   0.0896012
           4     14.8054     15.2653    0.148826
           5     15.5551     15.3233     0.12985
           6     15.3162     15.3221    0.108214
           7     15.4737     15.3438   0.0948966
           8     16.3215      15.466    0.141296
           9     15.3112     15.4488    0.126638
          10     16.4573     15.5496    0.148809
          11     15.4964     15.5448     0.13536
          12     17.3379     15.6942    0.189377
          13     14.4433      15.598    0.197753
          14     14.7309     15.5361    0.193083
          15     15.4939     15.5332    0.180232
          16     17.4006       15.65    0.203274
          17     15.2523     15.6266    0.192658
          18     13.8102     15.5257      0.2067
          19      14.493     15.4713    0.202841
          20     15.6172     15.4786     0.19283
           1     15.5906     15.5906           0
           2     15.2146     15.4026    0.132954
           3     15.4508     15.4187   0.0896012
           4     14.8054     15.2653    0.148826
           5     15.5551     15.3233     0.12985
           6     15.3162     15.3221    0.108214
           7     15.4737     15.3438   0.0948966
           8     16.3215      15.466    0.141296
           9     15.3112     15.4488    0.126638
          10     16.4573     15.5496    0.148809
          11     15.4964     15.5448     0.13536
          12     17.3379     15.6942    0.189377
          13     14.4433      15.598    0.197753
          14     14.7309     15.5361    0.193083
          15     15.4939     15.5332    0.180232
          16     17.4006       15.65    0.203274
          17     15.2523     15.6266    0.192658
          18     13.8102     15.5257      0.2067
          19      14.493     15.4713    0.202841
          20     15.6172     15.4786     0.19283
           0        -nan        -nan        -nan
           1     15.2146     15.2146           0
           2     15.4508     15.3327   0.0835164
           3     14.8054     15.1569    0.153948
           4     15.5551     15.2564    0.144088
           5     15.3162     15.2684    0.115764
           6     15.4737     15.3026      0.1014
           7     16.3215     15.4482    0.160355
           8     15.3112      15.431    0.141221
           9     16.4573     15.5451    0.165274
          10     15.4964     15.5402    0.148818
          11     17.3379     15.7036    0.206359
          12     14.4433     15.5986    0.214231
          13     14.7309     15.5319     0.20789
          14     15.4939     15.5291    0.193059
          15     17.4006     15.6539    0.216787
          16     15.2523     15.6288    0.204686
          17     13.8102     15.5218    0.218823
          18      14.493     15.4647    0.214001
          19     15.6172     15.4727    0.202889
          20     14.3677     15.4175    0.200125
           0        -nan        -nan        -nan
           1     15.2146     15.2146           0
           2     15.4508     15.3327   0.0835164
           3     14.8054     15.1569    0.153948
           4     15.5551     15.2564    0.144088
           5     15.3162     15.2684    0.115764
           6     15.4737     15.3026      0.1014
           7     16.3215     15.4482    0.160355
           8     15.3112      15.431    0.141221
           9     16.4573     15.5451    0.165274
          10     15.4964     15.5402    0.148818
          11     17.3379     15.7036    0.206359
          12     14.4433     15.5986    0.214231
          13     14.7309     15.5319     0.20789
          14     15.4939     15.5291    0.193059
          15     17.4006     15.6539    0.216787
          16     15.2523     15.6288    0.204686
          17     13.8102     15.5218    0.218823
          18      14.493     15.4647    0.214001
          19     15.6172     15.4727    0.202889
          20     14.3677     15.4175    0.200125
           0        -nan        -nan        -nan
           1     15.2146     15.2146           0
           2     15.4508     15.3327   0.0835164
           3     14.8054     15.1569    0.153948
           4     15.5551     15.2564    0.144088
           5     15.3162     15.2684    0.115764
           6     15.4737     15.3026      0.1014
           7     16.3215     15.4482    0.160355
           8     15.3112      15.431    0.141221
           9     16.4573     15.5451    0.165274
          10     15.4964     15.5402    0.148818
          11     17.3379     15.7036    0.206359
          12     14.4433     15.5986    0.214231
          13     14.7309     15.5319     0.20789
          14     15.4939     15.5291    0.193059
          15     17.4006     15.6539    0.216787
          16     15.2523     15.6288    0.204686
          17     13.8102     15.5218    0.218823
          18      14.493     15.4647    0.214001
          19     15.6172     15.4727    0.202889
          20     14.3677     15.4175    0.200125
           0        -nan        -nan        -nan
           1     58.1226     58.1226           0
           2      58.494     58.3083     0.13132
           3     62.4432     59.6866     1.12878
           4     61.3836     60.1108    0.922873
           5     61.0034     60.2894    0.755366
           6     57.8875      59.889    0.727861
           7     61.6675     60.1431    0.666751
           8     61.5473     60.3186    0.606072
           9     62.3188     60.5409    0.578041
          10     61.8197     60.6688    0.534195
          11     60.9188     60.6915    0.486115
          12     62.1782     60.8154    0.461124
          13     59.5276     60.7163    0.436164
          14     61.9137     60.8019    0.413309
          15      62.267     60.8995     0.39713
          16     58.1122     60.7253    0.408736
          17     60.4792     60.7108    0.384949
          18     60.5037     60.6993    0.363735
          19     59.2579     60.6235    0.352413
          20      61.627     60.6736    0.338346
           0        -nan        -nan        -nan
           1     15.2146     15.2146           0
           2     15.4508     15.3327   0.0835164
           3     14.8054     15.1569    0.153948
           4     15.5551     15.2564    0.144088
           5     15.3162     15.2684    0.115764
           6     15.4737     15.3026      0.1014
           7     16.3215     15.4482    0.160355
           8     15.3112      15.431    0.141221
           9     16.4573     15.5451    0.165274
          10     15.4964     15.5402    0.148818
          11     17.3379     15.7036    0.206359
          12     14.4433     15.5986    0.214231
          13     14.7309     15.5319     0.20789
          14     15.4939     15.5291    0.193059
          15     17.4006     15.6539    0.216787
          16     15.2523     15.6288    0.204686
          17     13.8102     15.5218    0.218823
          18      14.493     15.4647    0.214001
          19     15.6172     15.4727    0.202889
          20     14.3677     15.4175    0.200125
           0        -nan        -nan        -nan
           1     15.2146     15.2146           0
           2     15.4508     15.3327   0.0835164
           3     14.8054     15.1569    0.153948
           4     15.5551     15.2564    0.144088
           5     15.3162     15.2684    0.115764
           6     15.4737     15.3026      0.1014
           7     16.3215     15.4482    0.160355
           8     15.3112      15.431    0.141221
           9     16.4573     15.5451    0.165274
          10     15.4964     15.5402    0.148818
          11     17.3379     15.7036    0.206359
          12     14.4433     15.5986    0.214231
          13     14.7309     15.5319     0.20789
          14     15.4939     15.5291    0.193059
          15     17.4006     15.6539    0.216787
          16     15.2523     15.6288    0.204686
          17     13.8102     15.5218    0.218823
          18      14.493     15.4647    0.214001
          19     15.6172     15.4727    0.202889
          20     14.3677     15.4175    0.200125
           0        -nan        -nan        -nan
           1     15.2146     15.2146           0
           2     15.4508     15.3327   0.0835164
           3     14.8054     15.1569    0.153948
           4     15.5551     15.2564    0.144088
           5     15.3162     15.2684    0.115764
           6     15.4737     15.3026      0.1014
           7     16.3215     15.4482    0.160355
           8     15.3112      15.431    0.141221
           9     16.4573     15.5451    0.165274
          10     15.4964     15.5402    0.148818
          11     17.3379     15.7036    0.206359
          12     14.4433     15.5986    0.214231
          13     14.7309     15.5319     0.20789
          14     15.4939     15.5291    0.193059
          15     17.4006     15.6539    0.216787
          16     15.2523     15.6288    0.204686
          17     13.8102     15.5218    0.218823
          18      14.493     15.4647    0.214001
          19     15.6172     15.4727    0.202889
          20     14.3677     15.4175    0.200125
           0        -nan        -nan        -nan
           1     15.4508     15.4508           0
           2     14.8054     15.1281    0.228205
           3     15.5551     15.2704     0.19144
           4     15.3162     15.2818    0.143922
           5     15.4737     15.3202    0.120143
           6     16.3215     15.4871    0.182294
           7     15.3112      15.462    0.157973
           8     16.4573     15.5864    0.180697
           9     15.4964     15.5764    0.160895
          10     17.3379     15.7525    0.221124
          11     14.4433     15.6335    0.230845
          12     14.7309     15.5583    0.223527
          13     15.4939     15.5533    0.206388
          14     17.4006     15.6853     0.22999
          15     15.2523     15.6564    0.216461
          16     13.8102      15.541    0.231656
          17      14.493     15.4794    0.226084
          18     15.6172      15.487    0.213653
          19     14.3677     15.4281    0.210373
          20     16.9345     15.5035    0.212911
           0        -nan        -nan        -nan
           1     15.4508     15.4508           0
           2     14.8054     15.1281    0.228205
           3     15.5551     15.2704     0.19144
           4     15.3162     15.2818    0.143922
           5     15.4737     15.3202    0.120143
           6     16.3215     15.4871    0.182294
           7     15.3112      15.462    0.157973
           8     16.4573     15.5864    0.180697
           9     15.4964     15.5764    0.160895
          10     17.3379     15.7525    0.221124
          11     14.4433     15.6335    0.230845
          12     14.7309     15.5583    0.223527
          13     15.4939     15.5533    0.206388
          14     17.4006     15.6853     0.22999
          15     15.2523     15.6564    0.216461
          16     13.8102      15.541    0.231656
          17      14.493     15.4794    0.226084
          18     15.6172      15.487    0.213653
          19     14.3677     15.4281    0.210373
          20     16.9345     15.5035    0.212911
           0        -nan        -nan        -nan
           1     15.4508     15.4508           0
           2     14.8054     15.1281    0.228205
           3     15.5551     15.2704     0.19144
           4     15.3162     15.2818    0.143922
           5     15.4737     15.3202    0.120143
           6     16.3215     15.4871    0.182294
           7     15.3112      15.462    0.157973
           8     16.4573     15.5864    0.180697
           9     15.4964     15.5764    0.160895
          10     17.3379     15.7525    0.221124
          11     14.4433     15.6335    0.230845
          12     14.7309     15.5583    0.223527
          13     15.4939     15.5533    0.206388
          14     17.4006     15.6853     0.22999
          15     15.2523     15.6564    0.216461
          16     13.8102      15.541    0.231656
          17      14.493     15.4794    0.226084
          18     15.6172      15.487    0.213653
          19     14.3677     15.4281    0.210373
          20     16.9345     15.5035    0.212911
          21     15.0168     15.4803     0.20403
          22     12.9005      15.363    0.225954
          23     16.0577     15.3932    0.218139
          24     15.0617     15.3794    0.209487
          25     14.3277     15.3373    0.205289
          26     14.7262     15.3138    0.198734
          27     16.0247     15.3402     0.19311
          28     14.7517     15.3191    0.187353
          29     16.4357     15.3576    0.184806
          30     15.3862     15.3586    0.178648
          31     14.4799     15.3303     0.17512
          32     15.4125     15.3328    0.169666
          33     14.8499     15.3182    0.165154
          34     16.9346     15.3657       0.167
          35     15.8701     15.3801    0.162849
          36     15.8372     15.3928    0.158819
          37       16.16     15.4136    0.155874
          38     15.2137     15.4083    0.151861
          39     13.4549     15.3582    0.156009
          40     13.4834     15.3113    0.158994
           0        -nan        -nan        -nan
           1     15.4508     15.4508           0
           2     14.8054     15.1281    0.228205
           3     15.5551     15.2704     0.19144
           4     15.3162     15.2818    0.143922
           5     15.4737     15.3202    0.120143
           6     16.3215     15.4871    0.182294
           7     15.3112      15.462    0.157973
           8     16.4573     15.5864    0.180697
           9     15.4964     15.5764    0.160895
          10     17.3379     15.7525    0.221124
          11     14.4433     15.6335    0.230845
          12     14.7309     15.5583    0.223527
          13     15.4939     15.5533    0.206388
          14     17.4006     15.6853     0.22999
          15     15.2523     15.6564    0.216461
          16     13.8102      15.541    0.231656
          17      14.493     15.4794    0.226084
          18     15.6172      15.487    0.213653
          19     14.3677     15.4281    0.210373
          20     16.9345     15.5035    0.212911
          21     15.0168     15.4803     0.20403
          22     12.9005      15.363    0.225954
          23     16.0577     15.3932    0.218139
          24     15.0617     15.3794    0.209487
          25     14.3277     15.3373    0.205289
          26     14.7262     15.3138    0.198734
          27     16.0247     15.3402     0.19311
          28     14.7517     15.3191    0.187353
          29     16.4357     15.3576    0.184806
          30     15.3862     15.3586    0.178648
          31     14.4799     15.3303     0.17512
          32     15.4125     15.3328    0.169666
          33     14.8499     15.3182    0.165154
          34     16.9346     15.3657       0.167
          35     15.8701     15.3801    0.162849
          36     15.8372     15.3928    0.158819
          37       16.16     15.4136    0.155874
          38     15.2137     15.4083    0.151861
          39     13.4549     15.3582    0.156009
          40     13.4834     15.3113    0.158994
          41     12.4132     15.2407    0.170105
          42     14.7365     15.2287    0.166478
          43     14.3198     15.2075    0.163943
          44     14.8966     15.2005    0.160369
          45     13.3805       15.16    0.161825
          46     15.1079     15.1589    0.158311
          47      15.845     15.1735    0.155614
          48     13.7645     15.1441    0.155116
          49     14.9866     15.1409    0.151983
          50     14.8578     15.1352    0.149049
          51     15.5634     15.1436    0.146363
          52     15.5735     15.1519    0.143781
          53     15.3073     15.1548    0.141098
          54     13.7926     15.1296    0.140722
          55      16.926     15.1623    0.141904
          56      13.608     15.1345    0.142058
          57     14.8101     15.1288     0.13968
          58     16.8115     15.1578    0.140252
          59     14.7995     15.1518    0.138006
          60     14.3924     15.1391    0.136285
          61      14.803     15.1336    0.134162
          62     15.2743     15.1359    0.132017
          63     15.8282     15.1469    0.130378
          64     14.1749     15.1317    0.129223
          65     15.9685     15.1445    0.127874
          66     15.2767     15.1465    0.125952
          67     16.0407     15.1599    0.124778
          68     14.3935     15.1486    0.123451
          69     15.2404       15.15    0.121669
          70     12.8064     15.1165    0.124452
          71     15.9852     15.1287    0.123299
          72     15.8246     15.1384    0.121964
          73     15.7249     15.1464    0.120558
          74      14.502     15.1377    0.119243
          75     16.0237     15.1495    0.118237
          76     12.9462     15.1205    0.120183
          77     15.7876     15.1292    0.118934
          78     15.3526      15.132    0.117443
          79     14.4672     15.1236    0.116258
          80     16.3149     15.1385    0.115755
          81     13.7705     15.1216    0.115551
          82      15.588     15.1273    0.114282
          83     15.7482     15.1348    0.113149
          84     14.0202     15.1215    0.112578
          85     14.8505     15.1183    0.111299
          86     14.3922     15.1099    0.110324
          87     14.1899     15.0993    0.109562
          88     15.7107     15.1063    0.108537
          89     15.1291     15.1065    0.107317
          90     16.8726     15.1262    0.107904
          91     14.3011     15.1171    0.107099
          92     16.3982      15.131    0.106836
          93     14.2889      15.122     0.10607
          94     16.9809     15.1417    0.106769
          95     15.7496     15.1481    0.105837
          96     15.0077     15.1467    0.104745
          97     14.4841     15.1398    0.103887
          98     15.3874     15.1424    0.102858
          99     15.0102      15.141    0.101828
         100     13.8735     15.1284    0.101595
           0        -nan        -nan        -nan
           1     15.4508     15.4508           0
           2     14.8054     15.1281    0.228205
           3     15.5551     15.2704     0.19144
           4     15.3162     15.2818    0.143922
           5     15.4737     15.3202    0.120143
           6     16.3215     15.4871    0.182294
           7     15.3112      15.462    0.157973
           8     16.4573     15.5864    0.180697
           9     15.4964     15.5764    0.160895
          10     17.3379     15.7525    0.221124
          11     14.4433     15.6335    0.230845
          12     14.7309     15.5583    0.223527
          13     15.4939     15.5533    0.206388
          14     17.4006     15.6853     0.22999
          15     15.2523     15.6564    0.216461
          16     13.8102      15.541    0.231656
          17      14.493     15.4794    0.226084
          18     15.6172      15.487    0.213653
          19     14.3677     15.4281    0.210373
          20     16.9345     15.5035    0.212911
          21     15.0168     15.4803     0.20403
          22     12.9005      15.363    0.225954
          23     16.0577     15.3932    0.218139
          24     15.0617     15.3794    0.209487
          25     14.3277     15.3373    0.205289
          26     14.7262     15.3138    0.198734
          27     16.0247     15.3402     0.19311
          28     14.7517     15.3191    0.187353
          29     16.4357     15.3576    0.184806
          30     15.3862     15.3586    0.178648
          31     14.4799     15.3303     0.17512
          32     15.4125     15.3328    0.169666
          33     14.8499     15.3182    0.165154
          34     16.9346     15.3657       0.167
          35     15.8701     15.3801    0.162849
          36     15.8372     15.3928    0.158819
          37       16.16     15.4136    0.155874
          38     15.2137     15.4083    0.151861
          39     13.4549     15.3582    0.156009
          40     13.4834     15.3113    0.158994
