           1     1.36506     1.36506           0
           2     1.37368     1.36937  0.00304763
           3      1.3846     1.37444  0.00461625
           4     1.30201     1.35633   0.0160602
           5     1.34577     1.35422   0.0129864
           6     1.34116     1.35204   0.0110031
           7      1.3455     1.35111  0.00947082
           8     1.37984      1.3547  0.00894221
           9     1.34068     1.35314  0.00808326
          10     1.36978     1.35481  0.00744419
          11     1.32683     1.35226  0.00718872
          12     1.29967     1.34788  0.00781234
          13     1.33386      1.3468  0.00728545
          14     1.37403     1.34875   0.0070199
          15     1.44287     1.35502   0.0089261
          16     1.33573     1.35382  0.00844924
          17     1.37082     1.35482  0.00801122
          18     1.34914      1.3545  0.00757235
          19     1.33722     1.35359  0.00722825
          20     1.30607     1.35121  0.00724681
           1     1.36506     1.36506           0
           2     1.37368     1.36937  0.00304763
           3      1.3846     1.37444  0.00461625
           4     1.30201     1.35633   0.0160602
           5     1.34577     1.35422   0.0129864
           6     1.34116     1.35204   0.0110031
           7      1.3455     1.35111  0.00947082
           8     1.37984      1.3547  0.00894221
           9     1.34068     1.35314  0.00808326
          10     1.36978     1.35481  0.00744419
          11     1.32683     1.35226  0.00718872
          12     1.29967     1.34788  0.00781234
          13     1.33386      1.3468  0.00728545
          14     1.37403     1.34875   0.0070199
          15     1.44287     1.35502   0.0089261
          16     1.33573     1.35382  0.00844924
          17     1.37082     1.35482  0.00801122
          18     1.34914      1.3545  0.00757235
          19     1.33722     1.35359  0.00722825
          20     1.30607     1.35121  0.00724681
           0        -nan        -nan        -nan
           1     1.37368     1.37368           0
           2      1.3846     1.37914   0.0038608
           3     1.30201     1.35343   0.0211488
           4     1.34577     1.35151    0.015948
           5     1.34116     1.34944   0.0128922
           6      1.3455     1.34878   0.0107602
           7     1.37984     1.35322   0.0100966
           8     1.34068     1.35165  0.00895543
           9     1.36978     1.35367  0.00818374
          10     1.32683     1.35098  0.00779293
          11     1.29967     1.34632  0.00836506
          12     1.33386     1.34528  0.00773213
          13     1.37403     1.34749  0.00744694
          14     1.44287      1.3543  0.00953486
          15     1.33573     1.35307  0.00897923
          16     1.37082     1.35418  0.00848631
          17     1.34914     1.35388  0.00799229
          18     1.33722     1.35295   0.0076017
          19     1.30607     1.35049  0.00759152
          20     1.41518     1.35372  0.00787097
           0        -nan        -nan        -nan
           1     1.37368     1.37368           0
           2      1.3846     1.37914   0.0038608
           3     1.30201     1.35343   0.0211488
           4     1.34577     1.35151    0.015948
           5     1.34116     1.34944   0.0128922
           6      1.3455     1.34878   0.0107602
           7     1.37984     1.35322   0.0100966
           8     1.34068     1.35165  0.00895543
           9     1.36978     1.35367  0.00818374
          10     1.32683     1.35098  0.00779293
          11     1.29967     1.34632  0.00836506
          12     1.33386     1.34528  0.00773213
          13     1.37403     1.34749  0.00744694
          14     1.44287      1.3543  0.00953486
          15     1.33573     1.35307  0.00897923
          16     1.37082     1.35418  0.00848631
          17     1.34914     1.35388  0.00799229
          18     1.33722     1.35295   0.0076017
          19     1.30607     1.35049  0.00759152
          20     1.41518     1.35372  0.00787097
           0        -nan        -nan        -nan
           1     3.71204     3.71204           0
           2     3.78476      3.7484   0.0257104
           3      3.5582       3.685   0.0545298
           4      3.7344     3.69735   0.0422727
           5     3.79536     3.71695   0.0380931
           6      4.0167     3.76691    0.055566
           7      3.9482     3.79281   0.0533231
           8     3.73124     3.78511   0.0472099
           9     3.78565     3.78517   0.0419644
          10     3.74694     3.78135   0.0379417
          11     3.80303     3.78332   0.0345436
          12     3.67507      3.7743   0.0328218
          13     3.56992     3.75858   0.0338534
          14     3.42648     3.73486   0.0388674
          15     3.74393     3.73546   0.0362809
          16     3.80994     3.74012   0.0343107
          17     3.67781     3.73645   0.0324876
          18     3.73521     3.73638   0.0306828
          19     3.87958     3.74392   0.0299792
          20     3.67075     3.74026   0.0287026
           0        -nan        -nan        -nan
           1     1.37368     1.37368           0
           2      1.3846     1.37914   0.0038608
           3     1.30201     1.35343   0.0211488
           4     1.34577     1.35151    0.015948
           5     1.34116     1.34944   0.0128922
           6      1.3455     1.34878   0.0107602
           7     1.37984     1.35322   0.0100966
           8     1.34068     1.35165  0.00895543
           9     1.36978     1.35367  0.00818374
          10     1.32683     1.35098  0.00779293
          11     1.29967     1.34632  0.00836506
          12     1.33386     1.34528  0.00773213
          13     1.37403     1.34749  0.00744694
          14     1.44287      1.3543  0.00953486
          15     1.33573     1.35307  0.00897923
          16     1.37082     1.35418  0.00848631
          17     1.34914     1.35388  0.00799229
          18     1.33722     1.35295   0.0076017
          19     1.30607     1.35049  0.00759152
          20     1.41518     1.35372  0.00787097
           0        -nan        -nan        -nan
           1     1.37368     1.37368           0
           2      1.3846     1.37914   0.0038608
           3     1.30201     1.35343   0.0211488
           4     1.34577     1.35151    0.015948
           5     1.34116     1.34944   0.0128922
           6      1.3455     1.34878   0.0107602
           7     1.37984     1.35322   0.0100966
           8     1.34068     1.35165  0.00895543
           9     1.36978     1.35367  0.00818374
          10     1.32683     1.35098  0.00779293
          11     1.29967     1.34632  0.00836506
          12     1.33386     1.34528  0.00773213
          13     1.37403     1.34749  0.00744694
          14     1.44287      1.3543  0.00953486
          15     1.33573     1.35307  0.00897923
          16     1.37082     1.35418  0.00848631
          17     1.34914     1.35388  0.00799229
          18     1.33722     1.35295   0.0076017
          19     1.30607     1.35049  0.00759152
          20     1.41518     1.35372  0.00787097
           0        -nan        -nan        -nan
           1     1.37368     1.37368           0
           2      1.3846     1.37914   0.0038608
           3     1.30201     1.35343   0.0211488
           4     1.34577     1.35151    0.015948
           5     1.34116     1.34944   0.0128922
           6      1.3455     1.34878   0.0107602
           7     1.37984     1.35322   0.0100966
           8     1.34068     1.35165  0.00895543
           9     1.36978     1.35367  0.00818374
          10     1.32683     1.35098  0.00779293
          11     1.29967     1.34632  0.00836506
          12     1.33386     1.34528  0.00773213
          13     1.37403     1.34749  0.00744694
          14     1.44287      1.3543  0.00953486
          15     1.33573     1.35307  0.00897923
          16     1.37082     1.35418  0.00848631
          17     1.34914     1.35388  0.00799229
          18     1.33722     1.35295   0.0076017
          19     1.30607     1.35049  0.00759152
          20     1.41518     1.35372  0.00787097
           0        -nan        -nan        -nan
           1      1.3846      1.3846           0
           2     1.30201      1.3433   0.0291993
           3     1.34577     1.34412   0.0194777
           4     1.34116     1.34338   0.0146224
           5      1.3455     1.34381   0.0117041
           6     1.37984     1.34981    0.011189
           7     1.34068     1.34851  0.00966636
           8     1.36978     1.35117  0.00881624
           9     1.32683     1.34846  0.00824083
          10     1.29967     1.34358  0.00874277
          11     1.33386      1.3427  0.00799253
          12     1.37403     1.34531  0.00774125
          13     1.44287     1.35281   0.0101512
          14     1.33573     1.35159  0.00949917
          15     1.37082     1.35288  0.00895194
          16     1.34914     1.35264  0.00839549
          17     1.33722     1.35174  0.00795053
          18     1.30607      1.3492   0.0079032
          19     1.41518     1.35267  0.00821486
          20     1.36148     1.35311  0.00781592
           0        -nan        -nan        -nan
           1      1.3846      1.3846           0
           2     1.30201      1.3433   0.0291993
           3     1.34577     1.34412   0.0194777
           4     1.34116     1.34338   0.0146224
           5      1.3455     1.34381   0.0117041
           6     1.37984     1.34981    0.011189
           7     1.34068     1.34851  0.00966636
           8     1.36978     1.35117  0.00881624
           9     1.32683     1.34846  0.00824083
          10     1.29967     1.34358  0.00874277
          11     1.33386      1.3427  0.00799253
          12     1.37403     1.34531  0.00774125
          13     1.44287     1.35281   0.0101512
          14     1.33573     1.35159  0.00949917
          15     1.37082     1.35288  0.00895194
          16     1.34914     1.35264  0.00839549
          17     1.33722     1.35174  0.00795053
          18     1.30607      1.3492   0.0079032
          19     1.41518     1.35267  0.00821486
          20     1.36148     1.35311  0.00781592
           0        -nan        -nan        -nan
           1      1.3846      1.3846           0
           2     1.30201      1.3433   0.0291993
           3     1.34577     1.34412   0.0194777
           4     1.34116     1.34338   0.0146224
           5      1.3455     1.34381   0.0117041
           6     1.37984     1.34981    0.011189
           7     1.34068     1.34851  0.00966636
           8     1.36978     1.35117  0.00881624
           9     1.32683     1.34846  0.00824083
          10     1.29967     1.34358  0.00874277
          11     1.33386      1.3427  0.00799253
          12     1.37403     1.34531  0.00774125
          13     1.44287     1.35281   0.0101512
          14     1.33573     1.35159  0.00949917
          15     1.37082     1.35288  0.00895194
          16     1.34914     1.35264  0.00839549
          17     1.33722     1.35174  0.00795053
          18     1.30607      1.3492   0.0079032
          19     1.41518     1.35267  0.00821486
          20     1.36148     1.35311  0.00781592
          21     1.38053     1.35442  0.00755202
          22     1.37504     1.35535  0.00726669
          23     1.36234     1.35566   0.0069571
          24     1.35464     1.35562  0.00666735
          25     1.39502     1.35719  0.00658428
          26     1.35254     1.35701  0.00633348
          27     1.34864      1.3567   0.0061065
          28     1.34891     1.35642  0.00589474
          29     1.30862     1.35478  0.00591751
          30     1.40945      1.3566  0.00599432
          31     1.34942     1.35637  0.00580542
          32     1.39415     1.35755  0.00574283
          33     1.35614      1.3575  0.00556897
          34     1.39082     1.35848  0.00549068
          35      1.3306     1.35769  0.00539129
          36     1.34964     1.35746  0.00524617
          37     1.36932     1.35778  0.00511417
          38     1.40402       1.359  0.00512225
          39     1.37582     1.35943  0.00500903
          40     1.28121     1.35748   0.0052517
           0        -nan        -nan        -nan
           1      1.3846      1.3846           0
           2     1.30201      1.3433   0.0291993
           3     1.34577     1.34412   0.0194777
           4     1.34116     1.34338   0.0146224
           5      1.3455     1.34381   0.0117041
           6     1.37984     1.34981    0.011189
           7     1.34068     1.34851  0.00966636
           8     1.36978     1.35117  0.00881624
           9     1.32683     1.34846  0.00824083
          10     1.29967     1.34358  0.00874277
          11     1.33386      1.3427  0.00799253
          12     1.37403     1.34531  0.00774125
          13     1.44287     1.35281   0.0101512
          14     1.33573     1.35159  0.00949917
          15     1.37082     1.35288  0.00895194
          16     1.34914     1.35264  0.00839549
          17     1.33722     1.35174  0.00795053
          18     1.30607      1.3492   0.0079032
          19     1.41518     1.35267  0.00821486
          20     1.36148     1.35311  0.00781592
          21     1.38053     1.35442  0.00755202
          22     1.37504     1.35535  0.00726669
          23     1.36234     1.35566   0.0069571
          24     1.35464     1.35562  0.00666735
          25     1.39502     1.35719  0.00658428
          26     1.35254     1.35701  0.00633348
          27     1.34864      1.3567   0.0061065
          28     1.34891     1.35642  0.00589474
          29     1.30862     1.35478  0.00591751
          30     1.40945      1.3566  0.00599432
          31     1.34942     1.35637  0.00580542
          32     1.39415     1.35755  0.00574283
          33     1.35614      1.3575  0.00556897
          34     1.39082     1.35848  0.00549068
          35      1.3306     1.35769  0.00539129
          36     1.34964     1.35746  0.00524617
          37     1.36932     1.35778  0.00511417
          38     1.40402       1.359  0.00512225
          39     1.37582     1.35943  0.00500903
          40     1.28121     1.35748   0.0052517
          41     1.35602     1.35744  0.00512373
          42     1.42714      1.3591  0.00526362
          43     1.36726     1.35929  0.00514463
          44     1.32551     1.35852  0.00508467
          45     1.34461     1.35821  0.00498107
          46     1.32775     1.35755  0.00491661
          47     1.34436     1.35727  0.00482001
          48      1.3432     1.35698   0.0047285
          49     1.36138     1.35707  0.00463285
          50     1.43619     1.35865  0.00480284
          51     1.31347     1.35776  0.00478967
          52     1.36951     1.35799  0.00470288
          53     1.37332     1.35828  0.00462303
          54     1.29851     1.35717  0.00466803
          55     1.37413     1.35748  0.00459332
          56     1.35104     1.35737  0.00451274
          57     1.34514     1.35715  0.00443866
          58      1.3248     1.35659  0.00439703
          59     1.40126     1.35735  0.00438719
          60     1.32306     1.35678  0.00435113
          61     1.34128     1.35653  0.00428721
          62     1.36863     1.35672  0.00422251
          63     1.36624     1.35687  0.00415819
          64     1.35864      1.3569  0.00409331
          65     1.39561     1.35749  0.00407342
          66     1.38943     1.35798  0.00404035
          67      1.4085     1.35873   0.0040498
          68     1.36293     1.35879  0.00399071
          69     1.33508     1.35845  0.00394764
          70     1.38044     1.35876  0.00390372
          71     1.33968      1.3585  0.00385799
          72     1.40766     1.35918  0.00386437
          73     1.39214     1.35963  0.00383772
          74      1.3691     1.35976  0.00378799
          75     1.28721     1.35879  0.00385902
          76      1.3315     1.35843  0.00382491
          77     1.36829     1.35856  0.00377738
          78     1.36426     1.35863  0.00372966
          79     1.34866     1.35851  0.00368458
          80      1.3396     1.35827  0.00364609
          81     1.39046     1.35867  0.00362267
          82     1.33981     1.35844  0.00358579
          83     1.41902     1.35917  0.00361611
          84     1.36653     1.35926  0.00357412
          85     1.31736     1.35876  0.00356589
          86     1.35497     1.35872   0.0035247
          87      1.3848     1.35902  0.00349692
          88     1.38505     1.35931  0.00346967
          89      1.3811     1.35956  0.00343931
          90     1.32667     1.35919  0.00342045
          91     1.33101     1.35888  0.00339686
          92      1.3732     1.35904   0.0033635
          93     1.33522     1.35878  0.00333707
          94     1.36416     1.35884  0.00330206
          95     1.35779     1.35883  0.00326732
          96     1.35619      1.3588  0.00323341
          97     1.37592     1.35898  0.00320488
          98     1.36688     1.35906  0.00317319
          99     1.37532     1.35922  0.00314539
         100     1.35948     1.35923  0.00311394
           0        -nan        -nan        -nan
           1      1.3846      1.3846           0
           2     1.30201      1.3433   0.0291993
           3     1.34577     1.34412   0.0194777
           4     1.34116     1.34338   0.0146224
           5      1.3455     1.34381   0.0117041
           6     1.37984     1.34981    0.011189
           7     1.34068     1.34851  0.00966636
           8     1.36978     1.35117  0.00881624
           9     1.32683     1.34846  0.00824083
          10     1.29967     1.34358  0.00874277
          11     1.33386      1.3427  0.00799253
          12     1.37403     1.34531  0.00774125
          13     1.44287     1.35281   0.0101512
          14     1.33573     1.35159  0.00949917
          15     1.37082     1.35288  0.00895194
          16     1.34914     1.35264  0.00839549
          17     1.33722     1.35174  0.00795053
          18     1.30607      1.3492   0.0079032
          19     1.41518     1.35267  0.00821486
          20     1.36148     1.35311  0.00781592
          21     1.38053     1.35442  0.00755202
          22     1.37504     1.35535  0.00726669
          23     1.36234     1.35566   0.0069571
          24     1.35464     1.35562  0.00666735
          25     1.39502     1.35719  0.00658428
          26     1.35254     1.35701  0.00633348
          27     1.34864      1.3567   0.0061065
          28     1.34891     1.35642  0.00589474
          29     1.30862     1.35478  0.00591751
          30     1.40945      1.3566  0.00599432
          31     1.34942     1.35637  0.00580542
          32     1.39415     1.35755  0.00574283
          33     1.35614      1.3575  0.00556897
          34     1.39082     1.35848  0.00549068
          35      1.3306     1.35769  0.00539129
          36     1.34964     1.35746  0.00524617
          37     1.36932     1.35778  0.00511417
          38     1.40402       1.359  0.00512225
          39     1.37582     1.35943  0.00500903
          40     1.28121     1.35748   0.0052517
