           1    -0.85056    -0.85056           0
           2   -0.848928   -0.849744 0.000576999
           3   -0.848832    -0.84944 0.000457798
           4   -0.845432   -0.848438 0.000933215
           5    -0.84936   -0.848622 0.000764574
           6   -0.847488   -0.848433 0.000660108
           7   -0.849504   -0.848586 0.000583257
           8   -0.853896    -0.84925 0.000803685
           9    -0.85076   -0.849418  0.00073169
          10   -0.850912   -0.849567 0.000673605
          11   -0.846776   -0.849313 0.000658429
          12   -0.857688   -0.850011 0.000900407
          13   -0.850216   -0.850027 0.000831283
          14   -0.849408   -0.849983  0.00077308
          15   -0.843632   -0.849559 0.000829416
          16   -0.851624   -0.849688 0.000787551
          17   -0.847392   -0.849553 0.000752721
          18   -0.845432   -0.849324 0.000744914
          19    -0.84968   -0.849343 0.000705943
          20   -0.848016   -0.849277 0.000673757
           1    -0.85056    -0.85056           0
           2   -0.848928   -0.849744 0.000576999
           3   -0.848832    -0.84944 0.000457798
           4   -0.845432   -0.848438 0.000933215
           5    -0.84936   -0.848622 0.000764574
           6   -0.847488   -0.848433 0.000660108
           7   -0.849504   -0.848586 0.000583257
           8   -0.853896    -0.84925 0.000803685
           9    -0.85076   -0.849418  0.00073169
          10   -0.850912   -0.849567 0.000673605
          11   -0.846776   -0.849313 0.000658429
          12   -0.857688   -0.850011 0.000900407
          13   -0.850216   -0.850027 0.000831283
          14   -0.849408   -0.849983  0.00077308
          15   -0.843632   -0.849559 0.000829416
          16   -0.851624   -0.849688 0.000787551
          17   -0.847392   -0.849553 0.000752721
          18   -0.845432   -0.849324 0.000744914
          19    -0.84968   -0.849343 0.000705943
          20   -0.848016   -0.849277 0.000673757
           0        -nan        -nan        -nan
           1   -0.848928   -0.848928           0
           2   -0.848832    -0.84888 3.39411e-05
           3   -0.845432   -0.847731 0.000938699
           4    -0.84936   -0.848138 0.000787459
           5   -0.847488   -0.848008 0.000640608
           6   -0.849504   -0.848257 0.000580337
           7   -0.853896   -0.849063 0.000896444
           8    -0.85076   -0.849275 0.000809101
           9   -0.850912   -0.849457 0.000739363
          10   -0.846776   -0.849189 0.000712374
          11   -0.857688   -0.849961  0.00098088
          12   -0.850216   -0.849983 0.000899369
          13   -0.849408   -0.849938 0.000831273
          14   -0.843632   -0.849488 0.000885576
          15   -0.851624    -0.84963 0.000837908
          16   -0.847392    -0.84949 0.000797133
          17   -0.845432   -0.849252 0.000785179
          18    -0.84968   -0.849276 0.000741918
          19   -0.848016   -0.849209 0.000705825
          20    -0.84828   -0.849163 0.000672061
           0        -nan        -nan        -nan
           1   -0.848928   -0.848928           0
           2   -0.848832    -0.84888 3.39411e-05
           3   -0.845432   -0.847731 0.000938699
           4    -0.84936   -0.848138 0.000787459
           5   -0.847488   -0.848008 0.000640608
           6   -0.849504   -0.848257 0.000580337
           7   -0.853896   -0.849063 0.000896444
           8    -0.85076   -0.849275 0.000809101
           9   -0.850912   -0.849457 0.000739363
          10   -0.846776   -0.849189 0.000712374
          11   -0.857688   -0.849961  0.00098088
          12   -0.850216   -0.849983 0.000899369
          13   -0.849408   -0.849938 0.000831273
          14   -0.843632   -0.849488 0.000885576
          15   -0.851624    -0.84963 0.000837908
          16   -0.847392    -0.84949 0.000797133
          17   -0.845432   -0.849252 0.000785179
          18    -0.84968   -0.849276 0.000741918
          19   -0.848016   -0.849209 0.000705825
          20    -0.84828   -0.849163 0.000672061
           0        -nan        -nan        -nan
           1   -0.848928   -0.848928           0
           2   -0.848832    -0.84888 3.39411e-05
           3   -0.845432   -0.847731 0.000938699
           4    -0.84936   -0.848138 0.000787459
           5   -0.847488   -0.848008 0.000640608
           6   -0.849504   -0.848257 0.000580337
           7   -0.853896   -0.849063 0.000896444
           8    -0.85076   -0.849275 0.000809101
           9   -0.850912   -0.849457 0.000739363
          10   -0.846776   -0.849189 0.000712374
          11   -0.857688   -0.849961  0.00098088
          12   -0.850216   -0.849983 0.000899369
          13   -0.849408   -0.849938 0.000831273
          14   -0.843632   -0.849488 0.000885576
          15   -0.851624    -0.84963 0.000837908
          16   -0.847392    -0.84949 0.000797133
          17   -0.845432   -0.849252 0.000785179
          18    -0.84968   -0.849276 0.000741918
          19   -0.848016   -0.849209 0.000705825
          20    -0.84828   -0.849163 0.000672061
           0        -nan        -nan        -nan
           1   -0.992664   -0.992664           0
           2    -0.99232   -0.992492 0.000121622
           3     -0.9996   -0.994861  0.00193625
           4   -0.997088   -0.995418  0.00153012
           5   -0.997144   -0.995763  0.00126243
           6    -0.99224   -0.995176  0.00118072
           7   -0.998344   -0.995629  0.00109535
           8   -0.997952   -0.995919 0.000996192
           9   -0.999304   -0.996295 0.000953866
          10   -0.998416   -0.996507 0.000881742
          11   -0.996776   -0.996532 0.000801923
          12   -0.998744   -0.996716 0.000755991
          13   -0.994656   -0.996558 0.000714253
          14   -0.998096   -0.996667 0.000671635
          15   -0.998912   -0.996817 0.000643313
          16   -0.992248   -0.996532 0.000663467
          17   -0.996288   -0.996517 0.000624594
          18   -0.995592   -0.996466 0.000592005
          19   -0.994304   -0.996352 0.000571676
          20      -0.998   -0.996434 0.000548999
           0        -nan        -nan        -nan
           1   -0.848928   -0.848928           0
           2   -0.848832    -0.84888 3.39411e-05
           3   -0.845432   -0.847731 0.000938699
           4    -0.84936   -0.848138 0.000787459
           5   -0.847488   -0.848008 0.000640608
           6   -0.849504   -0.848257 0.000580337
           7   -0.853896   -0.849063 0.000896444
           8    -0.85076   -0.849275 0.000809101
           9   -0.850912   -0.849457 0.000739363
          10   -0.846776   -0.849189 0.000712374
          11   -0.857688   -0.849961  0.00098088
          12   -0.850216   -0.849983 0.000899369
          13   -0.849408   -0.849938 0.000831273
          14   -0.843632   -0.849488 0.000885576
          15   -0.851624    -0.84963 0.000837908
          16   -0.847392    -0.84949 0.000797133
          17   -0.845432   -0.849252 0.000785179
          18    -0.84968   -0.849276 0.000741918
          19   -0.848016   -0.849209 0.000705825
          20    -0.84828   -0.849163 0.000672061
           0        -nan        -nan        -nan
           1   -0.848928   -0.848928           0
           2   -0.848832    -0.84888 3.39411e-05
           3   -0.845432   -0.847731 0.000938699
           4    -0.84936   -0.848138 0.000787459
           5   -0.847488   -0.848008 0.000640608
           6   -0.849504   -0.848257 0.000580337
           7   -0.853896   -0.849063 0.000896444
           8    -0.85076   -0.849275 0.000809101
           9   -0.850912   -0.849457 0.000739363
          10   -0.846776   -0.849189 0.000712374
          11   -0.857688   -0.849961  0.00098088
          12   -0.850216   -0.849983 0.000899369
          13   -0.849408   -0.849938 0.000831273
          14   -0.843632   -0.849488 0.000885576
          15   -0.851624    -0.84963 0.000837908
          16   -0.847392    -0.84949 0.000797133
          17   -0.845432   -0.849252 0.000785179
          18    -0.84968   -0.849276 0.000741918
          19   -0.848016   -0.849209 0.000705825
          20    -0.84828   -0.849163 0.000672061
           0        -nan        -nan        -nan
           1   -0.848928   -0.848928           0
           2   -0.848832    -0.84888 3.39411e-05
           3   -0.845432   -0.847731 0.000938699
           4    -0.84936   -0.848138 0.000787459
           5   -0.847488   -0.848008 0.000640608
           6   -0.849504   -0.848257 0.000580337
           7   -0.853896   -0.849063 0.000896444
           8    -0.85076   -0.849275 0.000809101
           9   -0.850912   -0.849457 0.000739363
          10   -0.846776   -0.849189 0.000712374
          11   -0.857688   -0.849961  0.00098088
          12   -0.850216   -0.849983 0.000899369
          13   -0.849408   -0.849938 0.000831273
          14   -0.843632   -0.849488 0.000885576
          15   -0.851624    -0.84963 0.000837908
          16   -0.847392    -0.84949 0.000797133
          17   -0.845432   -0.849252 0.000785179
          18    -0.84968   -0.849276 0.000741918
          19   -0.848016   -0.849209 0.000705825
          20    -0.84828   -0.849163 0.000672061
           0        -nan        -nan        -nan
           1   -0.848832   -0.848832           0
           2   -0.845432   -0.847132  0.00120208
           3    -0.84936   -0.847875  0.00100495
           4   -0.847488   -0.847778 0.000758348
           5   -0.849504   -0.848123 0.000680727
           6   -0.853896   -0.849085  0.00104557
           7    -0.85076   -0.849325 0.000923167
           8   -0.850912   -0.849523 0.000828822
           9   -0.846776   -0.849218 0.000790937
          10   -0.857688   -0.850065  0.00107351
          11   -0.850216   -0.850079 0.000976006
          12   -0.849408   -0.850023  0.00089627
          13   -0.843632   -0.849531 0.000952649
          14   -0.851624   -0.849681 0.000896256
          15   -0.847392   -0.849528 0.000849392
          16   -0.845432   -0.849272 0.000833992
          17    -0.84968   -0.849296 0.000785279
          18   -0.848016   -0.849225 0.000744865
          19    -0.84828   -0.849175  0.00070732
          20   -0.852488   -0.849341 0.000691077
           0        -nan        -nan        -nan
           1   -0.848832   -0.848832           0
           2   -0.845432   -0.847132  0.00120208
           3    -0.84936   -0.847875  0.00100495
           4   -0.847488   -0.847778 0.000758348
           5   -0.849504   -0.848123 0.000680727
           6   -0.853896   -0.849085  0.00104557
           7    -0.85076   -0.849325 0.000923167
           8   -0.850912   -0.849523 0.000828822
           9   -0.846776   -0.849218 0.000790937
          10   -0.857688   -0.850065  0.00107351
          11   -0.850216   -0.850079 0.000976006
          12   -0.849408   -0.850023  0.00089627
          13   -0.843632   -0.849531 0.000952649
          14   -0.851624   -0.849681 0.000896256
          15   -0.847392   -0.849528 0.000849392
          16   -0.845432   -0.849272 0.000833992
          17    -0.84968   -0.849296 0.000785279
          18   -0.848016   -0.849225 0.000744865
          19    -0.84828   -0.849175  0.00070732
          20   -0.852488   -0.849341 0.000691077
           0        -nan        -nan        -nan
           1   -0.848832   -0.848832           0
           2   -0.845432   -0.847132  0.00120208
           3    -0.84936   -0.847875  0.00100495
           4   -0.847488   -0.847778 0.000758348
           5   -0.849504   -0.848123 0.000680727
           6   -0.853896   -0.849085  0.00104557
           7    -0.85076   -0.849325 0.000923167
           8   -0.850912   -0.849523 0.000828822
           9   -0.846776   -0.849218 0.000790937
          10   -0.857688   -0.850065  0.00107351
          11   -0.850216   -0.850079 0.000976006
          12   -0.849408   -0.850023  0.00089627
          13   -0.843632   -0.849531 0.000952649
          14   -0.851624   -0.849681 0.000896256
          15   -0.847392   -0.849528 0.000849392
          16   -0.845432   -0.849272 0.000833992
          17    -0.84968   -0.849296 0.000785279
          18   -0.848016   -0.849225 0.000744865
          19    -0.84828   -0.849175  0.00070732
          20   -0.852488   -0.849341 0.000691077
          21   -0.849264   -0.849337 0.000658178
          22     -0.8456   -0.849167 0.000649812
          23   -0.849112   -0.849165 0.000621564
          24   -0.849064   -0.849161  0.00059568
          25    -0.84428   -0.848965 0.000602996
          26   -0.847416   -0.848906 0.000582741
          27   -0.850064   -0.848949 0.000562735
          28    -0.84568   -0.848832 0.000554614
          29   -0.849392   -0.848851 0.000535825
          30   -0.851576   -0.848942 0.000525605
          31    -0.84648   -0.848863 0.000514616
          32   -0.849368   -0.848879 0.000498777
          33   -0.848608    -0.84887  0.00048373
          34     -0.8546   -0.849039 0.000497992
          35   -0.849896   -0.849063 0.000484366
          36   -0.848272   -0.849041  0.00047141
          37   -0.850728   -0.849087 0.000460868
          38   -0.848152   -0.849062 0.000449396
          39   -0.849256   -0.849067   0.0004379
          40   -0.843336   -0.848924 0.000449783
           0        -nan        -nan        -nan
           1   -0.848832   -0.848832           0
           2   -0.845432   -0.847132  0.00120208
           3    -0.84936   -0.847875  0.00100495
           4   -0.847488   -0.847778 0.000758348
           5   -0.849504   -0.848123 0.000680727
           6   -0.853896   -0.849085  0.00104557
           7    -0.85076   -0.849325 0.000923167
           8   -0.850912   -0.849523 0.000828822
           9   -0.846776   -0.849218 0.000790937
          10   -0.857688   -0.850065  0.00107351
          11   -0.850216   -0.850079 0.000976006
          12   -0.849408   -0.850023  0.00089627
          13   -0.843632   -0.849531 0.000952649
          14   -0.851624   -0.849681 0.000896256
          15   -0.847392   -0.849528 0.000849392
          16   -0.845432   -0.849272 0.000833992
          17    -0.84968   -0.849296 0.000785279
          18   -0.848016   -0.849225 0.000744865
          19    -0.84828   -0.849175  0.00070732
          20   -0.852488   -0.849341 0.000691077
          21   -0.849264   -0.849337 0.000658178
          22     -0.8456   -0.849167 0.000649812
          23   -0.849112   -0.849165 0.000621564
          24   -0.849064   -0.849161  0.00059568
          25    -0.84428   -0.848965 0.000602996
          26   -0.847416   -0.848906 0.000582741
          27   -0.850064   -0.848949 0.000562735
          28    -0.84568   -0.848832 0.000554614
          29   -0.849392   -0.848851 0.000535825
          30   -0.851576   -0.848942 0.000525605
          31    -0.84648   -0.848863 0.000514616
          32   -0.849368   -0.848879 0.000498777
          33   -0.848608    -0.84887  0.00048373
          34     -0.8546   -0.849039 0.000497992
          35   -0.849896   -0.849063 0.000484366
          36   -0.848272   -0.849041  0.00047141
          37   -0.850728   -0.849087 0.000460868
          38   -0.848152   -0.849062 0.000449396
          39   -0.849256   -0.849067   0.0004379
          40   -0.843336   -0.848924 0.000449783
          41   -0.845536   -0.848841 0.000446339
          42    -0.84548   -0.848761 0.000442829
          43   -0.842048   -0.848605 0.000459229
          44   -0.847632   -0.848583 0.000449324
          45   -0.845248   -0.848509 0.000445409
          46   -0.847616    -0.84849 0.000436149
          47   -0.854904   -0.848626 0.000447713
          48   -0.844296   -0.848536 0.000447382
          49   -0.845416   -0.848472 0.000442759
          50   -0.849424   -0.848491 0.000434313
          51   -0.849272   -0.848507 0.000426067
          52   -0.849008   -0.848516 0.000417982
          53   -0.849584   -0.848536 0.000410581
          54   -0.845784   -0.848485 0.000406129
          55   -0.853384   -0.848574 0.000408395
          56   -0.843416   -0.848482 0.000411359
          57   -0.847472   -0.848465 0.000404524
          58   -0.850504     -0.8485 0.000399075
          59   -0.846728    -0.84847 0.000393439
          60   -0.847272    -0.84845 0.000387388
          61   -0.845176   -0.848396 0.000384736
          62    -0.84804    -0.84839 0.000378574
          63   -0.848104   -0.848386 0.000372592
          64   -0.846024   -0.848349 0.000368593
          65    -0.84668   -0.848323 0.000363816
          66   -0.845472    -0.84828 0.000360859
          67   -0.848824   -0.848288 0.000355564
          68   -0.851296   -0.848332 0.000353076
          69   -0.846704   -0.848309 0.000348747
          70   -0.847488   -0.848297 0.000343962
          71   -0.853312   -0.848368 0.000346294
          72   -0.847656   -0.848358 0.000341625
          73    -0.85144     -0.8484 0.000339545
          74   -0.847296   -0.848385 0.000335284
          75    -0.85104    -0.84842 0.000332677
          76   -0.848272   -0.848419 0.000328305
          77    -0.84864   -0.848421 0.000324054
          78   -0.846976   -0.848403 0.000320429
          79   -0.848056   -0.848398 0.000316403
          80   -0.849296    -0.84841 0.000312647
          81   -0.841992    -0.84833 0.000318668
          82   -0.850848   -0.848361 0.000316257
          83    -0.84704   -0.848345 0.000312847
          84   -0.840888   -0.848256 0.000321472
          85   -0.849776   -0.848274 0.000318187
          86    -0.84396   -0.848224 0.000318417
          87   -0.843584   -0.848171 0.000319193
          88   -0.844656   -0.848131 0.000318055
          89   -0.847984   -0.848129 0.000314486
          90   -0.854584   -0.848201 0.000319065
          91   -0.846072   -0.848178 0.000316415
          92   -0.849736   -0.848195 0.000313429
          93   -0.849104   -0.848204 0.000310211
          94   -0.852144   -0.848246 0.000309729
          95   -0.849656   -0.848261 0.000306824
          96     -0.8456   -0.848233 0.000304878
          97   -0.846864   -0.848219 0.000302061
          98    -0.84908   -0.848228 0.000299107
          99   -0.847448    -0.84822 0.000296189
         100   -0.843184    -0.84817 0.000297478
           0        -nan        -nan        -nan
           1   -0.848832   -0.848832           0
           2   -0.845432   -0.847132  0.00120208
           3    -0.84936   -0.847875  0.00100495
           4   -0.847488   -0.847778 0.000758348
           5   -0.849504   -0.848123 0.000680727
           6   -0.853896   -0.849085  0.00104557
           7    -0.85076   -0.849325 0.000923167
           8   -0.850912   -0.849523 0.000828822
           9   -0.846776   -0.849218 0.000790937
          10   -0.857688   -0.850065  0.00107351
          11   -0.850216   -0.850079 0.000976006
          12   -0.849408   -0.850023  0.00089627
          13   -0.843632   -0.849531 0.000952649
          14   -0.851624   -0.849681 0.000896256
          15   -0.847392   -0.849528 0.000849392
          16   -0.845432   -0.849272 0.000833992
          17    -0.84968   -0.849296 0.000785279
          18   -0.848016   -0.849225 0.000744865
          19    -0.84828   -0.849175  0.00070732
          20   -0.852488   -0.849341 0.000691077
          21   -0.849264   -0.849337 0.000658178
          22     -0.8456   -0.849167 0.000649812
          23   -0.849112   -0.849165 0.000621564
          24   -0.849064   -0.849161  0.00059568
          25    -0.84428   -0.848965 0.000602996
          26   -0.847416   -0.848906 0.000582741
          27   -0.850064   -0.848949 0.000562735
          28    -0.84568   -0.848832 0.000554614
          29   -0.849392   -0.848851 0.000535825
          30   -0.851576   -0.848942 0.000525605
          31    -0.84648   -0.848863 0.000514616
          32   -0.849368   -0.848879 0.000498777
          33   -0.848608    -0.84887  0.00048373
          34     -0.8546   -0.849039 0.000497992
          35   -0.849896   -0.849063 0.000484366
          36   -0.848272   -0.849041  0.00047141
          37   -0.850728   -0.849087 0.000460868
          38   -0.848152   -0.849062 0.000449396
          39   -0.849256   -0.849067   0.0004379
          40   -0.843336   -0.848924 0.000449783
