           1    0.437688    0.437688           0
           2    0.461773     0.44973  0.00851523
           3    0.435306    0.444922  0.00690207
           4    0.476445    0.452803  0.00856593
           5    0.440455    0.450333  0.00719991
           6     0.43442    0.447681  0.00647004
           7    0.472543    0.451233  0.00644733
           8    0.430264    0.448612  0.00615117
           9    0.464105    0.450333   0.0057035
          10    0.455198     0.45082  0.00515385
          11    0.455163    0.451214  0.00470042
          12    0.437707    0.450089  0.00444145
          13    0.431096    0.448628  0.00433342
          14    0.432385    0.447468  0.00417632
          15    0.448669    0.447548  0.00389867
          16    0.480894    0.449632  0.00417506
          17    0.448731    0.449579  0.00392981
          18    0.432445    0.448627  0.00382503
          19    0.439479    0.448146  0.00365389
          20     0.44688    0.448082  0.00347174
           1    0.437688    0.437688           0
           2    0.461773     0.44973  0.00851523
           3    0.435306    0.444922  0.00690207
           4    0.476445    0.452803  0.00856593
           5    0.440455    0.450333  0.00719991
           6     0.43442    0.447681  0.00647004
           7    0.472543    0.451233  0.00644733
           8    0.430264    0.448612  0.00615117
           9    0.464105    0.450333   0.0057035
          10    0.455198     0.45082  0.00515385
          11    0.455163    0.451214  0.00470042
          12    0.437707    0.450089  0.00444145
          13    0.431096    0.448628  0.00433342
          14    0.432385    0.447468  0.00417632
          15    0.448669    0.447548  0.00389867
          16    0.480894    0.449632  0.00417506
          17    0.448731    0.449579  0.00392981
          18    0.432445    0.448627  0.00382503
          19    0.439479    0.448146  0.00365389
          20     0.44688    0.448082  0.00347174
           0        -nan        -nan        -nan
           1    0.461773    0.461773           0
           2    0.435306    0.448539  0.00935743
           3    0.476445    0.457841  0.00982847
           4    0.440455    0.453495  0.00827679
           5     0.43442     0.44968  0.00744896
           6    0.472543     0.45349   0.0071157
           7    0.430264    0.450172  0.00682909
           8    0.464105    0.451914  0.00619354
           9    0.455198    0.452279  0.00551611
          10    0.455163    0.452567  0.00497203
          11    0.437707    0.451216  0.00469996
          12    0.431096     0.44954  0.00459765
          13    0.432385     0.44822   0.0044293
          14    0.448669    0.448252  0.00411304
          15    0.480894    0.450428  0.00437681
          16    0.448731    0.450322  0.00410454
          17    0.432445    0.449271  0.00399555
          18    0.439479    0.448727  0.00381042
          19     0.44688    0.448629  0.00361111
          20    0.421594    0.447278  0.00367486
           0        -nan        -nan        -nan
           1    0.461773    0.461773           0
           2    0.435306    0.448539  0.00935743
           3    0.476445    0.457841  0.00982847
           4    0.440455    0.453495  0.00827679
           5     0.43442     0.44968  0.00744896
           6    0.472543     0.45349   0.0071157
           7    0.430264    0.450172  0.00682909
           8    0.464105    0.451914  0.00619354
           9    0.455198    0.452279  0.00551611
          10    0.455163    0.452567  0.00497203
          11    0.437707    0.451216  0.00469996
          12    0.431096     0.44954  0.00459765
          13    0.432385     0.44822   0.0044293
          14    0.448669    0.448252  0.00411304
          15    0.480894    0.450428  0.00437681
          16    0.448731    0.450322  0.00410454
          17    0.432445    0.449271  0.00399555
          18    0.439479    0.448727  0.00381042
          19     0.44688    0.448629  0.00361111
          20    0.421594    0.447278  0.00367486
           0        -nan        -nan        -nan
           1    0.461773    0.461773           0
           2    0.435306    0.448539  0.00935743
           3    0.476445    0.457841  0.00982847
           4    0.440455    0.453495  0.00827679
           5     0.43442     0.44968  0.00744896
           6    0.472543     0.45349   0.0071157
           7    0.430264    0.450172  0.00682909
           8    0.464105    0.451914  0.00619354
           9    0.455198    0.452279  0.00551611
          10    0.455163    0.452567  0.00497203
          11    0.437707    0.451216  0.00469996
          12    0.431096     0.44954  0.00459765
          13    0.432385     0.44822   0.0044293
          14    0.448669    0.448252  0.00411304
          15    0.480894    0.450428  0.00437681
          16    0.448731    0.450322  0.00410454
          17    0.432445    0.449271  0.00399555
          18    0.439479    0.448727  0.00381042
          19     0.44688    0.448629  0.00361111
          20    0.421594    0.447278  0.00367486
           0        -nan        -nan        -nan
           1   0.0416456   0.0416456           0
           2    0.050892   0.0462688  0.00326911
           3   0.0024875    0.031675   0.0121134
           4   0.0175375   0.0281406  0.00958683
           5   0.0172128   0.0259551  0.00791467
           6   0.0448955   0.0291118  0.00719761
           7   0.0101358   0.0264009  0.00666035
           8   0.0124723   0.0246599  0.00605109
           9  0.00431215    0.022399  0.00578571
          10  0.00970398   0.0211295   0.0053446
          11    0.019338   0.0209666  0.00486121
          12  0.00772676   0.0198633  0.00457961
          13   0.0311689    0.020733  0.00430911
          14   0.0117168    0.020089  0.00404916
          15  0.00670752   0.0191969  0.00387624
          16   0.0447552   0.0207943  0.00394943
          17   0.0221235   0.0208724  0.00371788
          18    0.026732    0.021198  0.00352555
          19   0.0330653   0.0218226  0.00339488
          20   0.0121875   0.0213408  0.00325913
           0        -nan        -nan        -nan
           1    0.461773    0.461773           0
           2    0.435306    0.448539  0.00935743
           3    0.476445    0.457841  0.00982847
           4    0.440455    0.453495  0.00827679
           5     0.43442     0.44968  0.00744896
           6    0.472543     0.45349   0.0071157
           7    0.430264    0.450172  0.00682909
           8    0.464105    0.451914  0.00619354
           9    0.455198    0.452279  0.00551611
          10    0.455163    0.452567  0.00497203
          11    0.437707    0.451216  0.00469996
          12    0.431096     0.44954  0.00459765
          13    0.432385     0.44822   0.0044293
          14    0.448669    0.448252  0.00411304
          15    0.480894    0.450428  0.00437681
          16    0.448731    0.450322  0.00410454
          17    0.432445    0.449271  0.00399555
          18    0.439479    0.448727  0.00381042
          19     0.44688    0.448629  0.00361111
          20    0.421594    0.447278  0.00367486
           0        -nan        -nan        -nan
           1    0.461773    0.461773           0
           2    0.435306    0.448539  0.00935743
           3    0.476445    0.457841  0.00982847
           4    0.440455    0.453495  0.00827679
           5     0.43442     0.44968  0.00744896
           6    0.472543     0.45349   0.0071157
           7    0.430264    0.450172  0.00682909
           8    0.464105    0.451914  0.00619354
           9    0.455198    0.452279  0.00551611
          10    0.455163    0.452567  0.00497203
          11    0.437707    0.451216  0.00469996
          12    0.431096     0.44954  0.00459765
          13    0.432385     0.44822   0.0044293
          14    0.448669    0.448252  0.00411304
          15    0.480894    0.450428  0.00437681
          16    0.448731    0.450322  0.00410454
          17    0.432445    0.449271  0.00399555
          18    0.439479    0.448727  0.00381042
          19     0.44688    0.448629  0.00361111
          20    0.421594    0.447278  0.00367486
           0        -nan        -nan        -nan
           1    0.461773    0.461773           0
           2    0.435306    0.448539  0.00935743
           3    0.476445    0.457841  0.00982847
           4    0.440455    0.453495  0.00827679
           5     0.43442     0.44968  0.00744896
           6    0.472543     0.45349   0.0071157
           7    0.430264    0.450172  0.00682909
           8    0.464105    0.451914  0.00619354
           9    0.455198    0.452279  0.00551611
          10    0.455163    0.452567  0.00497203
          11    0.437707    0.451216  0.00469996
          12    0.431096     0.44954  0.00459765
          13    0.432385     0.44822   0.0044293
          14    0.448669    0.448252  0.00411304
          15    0.480894    0.450428  0.00437681
          16    0.448731    0.450322  0.00410454
          17    0.432445    0.449271  0.00399555
          18    0.439479    0.448727  0.00381042
          19     0.44688    0.448629  0.00361111
          20    0.421594    0.447278  0.00367486
           0        -nan        -nan        -nan
           1    0.435306    0.435306           0
           2    0.476445    0.455875   0.0145448
           3    0.440455    0.450735   0.0105658
           4     0.43442    0.446656  0.00867602
           5    0.472543    0.451834  0.00834381
           6    0.430264    0.448239  0.00768871
           7    0.464105    0.450505  0.00691634
           8    0.455198    0.451092  0.00607662
           9    0.455163    0.451544  0.00541825
          10    0.437707    0.450161  0.00505001
          11    0.431096    0.448427  0.00487926
          12    0.432385    0.447091  0.00465219
          13    0.448669    0.447212  0.00429592
          14    0.480894    0.449618  0.00461382
          15    0.448731    0.449559  0.00430661
          16    0.432445    0.448489  0.00416816
          17    0.439479    0.447959  0.00395653
          18     0.44688    0.447899  0.00373717
          19    0.421594    0.446515  0.00378826
          20    0.472066    0.447792  0.00380819
           0        -nan        -nan        -nan
           1    0.435306    0.435306           0
           2    0.476445    0.455875   0.0145448
           3    0.440455    0.450735   0.0105658
           4     0.43442    0.446656  0.00867602
           5    0.472543    0.451834  0.00834381
           6    0.430264    0.448239  0.00768871
           7    0.464105    0.450505  0.00691634
           8    0.455198    0.451092  0.00607662
           9    0.455163    0.451544  0.00541825
          10    0.437707    0.450161  0.00505001
          11    0.431096    0.448427  0.00487926
          12    0.432385    0.447091  0.00465219
          13    0.448669    0.447212  0.00429592
          14    0.480894    0.449618  0.00461382
          15    0.448731    0.449559  0.00430661
          16    0.432445    0.448489  0.00416816
          17    0.439479    0.447959  0.00395653
          18     0.44688    0.447899  0.00373717
          19    0.421594    0.446515  0.00378826
          20    0.472066    0.447792  0.00380819
           0        -nan        -nan        -nan
           1    0.435306    0.435306           0
           2    0.476445    0.455875   0.0145448
           3    0.440455    0.450735   0.0105658
           4     0.43442    0.446656  0.00867602
           5    0.472543    0.451834  0.00834381
           6    0.430264    0.448239  0.00768871
           7    0.464105    0.450505  0.00691634
           8    0.455198    0.451092  0.00607662
           9    0.455163    0.451544  0.00541825
          10    0.437707    0.450161  0.00505001
          11    0.431096    0.448427  0.00487926
          12    0.432385    0.447091  0.00465219
          13    0.448669    0.447212  0.00429592
          14    0.480894    0.449618  0.00461382
          15    0.448731    0.449559  0.00430661
          16    0.432445    0.448489  0.00416816
          17    0.439479    0.447959  0.00395653
          18     0.44688    0.447899  0.00373717
          19    0.421594    0.446515  0.00378826
          20    0.472066    0.447792  0.00380819
          21    0.435495    0.447207  0.00367159
          22     0.41285    0.445645  0.00382242
          23    0.428563    0.444902  0.00372768
          24    0.408932    0.443404  0.00386193
          25    0.442419    0.443364  0.00370766
          26    0.440653     0.44326  0.00356652
          27    0.450587    0.443531  0.00344474
          28     0.44038    0.443419  0.00332355
          29    0.452409    0.443729  0.00322337
          30    0.448581    0.443891  0.00311998
          31     0.44522    0.443933  0.00301963
          32    0.439794    0.443804  0.00292803
          33    0.412111    0.442844  0.00299267
          34    0.457297    0.443269  0.00293468
          35    0.444999    0.443318  0.00285125
          36    0.456354     0.44368  0.00279495
          37    0.450259    0.443858  0.00272506
          38    0.456058    0.444179  0.00267219
          39    0.409057    0.443279  0.00275125
          40    0.429881    0.442944  0.00270278
