           1    0.290078    0.290078           0
           2    0.294296    0.292187  0.00149104
           3    0.290153    0.291509  0.00113782
           4    0.296948    0.292869   0.0014543
           5    0.290344    0.292364  0.00124802
           6     0.28815    0.291661   0.0012217
           7    0.296333    0.292329  0.00121589
           8    0.287093    0.291674  0.00122745
           9    0.283192    0.290732  0.00140715
          10    0.295518     0.29121  0.00134535
          11     0.28875    0.290987  0.00124151
          12    0.292569    0.291119  0.00114503
          13     0.29169    0.291163   0.0010578
          14    0.298438    0.291682  0.00110253
          15    0.295894    0.291963  0.00106419
          16    0.304738    0.292761  0.00126214
          17    0.302377    0.293327  0.00130852
          18    0.285615    0.292899  0.00130409
          19    0.301578    0.293355  0.00131302
          20    0.297151    0.293545  0.00126101
           1    0.290078    0.290078           0
           2    0.294296    0.292187  0.00149104
           3    0.290153    0.291509  0.00113782
           4    0.296948    0.292869   0.0014543
           5    0.290344    0.292364  0.00124802
           6     0.28815    0.291661   0.0012217
           7    0.296333    0.292329  0.00121589
           8    0.287093    0.291674  0.00122745
           9    0.283192    0.290732  0.00140715
          10    0.295518     0.29121  0.00134535
          11     0.28875    0.290987  0.00124151
          12    0.292569    0.291119  0.00114503
          13     0.29169    0.291163   0.0010578
          14    0.298438    0.291682  0.00110253
          15    0.295894    0.291963  0.00106419
          16    0.304738    0.292761  0.00126214
          17    0.302377    0.293327  0.00130852
          18    0.285615    0.292899  0.00130409
          19    0.301578    0.293355  0.00131302
          20    0.297151    0.293545  0.00126101
           0        -nan        -nan        -nan
           1    0.294296    0.294296           0
           2    0.290153    0.292224  0.00146474
           3    0.296948    0.293799  0.00161446
           4    0.290344    0.292935  0.00142325
           5     0.28815    0.291978  0.00142442
           6    0.296333    0.292704  0.00135945
           7    0.287093    0.291902  0.00138146
           8    0.283192    0.290814  0.00158067
           9    0.295518    0.291336  0.00148894
          10     0.28875    0.291078  0.00136233
          11    0.292569    0.291213  0.00124521
          12     0.29169    0.291253  0.00114208
          13    0.298438    0.291806  0.00118042
          14    0.295894    0.292098  0.00113165
          15    0.304738     0.29294  0.00133355
          16    0.302377     0.29353  0.00137445
          17    0.285615    0.293065   0.0013702
          18    0.301578    0.293538  0.00137328
          19    0.297151    0.293728  0.00131411
          20    0.295537    0.293818  0.00125151
           0        -nan        -nan        -nan
           1    0.294296    0.294296           0
           2    0.290153    0.292224  0.00146474
           3    0.296948    0.293799  0.00161446
           4    0.290344    0.292935  0.00142325
           5     0.28815    0.291978  0.00142442
           6    0.296333    0.292704  0.00135945
           7    0.287093    0.291902  0.00138146
           8    0.283192    0.290814  0.00158067
           9    0.295518    0.291336  0.00148894
          10     0.28875    0.291078  0.00136233
          11    0.292569    0.291213  0.00124521
          12     0.29169    0.291253  0.00114208
          13    0.298438    0.291806  0.00118042
          14    0.295894    0.292098  0.00113165
          15    0.304738     0.29294  0.00133355
          16    0.302377     0.29353  0.00137445
          17    0.285615    0.293065   0.0013702
          18    0.301578    0.293538  0.00137328
          19    0.297151    0.293728  0.00131411
          20    0.295537    0.293818  0.00125151
           0        -nan        -nan        -nan
           1    0.294296    0.294296           0
           2    0.290153    0.292224  0.00146474
           3    0.296948    0.293799  0.00161446
           4    0.290344    0.292935  0.00142325
           5     0.28815    0.291978  0.00142442
           6    0.296333    0.292704  0.00135945
           7    0.287093    0.291902  0.00138146
           8    0.283192    0.290814  0.00158067
           9    0.295518    0.291336  0.00148894
          10     0.28875    0.291078  0.00136233
          11    0.292569    0.291213  0.00124521
          12     0.29169    0.291253  0.00114208
          13    0.298438    0.291806  0.00118042
          14    0.295894    0.292098  0.00113165
          15    0.304738     0.29294  0.00133355
          16    0.302377     0.29353  0.00137445
          17    0.285615    0.293065   0.0013702
          18    0.301578    0.293538  0.00137328
          19    0.297151    0.293728  0.00131411
          20    0.295537    0.293818  0.00125151
           0        -nan        -nan        -nan
           1    0.121583    0.121583           0
           2    0.108636    0.115109  0.00457752
           3    0.119578    0.116599  0.00328507
           4     0.10977    0.114892  0.00287341
           5    0.107046    0.113323  0.00269326
           6    0.114671    0.113547  0.00225374
           7    0.104444    0.112247  0.00227625
           8    0.120098    0.113228   0.0021931
           9    0.115368    0.113466  0.00196227
          10    0.109561    0.113075  0.00180447
          11    0.106234    0.112453  0.00174433
          12    0.115701    0.112724  0.00161983
          13    0.107215      0.1123  0.00154966
          14    0.106271     0.11187  0.00149762
          15    0.107031    0.111547  0.00143209
          16    0.106147     0.11121  0.00138178
          17    0.111664    0.111236  0.00130076
          18    0.108548    0.111087  0.00123704
          19    0.121166    0.111617  0.00128063
          20    0.100997    0.111086  0.00132213
           0        -nan        -nan        -nan
           1    0.294296    0.294296           0
           2    0.290153    0.292224  0.00146474
           3    0.296948    0.293799  0.00161446
           4    0.290344    0.292935  0.00142325
           5     0.28815    0.291978  0.00142442
           6    0.296333    0.292704  0.00135945
           7    0.287093    0.291902  0.00138146
           8    0.283192    0.290814  0.00158067
           9    0.295518    0.291336  0.00148894
          10     0.28875    0.291078  0.00136233
          11    0.292569    0.291213  0.00124521
          12     0.29169    0.291253  0.00114208
          13    0.298438    0.291806  0.00118042
          14    0.295894    0.292098  0.00113165
          15    0.304738     0.29294  0.00133355
          16    0.302377     0.29353  0.00137445
          17    0.285615    0.293065   0.0013702
          18    0.301578    0.293538  0.00137328
          19    0.297151    0.293728  0.00131411
          20    0.295537    0.293818  0.00125151
           0        -nan        -nan        -nan
           1    0.294296    0.294296           0
           2    0.290153    0.292224  0.00146474
           3    0.296948    0.293799  0.00161446
           4    0.290344    0.292935  0.00142325
           5     0.28815    0.291978  0.00142442
           6    0.296333    0.292704  0.00135945
           7    0.287093    0.291902  0.00138146
           8    0.283192    0.290814  0.00158067
           9    0.295518    0.291336  0.00148894
          10     0.28875    0.291078  0.00136233
          11    0.292569    0.291213  0.00124521
          12     0.29169    0.291253  0.00114208
          13    0.298438    0.291806  0.00118042
          14    0.295894    0.292098  0.00113165
          15    0.304738     0.29294  0.00133355
          16    0.302377     0.29353  0.00137445
          17    0.285615    0.293065   0.0013702
          18    0.301578    0.293538  0.00137328
          19    0.297151    0.293728  0.00131411
          20    0.295537    0.293818  0.00125151
           0        -nan        -nan        -nan
           1    0.294296    0.294296           0
           2    0.290153    0.292224  0.00146474
           3    0.296948    0.293799  0.00161446
           4    0.290344    0.292935  0.00142325
           5     0.28815    0.291978  0.00142442
           6    0.296333    0.292704  0.00135945
           7    0.287093    0.291902  0.00138146
           8    0.283192    0.290814  0.00158067
           9    0.295518    0.291336  0.00148894
          10     0.28875    0.291078  0.00136233
          11    0.292569    0.291213  0.00124521
          12     0.29169    0.291253  0.00114208
          13    0.298438    0.291806  0.00118042
          14    0.295894    0.292098  0.00113165
          15    0.304738     0.29294  0.00133355
          16    0.302377     0.29353  0.00137445
          17    0.285615    0.293065   0.0013702
          18    0.301578    0.293538  0.00137328
          19    0.297151    0.293728  0.00131411
          20    0.295537    0.293818  0.00125151
           0        -nan        -nan        -nan
           1    0.290153    0.290153           0
           2    0.296948     0.29355  0.00240251
           3    0.290344    0.292481  0.00182398
           4     0.28815    0.291399  0.00165852
           5    0.296333    0.292386  0.00159363
           6    0.287093    0.291504  0.00155306
           7    0.283192    0.290316  0.00172644
           8    0.295518    0.290966  0.00162846
           9     0.28875     0.29072  0.00146603
          10    0.292569    0.290905  0.00133104
          11     0.29169    0.290976  0.00121195
          12    0.298438    0.291598  0.00126042
          13    0.295894    0.291929  0.00120601
          14    0.304738    0.292844  0.00142528
          15    0.302377    0.293479  0.00146514
          16    0.285615    0.292988  0.00145368
          17    0.301578    0.293493  0.00145334
          18    0.297151    0.293696  0.00138673
          19    0.295537    0.293793  0.00131713
          20    0.288866    0.293547   0.0012741
           0        -nan        -nan        -nan
           1    0.290153    0.290153           0
           2    0.296948     0.29355  0.00240251
           3    0.290344    0.292481  0.00182398
           4     0.28815    0.291399  0.00165852
           5    0.296333    0.292386  0.00159363
           6    0.287093    0.291504  0.00155306
           7    0.283192    0.290316  0.00172644
           8    0.295518    0.290966  0.00162846
           9     0.28875     0.29072  0.00146603
          10    0.292569    0.290905  0.00133104
          11     0.29169    0.290976  0.00121195
          12    0.298438    0.291598  0.00126042
          13    0.295894    0.291929  0.00120601
          14    0.304738    0.292844  0.00142528
          15    0.302377    0.293479  0.00146514
          16    0.285615    0.292988  0.00145368
          17    0.301578    0.293493  0.00145334
          18    0.297151    0.293696  0.00138673
          19    0.295537    0.293793  0.00131713
          20    0.288866    0.293547   0.0012741
           0        -nan        -nan        -nan
           1    0.290153    0.290153           0
           2    0.296948     0.29355  0.00240251
           3    0.290344    0.292481  0.00182398
           4     0.28815    0.291399  0.00165852
           5    0.296333    0.292386  0.00159363
           6    0.287093    0.291504  0.00155306
           7    0.283192    0.290316  0.00172644
           8    0.295518    0.290966  0.00162846
           9     0.28875     0.29072  0.00146603
          10    0.292569    0.290905  0.00133104
          11     0.29169    0.290976  0.00121195
          12    0.298438    0.291598  0.00126042
          13    0.295894    0.291929  0.00120601
          14    0.304738    0.292844  0.00142528
          15    0.302377    0.293479  0.00146514
          16    0.285615    0.292988  0.00145368
          17    0.301578    0.293493  0.00145334
          18    0.297151    0.293696  0.00138673
          19    0.295537    0.293793  0.00131713
          20    0.288866    0.293547   0.0012741
          21    0.297251    0.293723  0.00122558
          22    0.287236    0.293428  0.00120481
          23     0.30328    0.293857  0.00122621
          24    0.307043    0.294406  0.00129236
          25    0.297254     0.29452  0.00124568
          26    0.286078    0.294195  0.00123936
          27    0.298835    0.294367  0.00120531
          28    0.275884    0.293707  0.00133081
          29    0.300643    0.293946  0.00130624
          30    0.291037    0.293849  0.00126629
          31    0.284383    0.293544  0.00126172
          32     0.29553    0.293606  0.00122382
          33    0.286304    0.293385  0.00120657
          34    0.298781    0.293543  0.00118148
          35    0.285871    0.293324  0.00116788
          36    0.292221    0.293293  0.00113584
          37    0.295289    0.293347  0.00110642
          38    0.304652    0.293645  0.00111658
          39    0.298645    0.293773  0.00109529
          40    0.293141    0.293757  0.00106802
           0        -nan        -nan        -nan
           1    0.290153    0.290153           0
           2    0.296948     0.29355  0.00240251
           3    0.290344    0.292481  0.00182398
           4     0.28815    0.291399  0.00165852
           5    0.296333    0.292386  0.00159363
           6    0.287093    0.291504  0.00155306
           7    0.283192    0.290316  0.00172644
           8    0.295518    0.290966  0.00162846
           9     0.28875     0.29072  0.00146603
          10    0.292569    0.290905  0.00133104
          11     0.29169    0.290976  0.00121195
          12    0.298438    0.291598  0.00126042
          13    0.295894    0.291929  0.00120601
          14    0.304738    0.292844  0.00142528
          15    0.302377    0.293479  0.00146514
          16    0.285615    0.292988  0.00145368
          17    0.301578    0.293493  0.00145334
          18    0.297151    0.293696  0.00138673
          19    0.295537    0.293793  0.00131713
          20    0.288866    0.293547   0.0012741
          21    0.297251    0.293723  0.00122558
          22    0.287236    0.293428  0.00120481
          23     0.30328    0.293857  0.00122621
          24    0.307043    0.294406  0.00129236
          25    0.297254     0.29452  0.00124568
          26    0.286078    0.294195  0.00123936
          27    0.298835    0.294367  0.00120531
          28    0.275884    0.293707  0.00133081
          29    0.300643    0.293946  0.00130624
          30    0.291037    0.293849  0.00126629
          31    0.284383    0.293544  0.00126172
          32     0.29553    0.293606  0.00122382
          33    0.286304    0.293385  0.00120657
          34    0.298781    0.293543  0.00118148
          35    0.285871    0.293324  0.00116788
          36    0.292221    0.293293  0.00113584
          37    0.295289    0.293347  0.00110642
          38    0.304652    0.293645  0.00111658
          39    0.298645    0.293773  0.00109529
          40    0.293141    0.293757  0.00106802
          41    0.295056    0.293789  0.00104244
          42    0.288455    0.293662  0.00102533
          43    0.301924    0.293854  0.00101933
          44    0.292072    0.293814 0.000996963
          45    0.293576    0.293808 0.000974823
          46    0.302385    0.293995 0.000971297
          47    0.291489    0.293941 0.000952094
          48    0.296911    0.294003 0.000934266
          49    0.296309     0.29405 0.000916384
          50    0.290779    0.293985 0.000900389
          51     0.29312    0.293968 0.000882894
          52    0.292392    0.293938 0.000866435
          53    0.296276    0.293982  0.00085121
          54    0.285219     0.29382 0.000850776
          55    0.295705    0.293854 0.000835998
          56    0.296998     0.29391 0.000822953
          57    0.292336    0.293882 0.000808978
          58    0.293955    0.293884 0.000795031
          59    0.286294    0.293755 0.000791895
          60    0.296376    0.293799   0.0007799
          61     0.28558    0.293664 0.000778665
          62      0.3012    0.293786 0.000775535
          63    0.289264    0.293714 0.000766538
          64    0.283582    0.293555 0.000770734
          65     0.28402    0.293409 0.000772711
          66    0.295062    0.293434 0.000761409
          67    0.297898      0.2935 0.000752954
          68    0.292752    0.293489 0.000741962
          69    0.290361    0.293444 0.000732593
          70    0.298278    0.293513 0.000725374
          71    0.306033    0.293689 0.000736278
          72    0.298103    0.293751   0.0007286
          73    0.288326    0.293676 0.000722398
          74    0.287498    0.293593 0.000717444
          75     0.30482    0.293743 0.000723325
          76    0.303561    0.293872 0.000725253
          77    0.295925    0.293899 0.000716324
          78    0.294062    0.293901 0.000707143
          79    0.284787    0.293785  0.00070754
          80    0.297214    0.293828 0.000699993
          81    0.293998     0.29383 0.000691354
          82    0.285432    0.293728 0.000690467
          83    0.292985    0.293719 0.000682206
          84    0.290877    0.293685 0.000674923
          85    0.307227    0.293844 0.000685528
          86    0.296595    0.293876 0.000678303
          87     0.29558    0.293896 0.000670789
          88    0.289203    0.293843 0.000665282
          89    0.287495    0.293771  0.00066162
          90    0.294463    0.293779 0.000654313
          91    0.293601    0.293777 0.000647126
          92    0.296012    0.293801 0.000640548
          93    0.289201    0.293752 0.000635567
          94    0.289644    0.293708 0.000630306
          95    0.289516    0.293664 0.000625215
          96    0.291768    0.293644 0.000619014
          97    0.293209     0.29364 0.000612649
          98     0.29309    0.293634 0.000606423
          99    0.293732    0.293635 0.000600298
         100    0.292781    0.293627 0.000594356
           0        -nan        -nan        -nan
           1    0.290153    0.290153           0
           2    0.296948     0.29355  0.00240251
           3    0.290344    0.292481  0.00182398
           4     0.28815    0.291399  0.00165852
           5    0.296333    0.292386  0.00159363
           6    0.287093    0.291504  0.00155306
           7    0.283192    0.290316  0.00172644
           8    0.295518    0.290966  0.00162846
           9     0.28875     0.29072  0.00146603
          10    0.292569    0.290905  0.00133104
          11     0.29169    0.290976  0.00121195
          12    0.298438    0.291598  0.00126042
          13    0.295894    0.291929  0.00120601
          14    0.304738    0.292844  0.00142528
          15    0.302377    0.293479  0.00146514
          16    0.285615    0.292988  0.00145368
          17    0.301578    0.293493  0.00145334
          18    0.297151    0.293696  0.00138673
          19    0.295537    0.293793  0.00131713
          20    0.288866    0.293547   0.0012741
          21    0.297251    0.293723  0.00122558
          22    0.287236    0.293428  0.00120481
          23     0.30328    0.293857  0.00122621
          24    0.307043    0.294406  0.00129236
          25    0.297254     0.29452  0.00124568
          26    0.286078    0.294195  0.00123936
          27    0.298835    0.294367  0.00120531
          28    0.275884    0.293707  0.00133081
          29    0.300643    0.293946  0.00130624
          30    0.291037    0.293849  0.00126629
          31    0.284383    0.293544  0.00126172
          32     0.29553    0.293606  0.00122382
          33    0.286304    0.293385  0.00120657
          34    0.298781    0.293543  0.00118148
          35    0.285871    0.293324  0.00116788
          36    0.292221    0.293293  0.00113584
          37    0.295289    0.293347  0.00110642
          38    0.304652    0.293645  0.00111658
          39    0.298645    0.293773  0.00109529
          40    0.293141    0.293757  0.00106802
