           1    0.045568    0.045568           0
           2    0.064144    0.054856  0.00656761
           3    0.047808   0.0525067  0.00478017
           4    0.052124    0.052411  0.00358608
           5    0.048532   0.0516352  0.00295159
           6    0.055828    0.052334  0.00254103
           7    0.033028    0.049576  0.00335615
           8    0.058408     0.05068  0.00311292
           9    0.045856    0.050144   0.0028128
          10    0.052508   0.0503804  0.00254144
          11    0.049016   0.0502564  0.00231342
          12    0.053692   0.0505427  0.00213828
          13       0.053   0.0507317  0.00198214
          14      0.0489   0.0506009  0.00184487
          15    0.052912   0.0507549   0.0017283
          16    0.052588   0.0508695  0.00162407
          17    0.058776   0.0513346  0.00159374
          18    0.049316   0.0512224  0.00150914
          19    0.045072   0.0508987  0.00146402
          20    0.041928   0.0504502  0.00145791
           0        -nan        -nan        -nan
           1           0           0           0
           2           0           0           0
           3           0           0           0
           4           0           0           0
           5           0           0           0
           6           0           0           0
           7           0           0           0
           8           0           0           0
           9           0           0           0
          10           0           0           0
          11           0           0           0
          12           0           0           0
          13           0           0           0
          14           0           0           0
          15           0           0           0
          16           0           0           0
          17           0           0           0
          18           0           0           0
          19           0           0           0
          20           0           0           0
           0        -nan        -nan        -nan
           1           0           0           0
           2           0           0           0
           3           0           0           0
           4           0           0           0
           5           0           0           0
           6           0           0           0
           7           0           0           0
           8           0           0           0
           9           0           0           0
          10           0           0           0
          11           0           0           0
          12           0           0           0
          13           0           0           0
          14           0           0           0
          15           0           0           0
          16           0           0           0
          17           0           0           0
          18           0           0           0
          19           0           0           0
          20           0           0           0
           0        -nan        -nan        -nan
           1    0.047808    0.047808           0
           2    0.052124    0.049966  0.00152594
           3    0.048532    0.049488  0.00108959
           4    0.055828    0.051073  0.00159749
           5    0.033028    0.047464  0.00347177
           6    0.058408    0.049288  0.00333807
           7    0.045856   0.0487977  0.00289699
           8    0.052508   0.0492615  0.00257172
           9    0.049016   0.0492342  0.00228612
          10    0.053692     0.04968  0.00210052
          11       0.053   0.0499818  0.00193112
          12      0.0489   0.0498917   0.0017723
          13    0.052912    0.050124  0.00165113
          14    0.052588      0.0503  0.00154254
          15    0.058776   0.0508651  0.00153973
          16    0.049316   0.0507683  0.00144654
          17    0.045072   0.0504332  0.00139972
          18    0.041928   0.0499607  0.00139944
          19    0.047356   0.0498236  0.00133248
          20    0.046504   0.0496576  0.00127615
           0        -nan        -nan        -nan
           1    0.216276    0.216276           0
           2    0.269992    0.243134   0.0189915
           3    0.108688    0.198319   0.0387201
           4    0.071604     0.16664   0.0399497
           5    0.137368    0.160786   0.0323859
           6    0.136624    0.156759   0.0272374
           7     0.23642    0.168139   0.0256137
           8    0.098052    0.159378   0.0238633
           9    0.200232    0.163917   0.0216392
          10    0.213748      0.1689   0.0200408
          11    0.094976     0.16218   0.0193129
          12    0.124632    0.159051   0.0179552
          13    0.178488    0.160546   0.0166361
          14     0.18178    0.162063   0.0155168
          15    0.208032    0.165127   0.0147819
          16     0.23406    0.169436   0.0144723
          17    0.228892    0.172933   0.0140372
          18    0.188248    0.173784   0.0132831
          19    0.075144    0.168592   0.0135606
          20    0.122664    0.166296   0.0130756
           0        -nan        -nan        -nan
           1    0.038388    0.038388           0
           2     0.01584    0.027114  0.00797192
           3    0.032944   0.0290573  0.00554642
           4    0.019036    0.026552  0.00469165
           5    0.007548   0.0227512  0.00506402
           6    0.043696    0.026242  0.00528803
           7    0.033052   0.0272149  0.00462122
           8    0.029276   0.0274725  0.00405074
           9    0.032168   0.0279942   0.0036341
          10    0.024596   0.0276544  0.00328654
          11    0.022796   0.0272127   0.0030173
          12    0.005888   0.0254357  0.00324727
          13    0.024008   0.0253258  0.00299933
          14    0.027096   0.0254523  0.00278776
          15    0.036888   0.0262147  0.00270415
          16    0.034508    0.026733  0.00258434
          17    0.022344   0.0264748  0.00244518
          18    0.026792   0.0264924   0.0023094
          19    0.043896   0.0274084  0.00236253
          20    0.024228   0.0272494  0.00224975
           0        -nan        -nan        -nan
           1    0.047808    0.047808           0
           2    0.052124    0.049966  0.00152594
           3    0.048532    0.049488  0.00108959
           4    0.055828    0.051073  0.00159749
           5    0.033028    0.047464  0.00347177
           6    0.058408    0.049288  0.00333807
           7    0.045856   0.0487977  0.00289699
           8    0.052508   0.0492615  0.00257172
           9    0.049016   0.0492342  0.00228612
          10    0.053692     0.04968  0.00210052
          11       0.053   0.0499818  0.00193112
          12      0.0489   0.0498917   0.0017723
          13    0.052912    0.050124  0.00165113
          14    0.052588      0.0503  0.00154254
          15    0.058776   0.0508651  0.00153973
          16    0.049316   0.0507683  0.00144654
          17    0.045072   0.0504332  0.00139972
          18    0.041928   0.0499607  0.00139944
          19    0.047356   0.0498236  0.00133248
          20    0.046504   0.0496576  0.00127615
           0        -nan        -nan        -nan
           1    0.047808    0.047808           0
           2    0.052124    0.049966  0.00152594
           3    0.048532    0.049488  0.00108959
           4    0.055828    0.051073  0.00159749
           5    0.033028    0.047464  0.00347177
           6    0.058408    0.049288  0.00333807
           7    0.045856   0.0487977  0.00289699
           8    0.052508   0.0492615  0.00257172
           9    0.049016   0.0492342  0.00228612
          10    0.053692     0.04968  0.00210052
          11       0.053   0.0499818  0.00193112
          12      0.0489   0.0498917   0.0017723
          13    0.052912    0.050124  0.00165113
          14    0.052588      0.0503  0.00154254
          15    0.058776   0.0508651  0.00153973
          16    0.049316   0.0507683  0.00144654
          17    0.045072   0.0504332  0.00139972
          18    0.041928   0.0499607  0.00139944
          19    0.047356   0.0498236  0.00133248
          20    0.046504   0.0496576  0.00127615
           0        -nan        -nan        -nan
           1    0.052124    0.052124           0
           2    0.048532    0.050328  0.00126996
           3    0.055828   0.0521613  0.00171975
           4    0.033028    0.047378  0.00433864
           5    0.058408    0.049584  0.00399254
           6    0.045856   0.0489627  0.00337512
           7    0.052508   0.0494691  0.00293071
           8    0.049016   0.0494125  0.00256492
           9    0.053692    0.049888  0.00232359
          10       0.053   0.0501992  0.00211197
          11      0.0489   0.0500811  0.00192327
          12    0.052912    0.050317  0.00177741
          13    0.052588   0.0504917  0.00164925
          14    0.058776   0.0510834  0.00163415
          15    0.049316   0.0509656  0.00152945
          16    0.045072   0.0505972  0.00147755
          17    0.041928   0.0500873  0.00147602
          18    0.047356   0.0499356  0.00140179
          19    0.046504   0.0497549   0.0013396
          20    0.059588   0.0502466  0.00135985
           0        -nan        -nan        -nan
           1    0.048532    0.048532           0
           2    0.055828     0.05218  0.00257953
           3    0.033028    0.045796  0.00548886
           4    0.058408    0.048949  0.00493992
           5    0.045856   0.0483304  0.00399048
           6    0.052508   0.0490267   0.0033856
           7    0.049016   0.0490251  0.00290194
           8    0.053692   0.0496085  0.00259717
           9       0.053   0.0499853  0.00233578
          10      0.0489   0.0498768  0.00210472
          11    0.052912   0.0501527  0.00193138
          12    0.052588   0.0503557  0.00178106
          13    0.058776   0.0510034   0.0017579
          14    0.049316   0.0508829  0.00163646
          15    0.045072   0.0504955  0.00157255
          16    0.041928     0.04996  0.00156277
          17    0.047356   0.0498068  0.00147833
          18    0.046504   0.0496233  0.00140754
          19    0.059588   0.0501478  0.00142783
          20    0.060232    0.050652  0.00144272
           0        -nan        -nan        -nan
           1    0.053632    0.053632           0
           2      0.0455    0.049566   0.0028751
           3      0.0557   0.0516107  0.00254184
           4     0.06178    0.054153  0.00291237
           5     0.05478   0.0542784  0.00233259
           6     0.07396   0.0575587  0.00357005
           7     0.06412    0.058496  0.00318071
           8    0.056824    0.058287  0.00278998
           9    0.060992   0.0585876  0.00249612
          10    0.053604   0.0580892  0.00229572
          11    0.043384   0.0567524  0.00244547
          12    0.046692    0.055914  0.00238105
          13    0.042848   0.0549089  0.00240067
          14    0.051896   0.0546937  0.00223882
          15     0.05656   0.0548181  0.00209302
          16    0.053292   0.0547227  0.00196438
          17     0.03734   0.0537002  0.00209814
          18    0.057896   0.0539333  0.00199448
          19    0.042004   0.0533055  0.00198588
          20    0.051388   0.0532096  0.00188889
          21    0.065596   0.0537994  0.00188879
          22    0.046776   0.0534802  0.00182972
          23    0.056232   0.0535998  0.00175408
          24      0.0511   0.0534957  0.00168408
          25    0.047096   0.0532397  0.00163605
          26    0.052408   0.0532077  0.00157344
          27     0.04258   0.0528141  0.00156363
          28    0.053368   0.0528339  0.00150791
          29     0.04548   0.0525803  0.00147708
          30       0.059   0.0527943  0.00144326
          31     0.06092   0.0530564  0.00142031
          32    0.051652   0.0530125   0.0013766
          33    0.050388    0.052933  0.00133718
          34    0.049412   0.0528294  0.00130186
          35    0.053188   0.0528397   0.0012647
          36    0.046868   0.0526738   0.0012404
          37     0.05416   0.0527139  0.00120753
          38     0.04688   0.0525604  0.00118547
          39    0.055692   0.0526407  0.00115779
          40    0.055156   0.0527036  0.00113055
           0        -nan        -nan        -nan
           1    0.057764    0.057764           0
           2     0.06212    0.059942  0.00154008
           3    0.061196     0.06036  0.00108196
           4    0.042124    0.055801  0.00403074
           5    0.053576    0.055356  0.00324906
           6     0.06248   0.0565433  0.00291644
           7     0.06274   0.0574286  0.00263073
           8    0.064056    0.058257  0.00242883
           9    0.071512   0.0597298  0.00256694
          10    0.041112    0.057868  0.00290806
          11    0.050824   0.0572276  0.00271328
          12    0.040436   0.0558283  0.00282505
          13    0.048664   0.0552772  0.00266095
          14    0.053072   0.0551197  0.00247554
          15    0.039256   0.0540621  0.00252633
          16    0.043528   0.0534037  0.00245272
          17    0.050604   0.0532391  0.00231397
          18     0.04044    0.052528  0.00229206
          19    0.042892   0.0520208  0.00222683
          20     0.04834   0.0518368  0.00212308
          21    0.050944   0.0517943  0.00202241
          22    0.043284   0.0514075  0.00196713
          23    0.042544   0.0510221  0.00191898
          24    0.052176   0.0510702  0.00183962
          25    0.048848   0.0509813  0.00176818
          26    0.054856   0.0511303  0.00170644
          27    0.054688   0.0512621  0.00164832
          28     0.05146   0.0512691  0.00158947
          29    0.038428   0.0508263  0.00159514
          30    0.042788   0.0505584  0.00156432
          31    0.051016   0.0505732  0.00151392
          32    0.042016   0.0503058  0.00149004
          33    0.059604   0.0505875  0.00147129
          34    0.042824   0.0503592  0.00144563
          35     0.03602   0.0499495  0.00146122
          36    0.048816    0.049918  0.00142097
          37    0.062144   0.0502484  0.00142047
          38    0.052312   0.0503027  0.00138413
          39    0.048568   0.0502583  0.00134935
          40    0.052844   0.0503229  0.00131716
          41     0.04552   0.0502058  0.00129024
          42    0.052116   0.0502512  0.00126032
          43     0.05102   0.0502691  0.00123113
          44    0.047064   0.0501963  0.00120531
          45    0.049196    0.050174  0.00117873
          46    0.056348   0.0503083  0.00116072
          47    0.057248   0.0504559  0.00114538
          48    0.051056   0.0504684  0.00112158
          49    0.066204   0.0507896  0.00114374
          50     0.03898   0.0505534    0.001145
          51    0.036936   0.0502864  0.00115326
          52    0.053748   0.0503529    0.001133
          53    0.047392   0.0502971    0.001113
          54    0.061312    0.050501  0.00111092
          55    0.038172   0.0502769  0.00111311
          56      0.0507   0.0502844  0.00109326
          57    0.063816   0.0505218  0.00109955
          58    0.046904   0.0504594  0.00108236
          59    0.066816   0.0507367  0.00109895
          60    0.053688   0.0507859  0.00108173
          61     0.05612   0.0508733  0.00106753
          62    0.041116   0.0507159  0.00106185
          63     0.04868   0.0506836  0.00104548
          64     0.05146   0.0506957  0.00102922
          65    0.046624   0.0506331  0.00101529
          66    0.057072   0.0507307  0.00100458
          67     0.05804   0.0508398 0.000995493
          68    0.055896   0.0509141 0.000983626
          69    0.044132   0.0508158 0.000974269
          70    0.052288   0.0508369 0.000960578
          71    0.062168   0.0509965 0.000960215
          72    0.063948   0.0511763 0.000963581
          73     0.04928   0.0511504 0.000950731
          74    0.051124     0.05115 0.000937883
          75    0.045768   0.0510782 0.000928119
          76     0.04884   0.0510488 0.000916375
          77     0.06026   0.0511684 0.000912248
          78     0.05256   0.0511863 0.000900727
          79    0.054452   0.0512276 0.000890274
          80    0.058672   0.0513207 0.000883995
          81    0.055436   0.0513715  0.00087454
          82    0.042872   0.0512678 0.000869996
          83    0.047536   0.0512228 0.000860675
          84    0.046252   0.0511637 0.000852461
          85     0.04836   0.0511307  0.00084307
          86    0.054844   0.0511739 0.000834372
          87    0.045336   0.0511068 0.000827475
          88    0.040388    0.050985 0.000826988
          89    0.055248   0.0510329 0.000819082
          90    0.051676     0.05104 0.000810013
          91     0.04246   0.0509457  0.00080658
          92    0.046356   0.0508958 0.000799354
          93    0.059376    0.050987 0.000795943
          94    0.044216    0.050915 0.000790728
          95    0.049836   0.0509036 0.000782486
          96    0.059776    0.050996 0.000779774
          97    0.056572   0.0510535 0.000773851
          98    0.062252   0.0511678 0.000774346
          99    0.054496   0.0512014 0.000767253
         100     0.06336    0.051323 0.000769154
           0        -nan        -nan        -nan
           1    0.053632    0.053632           0
           2      0.0455    0.049566   0.0028751
           3      0.0557   0.0516107  0.00254184
           4     0.06178    0.054153  0.00291237
           5     0.05478   0.0542784  0.00233259
           6     0.07396   0.0575587  0.00357005
           7     0.06412    0.058496  0.00318071
           8    0.056824    0.058287  0.00278998
           9    0.060992   0.0585876  0.00249612
          10    0.053604   0.0580892  0.00229572
          11    0.043384   0.0567524  0.00244547
          12    0.046692    0.055914  0.00238105
          13    0.042848   0.0549089  0.00240067
          14    0.051896   0.0546937  0.00223882
          15     0.05656   0.0548181  0.00209302
          16    0.053292   0.0547227  0.00196438
          17     0.03734   0.0537002  0.00209814
          18    0.057896   0.0539333  0.00199448
          19    0.042004   0.0533055  0.00198588
          20    0.051388   0.0532096  0.00188889
          21    0.065596   0.0537994  0.00188879
          22    0.046776   0.0534802  0.00182972
          23    0.056232   0.0535998  0.00175408
          24      0.0511   0.0534957  0.00168408
          25    0.047096   0.0532397  0.00163605
          26    0.052408   0.0532077  0.00157344
          27     0.04258   0.0528141  0.00156363
          28    0.053368   0.0528339  0.00150791
          29     0.04548   0.0525803  0.00147708
          30       0.059   0.0527943  0.00144326
          31     0.06092   0.0530564  0.00142031
          32    0.051652   0.0530125   0.0013766
          33    0.050388    0.052933  0.00133718
          34    0.049412   0.0528294  0.00130186
          35    0.053188   0.0528397   0.0012647
          36    0.046868   0.0526738   0.0012404
          37     0.05416   0.0527139  0.00120753
          38     0.04688   0.0525604  0.00118547
          39    0.055692   0.0526407  0.00115779
          40    0.055156   0.0527036  0.00113055
