           1    0.247244    0.247244           0
           2     0.25097    0.249107  0.00131749
           3    0.248762    0.248992 0.000883326
           4    0.246979    0.248489 0.000792965
           5    0.251832    0.249157  0.00087187
           6    0.241263    0.247842  0.00140372
           7    0.245364    0.247488  0.00124702
           8    0.244163    0.247072  0.00115835
           9    0.248912    0.247277  0.00104753
          10    0.246155    0.247164 0.000948756
          11    0.248423    0.247279 0.000869377
          12    0.249652    0.247477 0.000819106
          13      0.2439    0.247201  0.00080097
          14    0.242181    0.246843  0.00082012
          15    0.253979    0.247319 0.000892849
          16    0.250649    0.247527 0.000860972
          17    0.247064      0.2475 0.000810756
          18    0.243084    0.247254 0.000801962
          19    0.248996    0.247346 0.000764975
          20    0.248181    0.247388 0.000727865
           1    0.247244    0.247244           0
           2     0.25097    0.249107  0.00131749
           3    0.248762    0.248992 0.000883326
           4    0.246979    0.248489 0.000792965
           5    0.251832    0.249157  0.00087187
           6    0.241263    0.247842  0.00140372
           7    0.245364    0.247488  0.00124702
           8    0.244163    0.247072  0.00115835
           9    0.248912    0.247277  0.00104753
          10    0.246155    0.247164 0.000948756
          11    0.248423    0.247279 0.000869377
          12    0.249652    0.247477 0.000819106
          13      0.2439    0.247201  0.00080097
          14    0.242181    0.246843  0.00082012
          15    0.253979    0.247319 0.000892849
          16    0.250649    0.247527 0.000860972
          17    0.247064      0.2475 0.000810756
          18    0.243084    0.247254 0.000801962
          19    0.248996    0.247346 0.000764975
          20    0.248181    0.247388 0.000727865
           0        -nan        -nan        -nan
           1     0.25097     0.25097           0
           2    0.248762    0.249866 0.000780638
           3    0.246979    0.248904 0.000942434
           4    0.251832    0.249636 0.000949526
           5    0.241263    0.247961  0.00167937
           6    0.245364    0.247528  0.00145419
           7    0.244163    0.247048  0.00132357
           8    0.248912    0.247281  0.00117846
           9    0.246155    0.247156  0.00105413
          10    0.248423    0.247282 0.000956307
          11    0.249652    0.247498 0.000893296
          12      0.2439    0.247198  0.00086771
          13    0.242181    0.246812 0.000882626
          14    0.253979    0.247324 0.000956608
          15    0.250649    0.247546 0.000918163
          16    0.247064    0.247516  0.00086127
          17    0.243084    0.247255 0.000849136
          18    0.248996    0.247352 0.000807452
          19    0.248181    0.247395 0.000766135
          20    0.252644    0.247658 0.000771469
           0        -nan        -nan        -nan
           1     0.25097     0.25097           0
           2    0.248762    0.249866 0.000780638
           3    0.246979    0.248904 0.000942434
           4    0.251832    0.249636 0.000949526
           5    0.241263    0.247961  0.00167937
           6    0.245364    0.247528  0.00145419
           7    0.244163    0.247048  0.00132357
           8    0.248912    0.247281  0.00117846
           9    0.246155    0.247156  0.00105413
          10    0.248423    0.247282 0.000956307
          11    0.249652    0.247498 0.000893296
          12      0.2439    0.247198  0.00086771
          13    0.242181    0.246812 0.000882626
          14    0.253979    0.247324 0.000956608
          15    0.250649    0.247546 0.000918163
          16    0.247064    0.247516  0.00086127
          17    0.243084    0.247255 0.000849136
          18    0.248996    0.247352 0.000807452
          19    0.248181    0.247395 0.000766135
          20    0.252644    0.247658 0.000771469
           0        -nan        -nan        -nan
           1     0.25097     0.25097           0
           2    0.248762    0.249866 0.000780638
           3    0.246979    0.248904 0.000942434
           4    0.251832    0.249636 0.000949526
           5    0.241263    0.247961  0.00167937
           6    0.245364    0.247528  0.00145419
           7    0.244163    0.247048  0.00132357
           8    0.248912    0.247281  0.00117846
           9    0.246155    0.247156  0.00105413
          10    0.248423    0.247282 0.000956307
          11    0.249652    0.247498 0.000893296
          12      0.2439    0.247198  0.00086771
          13    0.242181    0.246812 0.000882626
          14    0.253979    0.247324 0.000956608
          15    0.250649    0.247546 0.000918163
          16    0.247064    0.247516  0.00086127
          17    0.243084    0.247255 0.000849136
          18    0.248996    0.247352 0.000807452
          19    0.248181    0.247395 0.000766135
          20    0.252644    0.247658 0.000771469
           0        -nan        -nan        -nan
           1    0.113846    0.113846           0
           2    0.114352    0.114099 0.000178614
           3    0.115466    0.114555 0.000390504
           4    0.116224    0.114972 0.000465223
           5    0.111419    0.114261 0.000736579
           6    0.112213     0.11392 0.000688372
           7    0.105809    0.112761  0.00122428
           8    0.110217    0.112443  0.00111178
           9    0.114749      0.1127  0.00101735
          10    0.111533    0.112583 0.000922282
          11    0.102054    0.111626  0.00123927
          12    0.107638    0.111293  0.00117972
          13    0.107696    0.111017  0.00112095
          14    0.104642    0.110561  0.00112958
          15    0.111718    0.110639   0.0010569
          16      0.1134    0.110811  0.00100484
          17    0.111323    0.110841 0.000946178
          18    0.105831    0.110563  0.00093366
          19    0.107665     0.11041 0.000896892
          20     0.11135    0.110457 0.000853278
           0        -nan        -nan        -nan
           1     0.25097     0.25097           0
           2    0.248762    0.249866 0.000780638
           3    0.246979    0.248904 0.000942434
           4    0.251832    0.249636 0.000949526
           5    0.241263    0.247961  0.00167937
           6    0.245364    0.247528  0.00145419
           7    0.244163    0.247048  0.00132357
           8    0.248912    0.247281  0.00117846
           9    0.246155    0.247156  0.00105413
          10    0.248423    0.247282 0.000956307
          11    0.249652    0.247498 0.000893296
          12      0.2439    0.247198  0.00086771
          13    0.242181    0.246812 0.000882626
          14    0.253979    0.247324 0.000956608
          15    0.250649    0.247546 0.000918163
          16    0.247064    0.247516  0.00086127
          17    0.243084    0.247255 0.000849136
          18    0.248996    0.247352 0.000807452
          19    0.248181    0.247395 0.000766135
          20    0.252644    0.247658 0.000771469
           0        -nan        -nan        -nan
           1     0.25097     0.25097           0
           2    0.248762    0.249866 0.000780638
           3    0.246979    0.248904 0.000942434
           4    0.251832    0.249636 0.000949526
           5    0.241263    0.247961  0.00167937
           6    0.245364    0.247528  0.00145419
           7    0.244163    0.247048  0.00132357
           8    0.248912    0.247281  0.00117846
           9    0.246155    0.247156  0.00105413
          10    0.248423    0.247282 0.000956307
          11    0.249652    0.247498 0.000893296
          12      0.2439    0.247198  0.00086771
          13    0.242181    0.246812 0.000882626
          14    0.253979    0.247324 0.000956608
          15    0.250649    0.247546 0.000918163
          16    0.247064    0.247516  0.00086127
          17    0.243084    0.247255 0.000849136
          18    0.248996    0.247352 0.000807452
          19    0.248181    0.247395 0.000766135
          20    0.252644    0.247658 0.000771469
           0        -nan        -nan        -nan
           1     0.25097     0.25097           0
           2    0.248762    0.249866 0.000780638
           3    0.246979    0.248904 0.000942434
           4    0.251832    0.249636 0.000949526
           5    0.241263    0.247961  0.00167937
           6    0.245364    0.247528  0.00145419
           7    0.244163    0.247048  0.00132357
           8    0.248912    0.247281  0.00117846
           9    0.246155    0.247156  0.00105413
          10    0.248423    0.247282 0.000956307
          11    0.249652    0.247498 0.000893296
          12      0.2439    0.247198  0.00086771
          13    0.242181    0.246812 0.000882626
          14    0.253979    0.247324 0.000956608
          15    0.250649    0.247546 0.000918163
          16    0.247064    0.247516  0.00086127
          17    0.243084    0.247255 0.000849136
          18    0.248996    0.247352 0.000807452
          19    0.248181    0.247395 0.000766135
          20    0.252644    0.247658 0.000771469
           0        -nan        -nan        -nan
           1    0.248762    0.248762           0
           2    0.246979    0.247871 0.000630348
           3    0.251832    0.249191  0.00115721
           4    0.241263    0.247209   0.0019234
           5    0.245364     0.24684  0.00157372
           6    0.244163    0.246394  0.00137325
           7    0.248912    0.246754  0.00122328
           8    0.246155    0.246679  0.00107266
           9    0.248423    0.246873 0.000970822
          10    0.249652     0.24715 0.000912648
          11      0.2439    0.246855 0.000876214
          12    0.242181    0.246465 0.000885554
          13    0.253979    0.247043 0.000988222
          14    0.250649    0.247301 0.000950607
          15    0.247064    0.247285 0.000887364
          16    0.243084    0.247023 0.000869881
          17    0.248996    0.247139  0.00082642
          18    0.248181    0.247197 0.000782534
          19    0.252644    0.247483 0.000792131
          20    0.242626    0.247241 0.000788875
           0        -nan        -nan        -nan
           1    0.248762    0.248762           0
           2    0.246979    0.247871 0.000630348
           3    0.251832    0.249191  0.00115721
           4    0.241263    0.247209   0.0019234
           5    0.245364     0.24684  0.00157372
           6    0.244163    0.246394  0.00137325
           7    0.248912    0.246754  0.00122328
           8    0.246155    0.246679  0.00107266
           9    0.248423    0.246873 0.000970822
          10    0.249652     0.24715 0.000912648
          11      0.2439    0.246855 0.000876214
          12    0.242181    0.246465 0.000885554
          13    0.253979    0.247043 0.000988222
          14    0.250649    0.247301 0.000950607
          15    0.247064    0.247285 0.000887364
          16    0.243084    0.247023 0.000869881
          17    0.248996    0.247139  0.00082642
          18    0.248181    0.247197 0.000782534
          19    0.252644    0.247483 0.000792131
          20    0.242626    0.247241 0.000788875
           0        -nan        -nan        -nan
           1    0.248762    0.248762           0
           2    0.246979    0.247871 0.000630348
           3    0.251832    0.249191  0.00115721
           4    0.241263    0.247209   0.0019234
           5    0.245364     0.24684  0.00157372
           6    0.244163    0.246394  0.00137325
           7    0.248912    0.246754  0.00122328
           8    0.246155    0.246679  0.00107266
           9    0.248423    0.246873 0.000970822
          10    0.249652     0.24715 0.000912648
          11      0.2439    0.246855 0.000876214
          12    0.242181    0.246465 0.000885554
          13    0.253979    0.247043 0.000988222
          14    0.250649    0.247301 0.000950607
          15    0.247064    0.247285 0.000887364
          16    0.243084    0.247023 0.000869881
          17    0.248996    0.247139  0.00082642
          18    0.248181    0.247197 0.000782534
          19    0.252644    0.247483 0.000792131
          20    0.242626    0.247241 0.000788875
          21     0.25483    0.247602 0.000829978
          22    0.256039    0.247985 0.000876385
          23    0.248248    0.247997 0.000838356
          24    0.253382    0.248221 0.000832913
          25    0.251111    0.248337 0.000807577
          26    0.254435    0.248571 0.000809857
          27    0.250345    0.248637 0.000782521
          28    0.245268    0.248517 0.000763769
          29    0.252202    0.248644 0.000747929
          30    0.245732    0.248547 0.000729268
          31    0.241951    0.248334 0.000736124
          32    0.247719    0.248315 0.000713372
          33    0.241075    0.248095 0.000724701
          34    0.249408    0.248134 0.000704414
          35    0.250887    0.248213 0.000688666
          36    0.248933    0.248233 0.000669827
          37    0.247379     0.24821 0.000652121
          38    0.251764    0.248303 0.000641634
          39    0.251241    0.248378 0.000629588
          40    0.249661    0.248411 0.000614665
           0        -nan        -nan        -nan
           1    0.248762    0.248762           0
           2    0.246979    0.247871 0.000630348
           3    0.251832    0.249191  0.00115721
           4    0.241263    0.247209   0.0019234
           5    0.245364     0.24684  0.00157372
           6    0.244163    0.246394  0.00137325
           7    0.248912    0.246754  0.00122328
           8    0.246155    0.246679  0.00107266
           9    0.248423    0.246873 0.000970822
          10    0.249652     0.24715 0.000912648
          11      0.2439    0.246855 0.000876214
          12    0.242181    0.246465 0.000885554
          13    0.253979    0.247043 0.000988222
          14    0.250649    0.247301 0.000950607
          15    0.247064    0.247285 0.000887364
          16    0.243084    0.247023 0.000869881
          17    0.248996    0.247139  0.00082642
          18    0.248181    0.247197 0.000782534
          19    0.252644    0.247483 0.000792131
          20    0.242626    0.247241 0.000788875
          21     0.25483    0.247602 0.000829978
          22    0.256039    0.247985 0.000876385
          23    0.248248    0.247997 0.000838356
          24    0.253382    0.248221 0.000832913
          25    0.251111    0.248337 0.000807577
          26    0.254435    0.248571 0.000809857
          27    0.250345    0.248637 0.000782521
          28    0.245268    0.248517 0.000763769
          29    0.252202    0.248644 0.000747929
          30    0.245732    0.248547 0.000729268
          31    0.241951    0.248334 0.000736124
          32    0.247719    0.248315 0.000713372
          33    0.241075    0.248095 0.000724701
          34    0.249408    0.248134 0.000704414
          35    0.250887    0.248213 0.000688666
          36    0.248933    0.248233 0.000669827
          37    0.247379     0.24821 0.000652121
          38    0.251764    0.248303 0.000641634
          39    0.251241    0.248378 0.000629588
          40    0.249661    0.248411 0.000614665
          41    0.253293     0.24853 0.000611101
          42    0.240162     0.24833 0.000628192
          43    0.248435    0.248333 0.000613587
          44    0.249147    0.248351 0.000599921
          45    0.250544      0.2484 0.000588565
          46    0.254152    0.248525 0.000588901
          47     0.24569    0.248465 0.000579452
          48    0.246153    0.248417 0.000569377
          49    0.257719    0.248606 0.000588559
          50    0.258376    0.248802 0.000608354
          51    0.251571    0.248856 0.000598843
          52    0.241987    0.248724 0.000601722
          53    0.255406     0.24885 0.000603431
          54    0.248353    0.248841 0.000592327
          55    0.247493    0.248816 0.000582064
          56    0.246112    0.248768  0.00057367
          57    0.253899    0.248858 0.000570624
          58    0.247874    0.248841 0.000561037
          59    0.243996    0.248759 0.000557507
          60    0.253678    0.248841 0.000554211
          61    0.253853    0.248923 0.000551182
          62    0.246619    0.248886 0.000543544
          63    0.247547    0.248865 0.000535332
          64    0.248462    0.248858 0.000527004
          65    0.252746    0.248918  0.00052228
          66    0.251008     0.24895 0.000515325
          67    0.253399    0.249016 0.000511895
          68    0.253169    0.249077 0.000507996
          69      0.2452    0.249021 0.000503732
          70    0.252637    0.249073 0.000499178
          71    0.249932    0.249085 0.000492294
          72     0.24974    0.249094 0.000485541
          73    0.249942    0.249106 0.000479028
          74    0.243452    0.249029 0.000478609
          75      0.2512    0.249058 0.000473102
          76    0.256598    0.249157 0.000477165
          77     0.24937     0.24916 0.000470976
          78     0.24373    0.249091 0.000470055
          79    0.241027    0.248989 0.000475057
          80    0.247257    0.248967 0.000469611
          81    0.245958     0.24893  0.00046528
          82    0.243669    0.248866 0.000464008
          83    0.248277    0.248858 0.000458471
          84    0.249781    0.248869 0.000453145
          85    0.251443      0.2489 0.000448824
          86    0.254894    0.248969 0.000448985
          87    0.255404    0.249043 0.000449874
          88    0.248423    0.249036 0.000444817
          89    0.249181    0.249038 0.000439822
          90    0.247549    0.249021 0.000435246
          91    0.248495    0.249016 0.000430501
          92    0.253434    0.249064 0.000428492
          93    0.249684     0.24907 0.000423936
          94    0.247855    0.249057 0.000419623
          95      0.2527    0.249096 0.000416955
          96    0.247631     0.24908 0.000412891
          97    0.249957     0.24909 0.000408733
          98    0.249631    0.249095   0.0004046
          99    0.250111    0.249105 0.000400643
         100    0.249084    0.249105 0.000396637
           0        -nan        -nan        -nan
           1    0.248762    0.248762           0
           2    0.246979    0.247871 0.000630348
           3    0.251832    0.249191  0.00115721
           4    0.241263    0.247209   0.0019234
           5    0.245364     0.24684  0.00157372
           6    0.244163    0.246394  0.00137325
           7    0.248912    0.246754  0.00122328
           8    0.246155    0.246679  0.00107266
           9    0.248423    0.246873 0.000970822
          10    0.249652     0.24715 0.000912648
          11      0.2439    0.246855 0.000876214
          12    0.242181    0.246465 0.000885554
          13    0.253979    0.247043 0.000988222
          14    0.250649    0.247301 0.000950607
          15    0.247064    0.247285 0.000887364
          16    0.243084    0.247023 0.000869881
          17    0.248996    0.247139  0.00082642
          18    0.248181    0.247197 0.000782534
          19    0.252644    0.247483 0.000792131
          20    0.242626    0.247241 0.000788875
          21     0.25483    0.247602 0.000829978
          22    0.256039    0.247985 0.000876385
          23    0.248248    0.247997 0.000838356
          24    0.253382    0.248221 0.000832913
          25    0.251111    0.248337 0.000807577
          26    0.254435    0.248571 0.000809857
          27    0.250345    0.248637 0.000782521
          28    0.245268    0.248517 0.000763769
          29    0.252202    0.248644 0.000747929
          30    0.245732    0.248547 0.000729268
          31    0.241951    0.248334 0.000736124
          32    0.247719    0.248315 0.000713372
          33    0.241075    0.248095 0.000724701
          34    0.249408    0.248134 0.000704414
          35    0.250887    0.248213 0.000688666
          36    0.248933    0.248233 0.000669827
          37    0.247379     0.24821 0.000652121
          38    0.251764    0.248303 0.000641634
          39    0.251241    0.248378 0.000629588
          40    0.249661    0.248411 0.000614665
