           1     2.61595     2.61595           0
           2     2.49911     2.55753   0.0413082
           3     2.52537     2.54681    0.028897
           4     2.33915     2.49489   0.0499115
           5     2.49915     2.49575   0.0399365
           6     2.54535     2.50401   0.0341256
           7     2.61315     2.51961   0.0326182
           8      2.4646     2.51273   0.0292567
           9     2.60529     2.52301   0.0277546
          10     2.41922     2.51263   0.0268498
          11     2.58916     2.51959   0.0252942
          12     2.61341     2.52741   0.0243648
          13      2.4465     2.52119    0.023272
          14     2.65289     2.53059    0.023434
          15     2.47709     2.52703   0.0221415
          16     2.58094      2.5304   0.0210126
          17     2.49476      2.5283   0.0198808
          18     2.40148     2.52125   0.0199859
          19     2.50652     2.52048    0.018949
          20      2.6746     2.52818   0.0195056
           1     2.61595     2.61595           0
           2     2.49911     2.55753   0.0413082
           3     2.52537     2.54681    0.028897
           4     2.33915     2.49489   0.0499115
           5     2.49915     2.49575   0.0399365
           6     2.54535     2.50401   0.0341256
           7     2.61315     2.51961   0.0326182
           8      2.4646     2.51273   0.0292567
           9     2.60529     2.52301   0.0277546
          10     2.41922     2.51263   0.0268498
          11     2.58916     2.51959   0.0252942
          12     2.61341     2.52741   0.0243648
          13      2.4465     2.52119    0.023272
          14     2.65289     2.53059    0.023434
          15     2.47709     2.52703   0.0221415
          16     2.58094      2.5304   0.0210126
          17     2.49476      2.5283   0.0198808
          18     2.40148     2.52125   0.0199859
          19     2.50652     2.52048    0.018949
          20      2.6746     2.52818   0.0195056
           0        -nan        -nan        -nan
           1     2.49911     2.49911           0
           2     2.52537     2.51224  0.00928101
           3     2.33915     2.45454   0.0475146
           4     2.49915     2.46569   0.0369216
           5     2.54535     2.48163    0.032795
           6     2.61315     2.50355   0.0338721
           7      2.4646     2.49798   0.0294868
           8     2.60529      2.5114   0.0286898
           9     2.41922     2.50115   0.0272688
          10     2.58916     2.50996   0.0259233
          11     2.61341     2.51936   0.0252151
          12      2.4465     2.51329   0.0238338
          13     2.65289     2.52403   0.0242993
          14     2.47709     2.52067   0.0227938
          15     2.58094     2.52469   0.0216254
          16     2.49476     2.52282   0.0203546
          17     2.40148     2.51568   0.0203704
          18     2.50652     2.51517   0.0192451
          19      2.6746     2.52356   0.0199778
          20     2.50251     2.52251   0.0190066
           0        -nan        -nan        -nan
           1     2.49911     2.49911           0
           2     2.52537     2.51224  0.00928101
           3     2.33915     2.45454   0.0475146
           4     2.49915     2.46569   0.0369216
           5     2.54535     2.48163    0.032795
           6     2.61315     2.50355   0.0338721
           7      2.4646     2.49798   0.0294868
           8     2.60529      2.5114   0.0286898
           9     2.41922     2.50115   0.0272688
          10     2.58916     2.50996   0.0259233
          11     2.61341     2.51936   0.0252151
          12      2.4465     2.51329   0.0238338
          13     2.65289     2.52403   0.0242993
          14     2.47709     2.52067   0.0227938
          15     2.58094     2.52469   0.0216254
          16     2.49476     2.52282   0.0203546
          17     2.40148     2.51568   0.0203704
          18     2.50652     2.51517   0.0192451
          19      2.6746     2.52356   0.0199778
          20     2.50251     2.52251   0.0190066
           0        -nan        -nan        -nan
           1     2.49911     2.49911           0
           2     2.52537     2.51224  0.00928101
           3     2.33915     2.45454   0.0475146
           4     2.49915     2.46569   0.0369216
           5     2.54535     2.48163    0.032795
           6     2.61315     2.50355   0.0338721
           7      2.4646     2.49798   0.0294868
           8     2.60529      2.5114   0.0286898
           9     2.41922     2.50115   0.0272688
          10     2.58916     2.50996   0.0259233
          11     2.61341     2.51936   0.0252151
          12      2.4465     2.51329   0.0238338
          13     2.65289     2.52403   0.0242993
          14     2.47709     2.52067   0.0227938
          15     2.58094     2.52469   0.0216254
          16     2.49476     2.52282   0.0203546
          17     2.40148     2.51568   0.0203704
          18     2.50652     2.51517   0.0192451
          19      2.6746     2.52356   0.0199778
          20     2.50251     2.52251   0.0190066
           0        -nan        -nan        -nan
           1     10.5051     10.5051           0
           2     10.9094     10.7072    0.142922
           3     9.54485     10.3198    0.330399
           4     10.7902     10.4374    0.267911
           5     8.48547      10.047    0.409701
           6      9.4029     9.93964    0.355203
           7     9.99653     9.94777    0.304552
           8     10.7308     10.0456    0.281771
           9     10.6487     10.1126    0.258308
          10     8.61385     9.96277    0.272513
          11     10.2965     9.99311    0.249422
          12     9.72755     9.97098    0.229616
          13     9.19685     9.91143    0.219539
          14     8.93281     9.84153    0.214698
          15     9.31009      9.8061    0.203287
          16     9.01804     9.75684    0.196458
          17     9.44855     9.73871    0.185737
          18     9.30149     9.71442    0.176999
          19     11.0536      9.7849    0.181173
          20     8.83889      9.7376    0.178182
           0        -nan        -nan        -nan
           1     2.49911     2.49911           0
           2     2.52537     2.51224  0.00928101
           3     2.33915     2.45454   0.0475146
           4     2.49915     2.46569   0.0369216
           5     2.54535     2.48163    0.032795
           6     2.61315     2.50355   0.0338721
           7      2.4646     2.49798   0.0294868
           8     2.60529      2.5114   0.0286898
           9     2.41922     2.50115   0.0272688
          10     2.58916     2.50996   0.0259233
          11     2.61341     2.51936   0.0252151
          12      2.4465     2.51329   0.0238338
          13     2.65289     2.52403   0.0242993
          14     2.47709     2.52067   0.0227938
          15     2.58094     2.52469   0.0216254
          16     2.49476     2.52282   0.0203546
          17     2.40148     2.51568   0.0203704
          18     2.50652     2.51517   0.0192451
          19      2.6746     2.52356   0.0199778
          20     2.50251     2.52251   0.0190066
           0        -nan        -nan        -nan
           1     2.49911     2.49911           0
           2     2.52537     2.51224  0.00928101
           3     2.33915     2.45454   0.0475146
           4     2.49915     2.46569   0.0369216
           5     2.54535     2.48163    0.032795
           6     2.61315     2.50355   0.0338721
           7      2.4646     2.49798   0.0294868
           8     2.60529      2.5114   0.0286898
           9     2.41922     2.50115   0.0272688
          10     2.58916     2.50996   0.0259233
          11     2.61341     2.51936   0.0252151
          12      2.4465     2.51329   0.0238338
          13     2.65289     2.52403   0.0242993
          14     2.47709     2.52067   0.0227938
          15     2.58094     2.52469   0.0216254
          16     2.49476     2.52282   0.0203546
          17     2.40148     2.51568   0.0203704
          18     2.50652     2.51517   0.0192451
          19      2.6746     2.52356   0.0199778
          20     2.50251     2.52251   0.0190066
           0        -nan        -nan        -nan
           1     2.49911     2.49911           0
           2     2.52537     2.51224  0.00928101
           3     2.33915     2.45454   0.0475146
           4     2.49915     2.46569   0.0369216
           5     2.54535     2.48163    0.032795
           6     2.61315     2.50355   0.0338721
           7      2.4646     2.49798   0.0294868
           8     2.60529      2.5114   0.0286898
           9     2.41922     2.50115   0.0272688
          10     2.58916     2.50996   0.0259233
          11     2.61341     2.51936   0.0252151
          12      2.4465     2.51329   0.0238338
          13     2.65289     2.52403   0.0242993
          14     2.47709     2.52067   0.0227938
          15     2.58094     2.52469   0.0216254
          16     2.49476     2.52282   0.0203546
          17     2.40148     2.51568   0.0203704
          18     2.50652     2.51517   0.0192451
          19      2.6746     2.52356   0.0199778
          20     2.50251     2.52251   0.0190066
           0        -nan        -nan        -nan
           1     2.52537     2.52537           0
           2     2.33915     2.43226   0.0658382
           3     2.49915     2.45455   0.0475185
           4     2.54535     2.47725   0.0407013
           5     2.61315     2.50443    0.040635
           6      2.4646     2.49779   0.0344006
           7     2.60529     2.51315   0.0327346
           8     2.41922     2.50141   0.0306762
           9     2.58916     2.51116   0.0287756
          10     2.61341     2.52139   0.0276552
          11      2.4465     2.51458   0.0259656
          12     2.65289      2.5261   0.0262354
          13     2.47709     2.52233   0.0244867
          14     2.58094     2.52652   0.0230928
          15     2.49476      2.5244   0.0216501
          16     2.40148     2.51672   0.0216172
          17     2.50652     2.51612   0.0203539
          18      2.6746     2.52492   0.0210414
          19     2.50251     2.52374    0.019967
          20     2.45182     2.52015   0.0192898
           0        -nan        -nan        -nan
           1     2.52537     2.52537           0
           2     2.33915     2.43226   0.0658382
           3     2.49915     2.45455   0.0475185
           4     2.54535     2.47725   0.0407013
           5     2.61315     2.50443    0.040635
           6      2.4646     2.49779   0.0344006
           7     2.60529     2.51315   0.0327346
           8     2.41922     2.50141   0.0306762
           9     2.58916     2.51116   0.0287756
          10     2.61341     2.52139   0.0276552
          11      2.4465     2.51458   0.0259656
          12     2.65289      2.5261   0.0262354
          13     2.47709     2.52233   0.0244867
          14     2.58094     2.52652   0.0230928
          15     2.49476      2.5244   0.0216501
          16     2.40148     2.51672   0.0216172
          17     2.50652     2.51612   0.0203539
          18      2.6746     2.52492   0.0210414
          19     2.50251     2.52374    0.019967
          20     2.45182     2.52015   0.0192898
           0        -nan        -nan        -nan
           1     2.52537     2.52537           0
           2     2.33915     2.43226   0.0658382
           3     2.49915     2.45455   0.0475185
           4     2.54535     2.47725   0.0407013
           5     2.61315     2.50443    0.040635
           6      2.4646     2.49779   0.0344006
           7     2.60529     2.51315   0.0327346
           8     2.41922     2.50141   0.0306762
           9     2.58916     2.51116   0.0287756
          10     2.61341     2.52139   0.0276552
          11      2.4465     2.51458   0.0259656
          12     2.65289      2.5261   0.0262354
          13     2.47709     2.52233   0.0244867
          14     2.58094     2.52652   0.0230928
          15     2.49476      2.5244   0.0216501
          16     2.40148     2.51672   0.0216172
          17     2.50652     2.51612   0.0203539
          18      2.6746     2.52492   0.0210414
          19     2.50251     2.52374    0.019967
          20     2.45182     2.52015   0.0192898
          21     2.53565     2.52089   0.0183853
          22     2.53457     2.52151   0.0175602
          23     2.47512     2.51949   0.0169121
          24     2.51234     2.51919   0.0162101
          25     2.48669     2.51789   0.0156137
          26     2.54874     2.51908   0.0150582
          27     2.56701     2.52085   0.0146048
          28     2.45954     2.51866   0.0142464
          29      2.4432     2.51606   0.0139908
          30     2.56426     2.51767   0.0136163
          31     2.52995     2.51807   0.0131829
          32     2.49871     2.51746   0.0127847
          33      2.5614     2.51879   0.0124665
          34     2.67148     2.52328   0.0128833
          35     2.57756     2.52483   0.0126082
          36     2.59811     2.52687   0.0124212
          37     2.52827     2.52691   0.0120855
          38     2.53802      2.5272    0.011771
          39     2.46593     2.52563   0.0115736
          40     2.47156     2.52428   0.0113629
           0        -nan        -nan        -nan
           1     2.52537     2.52537           0
           2     2.33915     2.43226   0.0658382
           3     2.49915     2.45455   0.0475185
           4     2.54535     2.47725   0.0407013
           5     2.61315     2.50443    0.040635
           6      2.4646     2.49779   0.0344006
           7     2.60529     2.51315   0.0327346
           8     2.41922     2.50141   0.0306762
           9     2.58916     2.51116   0.0287756
          10     2.61341     2.52139   0.0276552
          11      2.4465     2.51458   0.0259656
          12     2.65289      2.5261   0.0262354
          13     2.47709     2.52233   0.0244867
          14     2.58094     2.52652   0.0230928
          15     2.49476      2.5244   0.0216501
          16     2.40148     2.51672   0.0216172
          17     2.50652     2.51612   0.0203539
          18      2.6746     2.52492   0.0210414
          19     2.50251     2.52374    0.019967
          20     2.45182     2.52015   0.0192898
          21     2.53565     2.52089   0.0183853
          22     2.53457     2.52151   0.0175602
          23     2.47512     2.51949   0.0169121
          24     2.51234     2.51919   0.0162101
          25     2.48669     2.51789   0.0156137
          26     2.54874     2.51908   0.0150582
          27     2.56701     2.52085   0.0146048
          28     2.45954     2.51866   0.0142464
          29      2.4432     2.51606   0.0139908
          30     2.56426     2.51767   0.0136163
          31     2.52995     2.51807   0.0131829
          32     2.49871     2.51746   0.0127847
          33      2.5614     2.51879   0.0124665
          34     2.67148     2.52328   0.0128833
          35     2.57756     2.52483   0.0126082
          36     2.59811     2.52687   0.0124212
          37     2.52827     2.52691   0.0120855
          38     2.53802      2.5272    0.011771
          39     2.46593     2.52563   0.0115736
          40     2.47156     2.52428   0.0113629
          41     2.49321     2.52352    0.011111
          42     2.53209     2.52372   0.0108483
          43     2.51735     2.52357    0.010597
          44     2.57762      2.5248   0.0104272
          45     2.52812     2.52488   0.0101957
          46     2.65295     2.52766   0.0103472
          47     2.57534     2.52867   0.0101767
          48     2.38262     2.52563   0.0104096
          49     2.53853      2.5259   0.0102005
          50     2.57958     2.52697   0.0100529
          51     2.58163     2.52804  0.00991272
          52     2.58928     2.52922   0.0097918
          53     2.56294     2.52985   0.0096277
          54     2.47802      2.5289  0.00949714
          55     2.53597     2.52902  0.00932533
          56     2.48254     2.52819  0.00919568
          57     2.44961     2.52681  0.00913711
          58     2.59971     2.52807  0.00906559
          59     2.49414      2.5275  0.00893016
          60     2.56382      2.5281  0.00880182
          61     2.57676      2.5289  0.00869361
          62      2.5141     2.52866  0.00855666
          63     2.58038     2.52948  0.00846013
          64     2.55509     2.52988  0.00833739
          65     2.56647     2.53045  0.00822811
          66     2.31467     2.52718  0.00872884
          67     2.54417     2.52743  0.00860224
          68     2.34687     2.52477  0.00887607
          69     2.57949     2.52557  0.00878278
          70     2.63577     2.52714  0.00879727
          71      2.4579     2.52617  0.00872725
          72     2.72583     2.52894  0.00903589
          73     2.59595     2.52986  0.00895862
          74     2.48874      2.5293  0.00885477
          75     2.59793     2.53022  0.00878385
          76     2.60019     2.53114   0.0087164
          77     2.58065     2.53178  0.00862688
          78     2.62847     2.53302  0.00860488
          79     2.44109     2.53186  0.00857427
          80     2.59238     2.53261   0.0085004
          81     2.49807     2.53219  0.00840615
          82     2.48252     2.53158  0.00832543
          83      2.5194     2.53143  0.00822641
          84     2.55071     2.53166  0.00813168
          85     2.62588     2.53277  0.00811121
          86       2.725     2.53501  0.00831917
          87     2.50476     2.53466  0.00823081
          88     2.50211     2.53429  0.00814558
          89     2.59619     2.53498  0.00808369
          90     2.42609     2.53377  0.00808392
          91     2.54266     2.53387  0.00799567
          92     2.52543     2.53378  0.00790929
          93     2.56505     2.53412  0.00783139
          94     2.55613     2.53435  0.00775157
          95     2.49817     2.53397  0.00767933
          96     2.60365      2.5347  0.00763356
          97     2.58769     2.53524  0.00757439
          98     2.55624     2.53546  0.00750013
          99     2.56204     2.53573  0.00742917
         100     2.65978     2.53697  0.00745773
           0        -nan        -nan        -nan
           1     2.52537     2.52537           0
           2     2.33915     2.43226   0.0658382
           3     2.49915     2.45455   0.0475185
           4     2.54535     2.47725   0.0407013
           5     2.61315     2.50443    0.040635
           6      2.4646     2.49779   0.0344006
           7     2.60529     2.51315   0.0327346
           8     2.41922     2.50141   0.0306762
           9     2.58916     2.51116   0.0287756
          10     2.61341     2.52139   0.0276552
          11      2.4465     2.51458   0.0259656
          12     2.65289      2.5261   0.0262354
          13     2.47709     2.52233   0.0244867
          14     2.58094     2.52652   0.0230928
          15     2.49476      2.5244   0.0216501
          16     2.40148     2.51672   0.0216172
          17     2.50652     2.51612   0.0203539
          18      2.6746     2.52492   0.0210414
          19     2.50251     2.52374    0.019967
          20     2.45182     2.52015   0.0192898
          21     2.53565     2.52089   0.0183853
          22     2.53457     2.52151   0.0175602
          23     2.47512     2.51949   0.0169121
          24     2.51234     2.51919   0.0162101
          25     2.48669     2.51789   0.0156137
          26     2.54874     2.51908   0.0150582
          27     2.56701     2.52085   0.0146048
          28     2.45954     2.51866   0.0142464
          29      2.4432     2.51606   0.0139908
          30     2.56426     2.51767   0.0136163
          31     2.52995     2.51807   0.0131829
          32     2.49871     2.51746   0.0127847
          33      2.5614     2.51879   0.0124665
          34     2.67148     2.52328   0.0128833
          35     2.57756     2.52483   0.0126082
          36     2.59811     2.52687   0.0124212
          37     2.52827     2.52691   0.0120855
          38     2.53802      2.5272    0.011771
          39     2.46593     2.52563   0.0115736
          40     2.47156     2.52428   0.0113629
