           1     0.09206     0.09206           0
           2    0.122868    0.107464   0.0108923
           3     0.13958    0.118169   0.0113636
           4    0.112596    0.116776  0.00860773
           5    0.094944     0.11241  0.00791656
           6    0.142316    0.117394  0.00801409
           7    0.127624    0.118855  0.00700121
           8    0.106488    0.117309  0.00629442
           9    0.142804    0.120142  0.00619977
          10    0.111828    0.119311  0.00563527
          11    0.080812    0.115811  0.00611396
          12    0.099752    0.114473  0.00574906
          13    0.116672    0.114642  0.00530931
          14     0.10246    0.113772  0.00500087
          15    0.111736    0.113636  0.00466932
          16    0.089544     0.11213  0.00461389
          17    0.119188    0.112545  0.00436112
          18    0.124148     0.11319   0.0041662
          19    0.076084    0.111237  0.00438081
          20      0.1352    0.112435  0.00432251
           0        -nan        -nan        -nan
           1           0           0           0
           2           0           0           0
           3           0           0           0
           4           0           0           0
           5           0           0           0
           6           0           0           0
           7           0           0           0
           8           0           0           0
           9           0           0           0
          10           0           0           0
          11           0           0           0
          12           0           0           0
          13           0           0           0
          14           0           0           0
          15           0           0           0
          16           0           0           0
          17           0           0           0
          18           0           0           0
          19           0           0           0
          20           0           0           0
           0        -nan        -nan        -nan
           1           0           0           0
           2           0           0           0
           3           0           0           0
           4           0           0           0
           5           0           0           0
           6           0           0           0
           7           0           0           0
           8           0           0           0
           9           0           0           0
          10           0           0           0
          11           0           0           0
          12           0           0           0
          13           0           0           0
          14           0           0           0
          15           0           0           0
          16           0           0           0
          17           0           0           0
          18           0           0           0
          19           0           0           0
          20           0           0           0
           0        -nan        -nan        -nan
           1     0.13958     0.13958           0
           2    0.112596    0.126088  0.00954028
           3    0.094944    0.115707   0.0105972
           4    0.142316    0.122359  0.00981626
           5    0.127624    0.123412  0.00790928
           6    0.106488    0.120591  0.00707618
           7    0.142804    0.123765  0.00673935
           8    0.111828    0.122273  0.00605985
           9    0.080812    0.117666  0.00691944
          10    0.099752    0.115874  0.00645522
          11    0.116672    0.115947  0.00586879
          12     0.10246    0.114823  0.00548628
          13    0.111736    0.114586   0.0050694
          14    0.089544    0.112797  0.00501293
          15    0.119188    0.113223  0.00469681
          16    0.124148    0.113906  0.00445262
          17    0.076084    0.111681  0.00471387
          18      0.1352    0.112988  0.00462953
          19     0.10088     0.11235  0.00442951
          20    0.123576    0.112912  0.00424345
           0        -nan        -nan        -nan
           1    0.517264    0.517264           0
           2    0.700228    0.608746   0.0646875
           3    0.281252    0.499581   0.0990171
           4    0.387872    0.471654    0.078102
           5    0.564884      0.4903   0.0646691
           6    0.553612    0.500852    0.054745
           7    0.551148    0.508037   0.0473934
           8    0.095904    0.456521   0.0635761
           9    0.685804    0.481996   0.0614046
          10     0.45474    0.479271   0.0553246
          11    0.413468    0.473289   0.0506175
          12    0.764636    0.497568   0.0518965
          13     0.61678    0.506738   0.0487079
          14    0.523704     0.50795   0.0452438
          15      0.6762    0.519166   0.0435958
          16    0.801804    0.536831   0.0443056
          17    0.491556    0.534168   0.0417794
          18    0.519192    0.533336   0.0394666
          19    0.276016    0.519793   0.0396451
          20      0.4538    0.516493   0.0377999
           0        -nan        -nan        -nan
           1    0.052648    0.052648           0
           2    0.056792     0.05472  0.00146513
           3    0.057652   0.0556973  0.00126128
           4    0.063012    0.057526  0.00184468
           5    0.076788   0.0613784  0.00374842
           6     0.08868   0.0659287  0.00519726
           7    0.096412   0.0702834  0.00600833
           8    0.089476   0.0726825  0.00571622
           9    0.021172   0.0669591  0.00741181
          10    0.056548    0.065918  0.00674335
          11    0.043108   0.0638444  0.00644126
          12    0.037672   0.0616633  0.00626287
          13       0.061   0.0616123  0.00578132
          14    0.031828   0.0594849  0.00574649
          15    0.065528   0.0598877  0.00537749
          16    0.063136   0.0600907  0.00504523
          17    0.052772   0.0596602  0.00476678
          18    0.048708   0.0590518  0.00454063
          19    0.039348   0.0580147  0.00441849
          20    0.041392   0.0571836  0.00427502
           0        -nan        -nan        -nan
           1     0.13958     0.13958           0
           2    0.112596    0.126088  0.00954028
           3    0.094944    0.115707   0.0105972
           4    0.142316    0.122359  0.00981626
           5    0.127624    0.123412  0.00790928
           6    0.106488    0.120591  0.00707618
           7    0.142804    0.123765  0.00673935
           8    0.111828    0.122273  0.00605985
           9    0.080812    0.117666  0.00691944
          10    0.099752    0.115874  0.00645522
          11    0.116672    0.115947  0.00586879
          12     0.10246    0.114823  0.00548628
          13    0.111736    0.114586   0.0050694
          14    0.089544    0.112797  0.00501293
          15    0.119188    0.113223  0.00469681
          16    0.124148    0.113906  0.00445262
          17    0.076084    0.111681  0.00471387
          18      0.1352    0.112988  0.00462953
          19     0.10088     0.11235  0.00442951
          20    0.123576    0.112912  0.00424345
           0        -nan        -nan        -nan
           1     0.13958     0.13958           0
           2    0.112596    0.126088  0.00954028
           3    0.094944    0.115707   0.0105972
           4    0.142316    0.122359  0.00981626
           5    0.127624    0.123412  0.00790928
           6    0.106488    0.120591  0.00707618
           7    0.142804    0.123765  0.00673935
           8    0.111828    0.122273  0.00605985
           9    0.080812    0.117666  0.00691944
          10    0.099752    0.115874  0.00645522
          11    0.116672    0.115947  0.00586879
          12     0.10246    0.114823  0.00548628
          13    0.111736    0.114586   0.0050694
          14    0.089544    0.112797  0.00501293
          15    0.119188    0.113223  0.00469681
          16    0.124148    0.113906  0.00445262
          17    0.076084    0.111681  0.00471387
          18      0.1352    0.112988  0.00462953
          19     0.10088     0.11235  0.00442951
          20    0.123576    0.112912  0.00424345
           0        -nan        -nan        -nan
           1    0.112596    0.112596           0
           2    0.094944     0.10377  0.00624092
           3    0.142316    0.116619   0.0112858
           4    0.127624     0.11937  0.00879334
           5    0.106488    0.116794  0.00740249
           6    0.142804    0.121129  0.00732899
           7    0.111828      0.1198  0.00640129
           8    0.080812    0.114927  0.00722183
           9    0.099752     0.11324  0.00661329
          10    0.116672    0.113584  0.00596086
          11     0.10246    0.112572  0.00550407
          12    0.111736    0.112503  0.00504584
          13    0.089544    0.110737  0.00495713
          14    0.119188     0.11134  0.00463966
          15    0.124148    0.112194  0.00440822
          16    0.076084    0.109937  0.00467487
          17      0.1352    0.111423  0.00463005
          18     0.10088    0.110838  0.00440972
          19    0.123576    0.111508  0.00422829
          20    0.105544     0.11121  0.00402738
           0        -nan        -nan        -nan
           1    0.094944    0.094944           0
           2    0.142316     0.11863   0.0167485
           3    0.127624    0.121628   0.0114309
           4    0.106488    0.117843  0.00917843
           5    0.142804    0.122835  0.00859381
           6    0.111828    0.121001  0.00735471
           7    0.080812    0.115259  0.00824584
           8    0.099752    0.113321  0.00743946
           9    0.116672    0.113693  0.00662217
          10     0.10246     0.11257  0.00605448
          11    0.111736    0.112494  0.00550454
          12    0.089544    0.110582  0.00536781
          13    0.119188    0.111244  0.00499556
          14    0.124148    0.112165    0.004723
          15    0.076084     0.10976  0.00498317
          16      0.1352     0.11135  0.00491885
          17     0.10088    0.110734   0.0046679
          18    0.123576    0.111448  0.00446276
          19    0.105544    0.111137  0.00423868
          20     0.09332    0.110246   0.0041193
           0        -nan        -nan        -nan
           1    0.114644    0.114644           0
           2     0.11068    0.112662  0.00140149
           3     0.10002    0.108448  0.00356532
           4    0.097548    0.105723  0.00356643
           5    0.110944    0.106767  0.00300212
           6    0.127044    0.110147  0.00397192
           7    0.117116    0.111142  0.00352708
           8    0.115692    0.111711  0.00313171
           9    0.136344    0.114448  0.00379579
          10    0.116212    0.114624  0.00342031
          11    0.126576    0.115711   0.0032774
          12    0.089668    0.113541  0.00365283
          13    0.121664    0.114166  0.00342488
          14     0.08444    0.112042  0.00378155
          15    0.110864    0.111964  0.00353026
          16    0.119252    0.112419  0.00333888
          17    0.148496    0.114541  0.00375684
          18    0.104288    0.113972  0.00359105
          19     0.10462     0.11348  0.00343561
          20     0.09262    0.112437  0.00341848
          21     0.12596    0.113081   0.0033158
          22    0.094316    0.112228  0.00327294
          23    0.106112    0.111962  0.00314142
          24    0.132772    0.112829  0.00312791
          25    0.106728    0.112585   0.0030123
          26    0.138672    0.113588  0.00305898
          27    0.085332    0.112542  0.00311957
          28    0.115696    0.112654  0.00301019
          29    0.131344    0.113299  0.00297458
          30    0.088796    0.112482  0.00298545
          31    0.088508    0.111709  0.00298764
          32    0.101944    0.111404  0.00290981
          33    0.150792    0.112597  0.00305665
          34    0.122472    0.112888  0.00298052
          35    0.108216    0.112754  0.00289835
          36     0.10994    0.112676  0.00281889
          37    0.132264    0.113205  0.00279198
          38    0.081588    0.112373  0.00283977
          39    0.116508    0.112479  0.00276894
          40    0.105232    0.112298  0.00270564
           0        -nan        -nan        -nan
           1    0.098216    0.098216           0
           2    0.132828    0.115522   0.0122372
           3    0.105712    0.112252  0.00858392
           4     0.09542    0.108044   0.0073978
           5     0.10332    0.107099  0.00597827
           6    0.098228    0.105621  0.00516149
           7    0.120948     0.10781  0.00486646
           8    0.084364     0.10488  0.00506436
           9     0.10944    0.105386  0.00452693
          10    0.111396    0.105987  0.00411393
          11    0.116888    0.106978  0.00385745
          12     0.12162    0.108198  0.00372397
          13    0.109924    0.108331  0.00343988
          14    0.108488    0.108342  0.00319419
          15    0.121028    0.109188  0.00309118
          16      0.0997    0.108595  0.00295431
          17    0.116976    0.109088  0.00282136
          18    0.135472    0.110554  0.00302148
          19    0.165632    0.113453  0.00401929
          20    0.145616    0.115061  0.00412753
          21     0.15366    0.116899   0.0043209
          22    0.098412    0.116059  0.00420542
          23    0.108296    0.115721  0.00403609
          24    0.125472    0.116127  0.00388832
          25     0.12284    0.116396  0.00374204
          26     0.09436    0.115548  0.00369285
          27    0.103664    0.115108  0.00358221
          28    0.121016    0.115319  0.00346049
          29     0.10678    0.115025  0.00335366
          30    0.132104    0.115594  0.00328984
          31     0.10686    0.115312  0.00319576
          32    0.134308    0.115906  0.00315054
          33    0.116956    0.115938  0.00305523
          34    0.109432    0.115746  0.00297136
          35    0.084008     0.11484  0.00302167
          36    0.132772    0.115338  0.00297851
          37    0.071716    0.114159  0.00312263
          38    0.125216     0.11445  0.00305399
          39    0.104196    0.114187  0.00298697
          40    0.076312     0.11324   0.0030587
          41    0.086688    0.112592  0.00305188
          42    0.098568    0.112258  0.00299743
          43     0.10068    0.111989  0.00293979
          44    0.088164    0.111448  0.00292242
          45    0.106184    0.111331  0.00285982
          46    0.116672    0.111447      0.0028
          47    0.121828    0.111668  0.00274913
          48    0.122948    0.111903  0.00270188
          49    0.116836    0.112003  0.00264862
          50    0.118456    0.112132  0.00259879
          51    0.097308    0.111842  0.00256403
          52    0.098036    0.111576  0.00252843
          53    0.128204     0.11189  0.00250011
          54    0.133208    0.112285  0.00248479
          55     0.12122    0.112447  0.00244492
          56    0.110512    0.112413   0.0024015
          57    0.127828    0.112683  0.00237455
          58    0.094176    0.112364  0.00235495
          59    0.119876    0.112491  0.00231848
          60    0.108272    0.112421   0.0022809
          61    0.129204    0.112696  0.00226004
          62     0.08172    0.112197  0.00227814
          63    0.091676    0.111871  0.00226515
          64     0.09916    0.111672  0.00223845
          65    0.127088    0.111909  0.00221654
          66    0.137828    0.112302  0.00221747
          67     0.12186    0.112445  0.00218895
          68    0.133368    0.112752  0.00217828
          69     0.08634     0.11237  0.00218009
          70    0.105268    0.112268   0.0021513
          71    0.099336    0.112086   0.0021287
          72    0.113016    0.112099  0.00209917
          73    0.141024    0.112495  0.00210748
          74    0.126012    0.112678   0.0020869
          75    0.107496    0.112609  0.00206022
          76    0.096092    0.112391  0.00204454
          77    0.104748    0.112292   0.0020204
          78    0.110244    0.112266  0.00199467
          79    0.104324    0.112165  0.00197195
          80    0.083648    0.111809  0.00197926
          81     0.13458     0.11209  0.00197469
          82    0.100288    0.111946  0.00195584
          83    0.064304    0.111372  0.00201475
          84    0.092628    0.111149  0.00200308
          85    0.127732    0.111344  0.00198899
          86    0.107376    0.111298   0.0019664
          87    0.142896    0.111661  0.00197706
          88    0.101624    0.111547  0.00195788
          89    0.087252    0.111274  0.00195482
          90     0.13514    0.111539    0.001951
          91    0.128704    0.111728  0.00193866
          92    0.109072    0.111699   0.0019178
          93    0.089968    0.111465  0.00191136
          94    0.101052    0.111355  0.00189423
          95    0.102672    0.111263   0.0018765
          96    0.141672     0.11158   0.0018835
          97    0.108888    0.111552  0.00186428
          98    0.103268    0.111468  0.00184717
          99    0.101628    0.111368  0.00183119
         100    0.118444    0.111439  0.00181424
           0        -nan        -nan        -nan
           1    0.114644    0.114644           0
           2     0.11068    0.112662  0.00140149
           3     0.10002    0.108448  0.00356532
           4    0.097548    0.105723  0.00356643
           5    0.110944    0.106767  0.00300212
           6    0.127044    0.110147  0.00397192
           7    0.117116    0.111142  0.00352708
           8    0.115692    0.111711  0.00313171
           9    0.136344    0.114448  0.00379579
          10    0.116212    0.114624  0.00342031
          11    0.126576    0.115711   0.0032774
          12    0.089668    0.113541  0.00365283
          13    0.121664    0.114166  0.00342488
          14     0.08444    0.112042  0.00378155
          15    0.110864    0.111964  0.00353026
          16    0.119252    0.112419  0.00333888
          17    0.148496    0.114541  0.00375684
          18    0.104288    0.113972  0.00359105
          19     0.10462     0.11348  0.00343561
          20     0.09262    0.112437  0.00341848
          21     0.12596    0.113081   0.0033158
          22    0.094316    0.112228  0.00327294
          23    0.106112    0.111962  0.00314142
          24    0.132772    0.112829  0.00312791
          25    0.106728    0.112585   0.0030123
          26    0.138672    0.113588  0.00305898
          27    0.085332    0.112542  0.00311957
          28    0.115696    0.112654  0.00301019
          29    0.131344    0.113299  0.00297458
          30    0.088796    0.112482  0.00298545
          31    0.088508    0.111709  0.00298764
          32    0.101944    0.111404  0.00290981
          33    0.150792    0.112597  0.00305665
          34    0.122472    0.112888  0.00298052
          35    0.108216    0.112754  0.00289835
          36     0.10994    0.112676  0.00281889
          37    0.132264    0.113205  0.00279198
          38    0.081588    0.112373  0.00283977
          39    0.116508    0.112479  0.00276894
          40    0.105232    0.112298  0.00270564
