           1    0.020524    0.020524           0
           2    0.026168    0.023346  0.00199546
           3    0.025276   0.0239893  0.00143025
           4    0.024996    0.024241  0.00109461
           5    0.024556    0.024304 0.000877498
           6    0.029588   0.0251847  0.00108675
           7    0.031312     0.02606  0.00123469
           8    0.028092    0.026314  0.00110617
           9      0.0299   0.0267124  0.00105258
          10    0.021684   0.0262096  0.00106065
          11    0.029708   0.0265276  0.00101079
          12    0.026096   0.0264917 0.000927194
          13     0.02798   0.0266062 0.000862911
          14    0.036712    0.027328  0.00106108
          15    0.024484   0.0271384  0.00100714
          16    0.024168   0.0269528 0.000961148
          17    0.029132   0.0270809 0.000913118
          18    0.039004   0.0277433  0.00107615
          19    0.026532   0.0276796   0.0010214
          20    0.026044   0.0275978 0.000973598
           0        -nan        -nan        -nan
           1           0           0           0
           2           0           0           0
           3           0           0           0
           4           0           0           0
           5           0           0           0
           6           0           0           0
           7           0           0           0
           8           0           0           0
           9           0           0           0
          10           0           0           0
          11           0           0           0
          12           0           0           0
          13           0           0           0
          14           0           0           0
          15           0           0           0
          16           0           0           0
          17           0           0           0
          18           0           0           0
          19           0           0           0
          20           0           0           0
           0        -nan        -nan        -nan
           1    0.025276    0.025276           0
           2    0.024996    0.025136 9.89949e-05
           3    0.024556   0.0249427 0.000171097
           4    0.029588    0.026104   0.0010139
           5    0.031312   0.0271456  0.00123526
           6    0.028092   0.0273033   0.0010394
           7      0.0299   0.0276743 0.000954819
           8    0.021684   0.0269255  0.00109023
           9    0.029708   0.0272347  0.00101198
          10    0.026096   0.0271208 0.000917166
          11     0.02798   0.0271989 0.000837106
          12    0.036712   0.0279917  0.00107931
          13    0.024484   0.0277218  0.00102946
          14    0.024168    0.027468  0.00098673
          15    0.029132   0.0275789 0.000927163
          16    0.039004    0.028293  0.00111066
          17    0.026532   0.0281894  0.00105014
          18    0.026044   0.0280702 0.000998543
          19    0.033228   0.0283417 0.000982195
          20    0.024588    0.028154 0.000950848
           0        -nan        -nan        -nan
           1    0.075768    0.075768           0
           2    0.035408    0.055588   0.0142694
           3    0.048068   0.0530813  0.00973062
           4    0.074312    0.058389  0.00862489
           5    0.092056   0.0651224  0.00915859
           6     0.11524   0.0734753   0.0107885
           7    0.078172   0.0741463  0.00926817
           8    0.031824    0.068856  0.00950027
           9    0.066264    0.068568  0.00844905
          10    0.074928    0.069204  0.00762804
          11    0.048584   0.0673295  0.00716121
          12    0.068444   0.0674223  0.00656504
          13    0.101868    0.070072  0.00657303
          14    0.051184   0.0687229  0.00624045
          15    0.099188   0.0707539  0.00614605
          16    0.105732     0.07294  0.00613842
          17    0.062268   0.0723122  0.00580935
          18     0.10028    0.073866   0.0056906
          19    0.089492   0.0746884   0.0054502
          20    0.059708   0.0739394  0.00522891
           0        -nan        -nan        -nan
           1    0.008512    0.008512           0
           2     0.00962    0.009066 0.000391737
           3    0.009948     0.00936 0.000354722
           4    0.009176    0.009314 0.000269007
           5    0.006972   0.0088456 0.000470991
           6    0.019712   0.0106567  0.00169922
           7    0.015596   0.0113623  0.00159627
           8    0.020464      0.0125  0.00175598
           9    0.011992   0.0124436  0.00156178
          10    0.018804   0.0130796  0.00152965
          11    0.007708   0.0125913  0.00146646
          12    0.007596    0.012175   0.0014021
          13    0.015012   0.0123932  0.00131112
          14    0.009156    0.012162  0.00123769
          15      0.0112   0.0120979  0.00115684
          16     0.02172   0.0126993  0.00123096
          17    0.017156   0.0129614  0.00118614
          18    0.019624   0.0133316  0.00117658
          19    0.018444   0.0136006  0.00114501
          20     0.01882   0.0138616   0.0011171
           0        -nan        -nan        -nan
           1    0.025276    0.025276           0
           2    0.024996    0.025136 9.89949e-05
           3    0.024556   0.0249427 0.000171097
           4    0.029588    0.026104   0.0010139
           5    0.031312   0.0271456  0.00123526
           6    0.028092   0.0273033   0.0010394
           7      0.0299   0.0276743 0.000954819
           8    0.021684   0.0269255  0.00109023
           9    0.029708   0.0272347  0.00101198
          10    0.026096   0.0271208 0.000917166
          11     0.02798   0.0271989 0.000837106
          12    0.036712   0.0279917  0.00107931
          13    0.024484   0.0277218  0.00102946
          14    0.024168    0.027468  0.00098673
          15    0.029132   0.0275789 0.000927163
          16    0.039004    0.028293  0.00111066
          17    0.026532   0.0281894  0.00105014
          18    0.026044   0.0280702 0.000998543
          19    0.033228   0.0283417 0.000982195
          20    0.024588    0.028154 0.000950848
           0        -nan        -nan        -nan
           1    0.025276    0.025276           0
           2    0.024996    0.025136 9.89949e-05
           3    0.024556   0.0249427 0.000171097
           4    0.029588    0.026104   0.0010139
           5    0.031312   0.0271456  0.00123526
           6    0.028092   0.0273033   0.0010394
           7      0.0299   0.0276743 0.000954819
           8    0.021684   0.0269255  0.00109023
           9    0.029708   0.0272347  0.00101198
          10    0.026096   0.0271208 0.000917166
          11     0.02798   0.0271989 0.000837106
          12    0.036712   0.0279917  0.00107931
          13    0.024484   0.0277218  0.00102946
          14    0.024168    0.027468  0.00098673
          15    0.029132   0.0275789 0.000927163
          16    0.039004    0.028293  0.00111066
          17    0.026532   0.0281894  0.00105014
          18    0.026044   0.0280702 0.000998543
          19    0.033228   0.0283417 0.000982195
          20    0.024588    0.028154 0.000950848
           0        -nan        -nan        -nan
           1    0.024996    0.024996           0
           2    0.024556    0.024776 0.000155563
           3    0.029588     0.02638  0.00131376
           4    0.031312    0.027613  0.00145295
           5    0.028092   0.0277088  0.00116552
           6      0.0299    0.028074  0.00102689
           7    0.021684   0.0271611  0.00122024
           8    0.029708   0.0274795  0.00110847
           9    0.026096   0.0273258 0.000995904
          10     0.02798   0.0273912  0.00089846
          11    0.036712   0.0282385  0.00114885
          12    0.024484   0.0279257  0.00109489
          13    0.024168   0.0276366  0.00104813
          14    0.029132   0.0277434 0.000978688
          15    0.039004   0.0284941  0.00116635
          16    0.026532   0.0283715  0.00109988
          17    0.026044   0.0282346  0.00104367
          18    0.033228    0.028512  0.00102189
          19    0.024588   0.0283055 0.000988754
          20     0.02576   0.0281782 0.000947472
           0        -nan        -nan        -nan
           1    0.024556    0.024556           0
           2    0.029588    0.027072  0.00177908
           3    0.031312   0.0284853  0.00165481
           4    0.028092    0.028387  0.00124403
           5      0.0299   0.0286896  0.00103137
           6    0.021684    0.027522  0.00136922
           7    0.029708   0.0278343  0.00120871
           8    0.026096    0.027617  0.00107697
           9     0.02798   0.0276573 0.000958063
          10    0.036712   0.0285628  0.00121712
          11    0.024484    0.028192  0.00116158
          12    0.024168   0.0278567  0.00111213
          13    0.029132   0.0279548   0.0010309
          14    0.039004    0.028744   0.0012226
          15    0.026532   0.0285965  0.00114995
          16    0.026044    0.028437  0.00108909
          17    0.033228   0.0287188  0.00106086
          18    0.024588   0.0284893  0.00102645
          19     0.02576   0.0283457 0.000982425
          20    0.023916   0.0281242 0.000957945
           0        -nan        -nan        -nan
           1     0.02936     0.02936           0
           2     0.01582     0.02259  0.00478711
           3    0.030468    0.025216  0.00384478
           4     0.02804    0.025922  0.00294769
           5    0.024616   0.0256608   0.0023697
           6    0.025108   0.0255687  0.00197654
           7    0.028844   0.0260366  0.00174868
           8    0.026812   0.0261335  0.00153278
           9    0.021692     0.02564  0.00143973
          10     0.02388    0.025464  0.00130647
          11    0.024764   0.0254004  0.00118925
          12    0.028428   0.0256527  0.00111659
          13    0.026872   0.0257465  0.00103463
          14    0.031652   0.0261683  0.00104318
          15    0.030636   0.0264661  0.00101526
          16     0.02858   0.0265983 0.000960366
          17    0.027968   0.0266788 0.000907248
          18    0.035596   0.0271742 0.000982837
          19     0.02642   0.0271345  0.00093191
          20    0.027568   0.0271562 0.000885567
          21    0.022608   0.0269396 0.000869478
          22    0.021912   0.0267111 0.000859464
          23    0.022392   0.0265233 0.000842361
          24    0.027692    0.026572 0.000808669
          25    0.032716   0.0268178 0.000812809
          26    0.027516   0.0268446 0.000781991
          27     0.02636   0.0268267 0.000753234
          28     0.01474    0.026395 0.000840976
          29       0.038   0.0267952 0.000902176
          30    0.032408   0.0269823 0.000891293
          31    0.018596   0.0267117 0.000902663
          32    0.035964   0.0270009 0.000919596
          33    0.032364   0.0271634 0.000905976
          34    0.028744   0.0272099 0.000880522
          35     0.02778   0.0272262 0.000855515
          36    0.025384    0.027175 0.000833279
          37    0.028192   0.0272025 0.000811212
          38    0.024988   0.0271442 0.000791954
          39    0.026832   0.0271362 0.000771688
          40    0.029412   0.0271931 0.000754491
           0        -nan        -nan        -nan
           1    0.029156    0.029156           0
           2     0.03068    0.029918 0.000538815
           3    0.028512   0.0294493 0.000524847
           4    0.016592    0.026235  0.00281139
           5    0.026796   0.0263472  0.00225135
           6     0.02416   0.0259827  0.00190541
           7    0.029452   0.0264783  0.00169644
           8    0.032668    0.027252  0.00165142
           9    0.018888   0.0263227  0.00170954
          10    0.030948   0.0267852  0.00159993
          11    0.024596   0.0265862  0.00146681
          12    0.030524   0.0269143   0.0013808
          13     0.03042    0.027184  0.00130065
          14    0.021664   0.0267897   0.0012661
          15    0.029852   0.0269939  0.00119804
          16    0.027876    0.027049  0.00112443
          17    0.023616   0.0268471  0.00107627
          18    0.019056   0.0264142  0.00110007
          19    0.028144   0.0265053  0.00104593
          20    0.024384   0.0263992    0.000999
          21    0.037044   0.0269061  0.00107234
          22     0.03086   0.0270858  0.00103855
          23    0.029888   0.0272077  0.00100052
          24    0.025504   0.0271367 0.000961346
          25    0.022608   0.0269555 0.000939804
          26    0.033864   0.0272212  0.00094047
          27    0.024556   0.0271225 0.000910804
          28     0.02728   0.0271281 0.000878292
          29      0.0305   0.0272444 0.000855668
          30     0.02492   0.0271669 0.000830646
          31    0.029228   0.0272334 0.000806508
          32    0.024292   0.0271415 0.000786525
          33     0.01872   0.0268863 0.000803025
          34     0.02596   0.0268591 0.000779869
          35    0.029164   0.0269249 0.000760362
          36    0.030084   0.0270127 0.000744287
          37     0.03048   0.0271064 0.000730047
          38    0.033548   0.0272759 0.000730251
          39    0.024204   0.0271971 0.000715762
          40    0.032568   0.0273314 0.000710351
          41    0.035476     0.02753 0.000720266
          42    0.021048   0.0273757 0.000719461
          43    0.024296   0.0273041 0.000706286
          44    0.037348   0.0275324 0.000726186
          45    0.027628   0.0275345 0.000710051
          46    0.034308   0.0276817  0.00070972
          47    0.026736   0.0276616 0.000694904
          48     0.02564   0.0276195 0.000681702
          49    0.027792    0.027623 0.000667799
          50    0.032776   0.0277261 0.000662348
          51    0.031148   0.0277932  0.00065275
          52    0.036844   0.0279672 0.000662997
          53    0.021152   0.0278386  0.00066284
          54    0.030088   0.0278803 0.000651873
          55    0.031812   0.0279518 0.000643929
          56    0.027276   0.0279397 0.000632543
          57    0.024376   0.0278772 0.000624528
          58    0.029424   0.0279039 0.000614329
          59    0.014404   0.0276751 0.000645122
          60    0.020824   0.0275609 0.000644396
          61    0.028132   0.0275702   0.0006339
          62    0.027816   0.0275742 0.000623688
          63    0.038008   0.0277398 0.000635397
          64    0.024128   0.0276834  0.00062797
          65    0.023772   0.0276232 0.000621186
          66    0.023568   0.0275618 0.000614805
          67    0.029032   0.0275837  0.00060602
          68    0.020992   0.0274868 0.000604811
          69    0.025092   0.0274521 0.000597041
          70    0.028612   0.0274686 0.000588742
          71    0.026016   0.0274482 0.000580805
          72    0.034376   0.0275444 0.000580654
          73    0.031744   0.0276019 0.000575542
          74    0.026376   0.0275854 0.000568003
          75     0.03056    0.027625 0.000561813
          76    0.030116   0.0276578 0.000555376
          77    0.018368   0.0275371 0.000561115
          78     0.03358   0.0276146 0.000559243
          79    0.032424   0.0276755 0.000555468
          80    0.027616   0.0276747 0.000548525
          81    0.019936   0.0275792 0.000550011
          82    0.026356   0.0275643 0.000543506
          83    0.026596   0.0275526 0.000537083
          84    0.019744   0.0274597 0.000538673
          85    0.036712   0.0275685 0.000543223
          86        0.04   0.0277131 0.000555806
          87    0.026388   0.0276978 0.000549626
          88    0.027704   0.0276979 0.000543381
          89    0.025768   0.0276762 0.000537708
          90    0.021912   0.0276122 0.000535534
          91    0.020764   0.0275369  0.00053491
          92    0.031732   0.0275825 0.000531036
          93    0.035092   0.0276633  0.00053143
          94    0.029444   0.0276822 0.000526114
          95    0.023516   0.0276384   0.0005224
          96    0.017456   0.0275323 0.000527616
          97    0.024504   0.0275011   0.0005231
          98      0.0286   0.0275123 0.000517882
          99    0.026484   0.0275019 0.000512755
         100    0.021912    0.027446 0.000510665
           0        -nan        -nan        -nan
           1     0.02936     0.02936           0
           2     0.01582     0.02259  0.00478711
           3    0.030468    0.025216  0.00384478
           4     0.02804    0.025922  0.00294769
           5    0.024616   0.0256608   0.0023697
           6    0.025108   0.0255687  0.00197654
           7    0.028844   0.0260366  0.00174868
           8    0.026812   0.0261335  0.00153278
           9    0.021692     0.02564  0.00143973
          10     0.02388    0.025464  0.00130647
          11    0.024764   0.0254004  0.00118925
          12    0.028428   0.0256527  0.00111659
          13    0.026872   0.0257465  0.00103463
          14    0.031652   0.0261683  0.00104318
          15    0.030636   0.0264661  0.00101526
          16     0.02858   0.0265983 0.000960366
          17    0.027968   0.0266788 0.000907248
          18    0.035596   0.0271742 0.000982837
          19     0.02642   0.0271345  0.00093191
          20    0.027568   0.0271562 0.000885567
          21    0.022608   0.0269396 0.000869478
          22    0.021912   0.0267111 0.000859464
          23    0.022392   0.0265233 0.000842361
          24    0.027692    0.026572 0.000808669
          25    0.032716   0.0268178 0.000812809
          26    0.027516   0.0268446 0.000781991
          27     0.02636   0.0268267 0.000753234
          28     0.01474    0.026395 0.000840976
          29       0.038   0.0267952 0.000902176
          30    0.032408   0.0269823 0.000891293
          31    0.018596   0.0267117 0.000902663
          32    0.035964   0.0270009 0.000919596
          33    0.032364   0.0271634 0.000905976
          34    0.028744   0.0272099 0.000880522
          35     0.02778   0.0272262 0.000855515
          36    0.025384    0.027175 0.000833279
          37    0.028192   0.0272025 0.000811212
          38    0.024988   0.0271442 0.000791954
          39    0.026832   0.0271362 0.000771688
          40    0.029412   0.0271931 0.000754491
