           1     70.4999     70.4999           0
           2     86.2668     78.3834     5.57446
           3     81.6693     79.4787      3.8224
           4     76.7657     78.8004     2.92635
           5     75.2859     78.0975     2.42403
           6     75.0034     77.5818     2.07416
           7     72.0379     76.7898     1.92312
           8     79.6407     77.1462     1.71543
           9     82.8254     77.7772     1.63678
          10     77.4174     77.7412      1.4735
          11     76.3777     77.6173     1.34474
          12     77.7076     77.6248      1.2327
          13     77.4595     77.6121     1.13795
          14      69.051     77.0006     1.20986
          15     81.7539     77.3175     1.16997
          16      80.384     77.5091     1.11243
          17      76.822     77.4687     1.04773
          18     85.0286     77.8887      1.0704
          19     81.3276     78.0697     1.02925
          20     85.0987     78.4212     1.03605
           1     70.4999     70.4999           0
           2     86.2668     78.3834     5.57446
           3     81.6693     79.4787      3.8224
           4     76.7657     78.8004     2.92635
           5     75.2859     78.0975     2.42403
           6     75.0034     77.5818     2.07416
           7     72.0379     76.7898     1.92312
           8     79.6407     77.1462     1.71543
           9     82.8254     77.7772     1.63678
          10     77.4174     77.7412      1.4735
          11     76.3777     77.6173     1.34474
          12     77.7076     77.6248      1.2327
          13     77.4595     77.6121     1.13795
          14      69.051     77.0006     1.20986
          15     81.7539     77.3175     1.16997
          16      80.384     77.5091     1.11243
          17      76.822     77.4687     1.04773
          18     85.0286     77.8887      1.0704
          19     81.3276     78.0697     1.02925
          20     85.0987     78.4212     1.03605
           0        -nan        -nan        -nan
           1     86.2668     86.2668           0
           2     81.6693     83.9681     1.62547
           3     76.7657     81.5673     2.23983
           4     75.2859     79.9969     2.16136
           5     75.0034     78.9982      1.9462
           6     72.0379     77.8382     1.93695
           7     79.6407     78.0957     1.67727
           8     82.8254     78.6869     1.56835
           9     77.4174     78.5458     1.40042
          10     76.3777      78.329     1.27705
          11     77.7076     78.2725      1.1622
          12     77.4595     78.2048     1.06733
          13      69.051     77.5006     1.19513
          14     81.7539     77.8044     1.14773
          15      80.384     77.9764     1.08402
          16      76.822     77.9043     1.01867
          17     85.0286     78.3233     1.04139
          18     81.3276     78.4902    0.996817
          19     85.0987     78.8381      1.0032
          20     84.2787     79.1101    0.989235
           0        -nan        -nan        -nan
           1     86.2668     86.2668           0
           2     81.6693     83.9681     1.62547
           3     76.7657     81.5673     2.23983
           4     75.2859     79.9969     2.16136
           5     75.0034     78.9982      1.9462
           6     72.0379     77.8382     1.93695
           7     79.6407     78.0957     1.67727
           8     82.8254     78.6869     1.56835
           9     77.4174     78.5458     1.40042
          10     76.3777      78.329     1.27705
          11     77.7076     78.2725      1.1622
          12     77.4595     78.2048     1.06733
          13      69.051     77.5006     1.19513
          14     81.7539     77.8044     1.14773
          15      80.384     77.9764     1.08402
          16      76.822     77.9043     1.01867
          17     85.0286     78.3233     1.04139
          18     81.3276     78.4902    0.996817
          19     85.0987     78.8381      1.0032
          20     84.2787     79.1101    0.989235
           0        -nan        -nan        -nan
           1     86.2668     86.2668           0
           2     81.6693     83.9681     1.62547
           3     76.7657     81.5673     2.23983
           4     75.2859     79.9969     2.16136
           5     75.0034     78.9982      1.9462
           6     72.0379     77.8382     1.93695
           7     79.6407     78.0957     1.67727
           8     82.8254     78.6869     1.56835
           9     77.4174     78.5458     1.40042
          10     76.3777      78.329     1.27705
          11     77.7076     78.2725      1.1622
          12     77.4595     78.2048     1.06733
          13      69.051     77.5006     1.19513
          14     81.7539     77.8044     1.14773
          15      80.384     77.9764     1.08402
          16      76.822     77.9043     1.01867
          17     85.0286     78.3233     1.04139
          18     81.3276     78.4902    0.996817
          19     85.0987     78.8381      1.0032
          20     84.2787     79.1101    0.989235
           0        -nan        -nan        -nan
           1         100         100           0
           2         100         100           0
           3         100         100           0
           4     99.9871     99.9968   0.0027886
           5         100     99.9974  0.00230404
           6         100     99.9979  0.00195963
           7         100     99.9982  0.00170351
           8         100     99.9984  0.00150602
           9         100     99.9986  0.00134926
          10         100     99.9987   0.0012219
          11         100     99.9988  0.00111642
          12         100     99.9989  0.00102764
          13         100      99.999   0.0009519
          14         100     99.9991 0.000886534
          15         100     99.9991 0.000829551
          16         100     99.9992 0.000779438
          17         100     99.9992 0.000735026
          18         100     99.9993 0.000695395
          19         100     99.9993 0.000659814
          20         100     99.9994 0.000627694
           0        -nan        -nan        -nan
           1     86.2668     86.2668           0
           2     81.6693     83.9681     1.62547
           3     76.7657     81.5673     2.23983
           4     75.2859     79.9969     2.16136
           5     75.0034     78.9982      1.9462
           6     72.0379     77.8382     1.93695
           7     79.6407     78.0957     1.67727
           8     82.8254     78.6869     1.56835
           9     77.4174     78.5458     1.40042
          10     76.3777      78.329     1.27705
          11     77.7076     78.2725      1.1622
          12     77.4595     78.2048     1.06733
          13      69.051     77.5006     1.19513
          14     81.7539     77.8044     1.14773
          15      80.384     77.9764     1.08402
          16      76.822     77.9043     1.01867
          17     85.0286     78.3233     1.04139
          18     81.3276     78.4902    0.996817
          19     85.0987     78.8381      1.0032
          20     84.2787     79.1101    0.989235
           0        -nan        -nan        -nan
           1     86.2668     86.2668           0
           2     81.6693     83.9681     1.62547
           3     76.7657     81.5673     2.23983
           4     75.2859     79.9969     2.16136
           5     75.0034     78.9982      1.9462
           6     72.0379     77.8382     1.93695
           7     79.6407     78.0957     1.67727
           8     82.8254     78.6869     1.56835
           9     77.4174     78.5458     1.40042
          10     76.3777      78.329     1.27705
          11     77.7076     78.2725      1.1622
          12     77.4595     78.2048     1.06733
          13      69.051     77.5006     1.19513
          14     81.7539     77.8044     1.14773
          15      80.384     77.9764     1.08402
          16      76.822     77.9043     1.01867
          17     85.0286     78.3233     1.04139
          18     81.3276     78.4902    0.996817
          19     85.0987     78.8381      1.0032
          20     84.2787     79.1101    0.989235
           0        -nan        -nan        -nan
           1     86.2668     86.2668           0
           2     81.6693     83.9681     1.62547
           3     76.7657     81.5673     2.23983
           4     75.2859     79.9969     2.16136
           5     75.0034     78.9982      1.9462
           6     72.0379     77.8382     1.93695
           7     79.6407     78.0957     1.67727
           8     82.8254     78.6869     1.56835
           9     77.4174     78.5458     1.40042
          10     76.3777      78.329     1.27705
          11     77.7076     78.2725      1.1622
          12     77.4595     78.2048     1.06733
          13      69.051     77.5006     1.19513
          14     81.7539     77.8044     1.14773
          15      80.384     77.9764     1.08402
          16      76.822     77.9043     1.01867
          17     85.0286     78.3233     1.04139
          18     81.3276     78.4902    0.996817
          19     85.0987     78.8381      1.0032
          20     84.2787     79.1101    0.989235
           0        -nan        -nan        -nan
           1     81.6693     81.6693           0
           2     76.7657     79.2175      1.7337
           3     75.2859      77.907     1.57507
           4     75.0034     77.1811     1.33816
           5     72.0379     76.1524     1.41156
           6     79.6407     76.7338     1.29048
           7     82.8254      77.604     1.36844
           8     77.4174     77.5807     1.19759
           9     76.3777      77.447     1.07195
          10     77.7076     77.4731    0.965076
          11     77.4595     77.4719    0.877343
          12      69.051     76.7701     1.04794
          13     81.7539     77.1535     1.03508
          14      80.384     77.3842    0.986534
          15      76.822     77.3468    0.921477
          16     85.0286     77.8269    0.981019
          17     81.3276     78.0328    0.944677
          18     85.0987     78.4253    0.970333
          19     84.2787     78.7334    0.966932
          20     83.3068     78.9621    0.945237
           0        -nan        -nan        -nan
           1     81.6693     81.6693           0
           2     76.7657     79.2175      1.7337
           3     75.2859      77.907     1.57507
           4     75.0034     77.1811     1.33816
           5     72.0379     76.1524     1.41156
           6     79.6407     76.7338     1.29048
           7     82.8254      77.604     1.36844
           8     77.4174     77.5807     1.19759
           9     76.3777      77.447     1.07195
          10     77.7076     77.4731    0.965076
          11     77.4595     77.4719    0.877343
          12      69.051     76.7701     1.04794
          13     81.7539     77.1535     1.03508
          14      80.384     77.3842    0.986534
          15      76.822     77.3468    0.921477
          16     85.0286     77.8269    0.981019
          17     81.3276     78.0328    0.944677
          18     85.0987     78.4253    0.970333
          19     84.2787     78.7334    0.966932
          20     83.3068     78.9621    0.945237
           0        -nan        -nan        -nan
           1     81.6693     81.6693           0
           2     76.7657     79.2175      1.7337
           3     75.2859      77.907     1.57507
           4     75.0034     77.1811     1.33816
           5     72.0379     76.1524     1.41156
           6     79.6407     76.7338     1.29048
           7     82.8254      77.604     1.36844
           8     77.4174     77.5807     1.19759
           9     76.3777      77.447     1.07195
          10     77.7076     77.4731    0.965076
          11     77.4595     77.4719    0.877343
          12      69.051     76.7701     1.04794
          13     81.7539     77.1535     1.03508
          14      80.384     77.3842    0.986534
          15      76.822     77.3468    0.921477
          16     85.0286     77.8269    0.981019
          17     81.3276     78.0328    0.944677
          18     85.0987     78.4253    0.970333
          19     84.2787     78.7334    0.966932
          20     83.3068     78.9621    0.945237
          21     84.8718     79.2435    0.941185
          22     73.0955      78.964    0.938975
          23     76.6004     78.8613    0.903756
          24     78.4025     78.8422    0.866301
          25     81.1711     78.9353    0.836643
          26     68.9174       78.55    0.888771
          27     78.8622     78.5616    0.855929
          28     89.0264     78.9353    0.903279
          29     80.1069     78.9757    0.873035
          30     86.9985     79.2431    0.883944
          31     87.4086     79.5065    0.893813
          32     82.2046     79.5909    0.869849
          33     68.6447     79.2592    0.904527
          34     74.9421     79.1322     0.88679
          35     83.5941     79.2597    0.870568
          36     77.0698     79.1988    0.848508
          37     76.2182     79.1183    0.829391
          38     76.6583     79.0535    0.810088
          39     81.0055     79.1036    0.790861
          40     78.9334     79.0993    0.771101
