           1   -0.761304   -0.761304           0
           2   -0.761704   -0.761504 0.000141421
           3   -0.765352   -0.762787  0.00105153
           4   -0.756768   -0.761282  0.00152315
           5    -0.76196   -0.761418  0.00122454
           6   -0.761968   -0.761509  0.00102388
           7   -0.763904   -0.761851 0.000933012
           8   -0.763336   -0.762037 0.000834636
           9   -0.762736   -0.762115 0.000745504
          10    -0.76644   -0.762547 0.000786483
          11       -0.76   -0.762316 0.000748298
          12   -0.766448    -0.76266 0.000761063
          13   -0.760056    -0.76246 0.000728403
          14   -0.762944   -0.762494 0.000677195
          15   -0.757408   -0.762155 0.000711899
          16   -0.760352   -0.762042 0.000676267
          17   -0.759672   -0.761903 0.000650704
          18   -0.760264   -0.761812 0.000620892
          19   -0.762152    -0.76183 0.000588471
          20   -0.763608   -0.761919 0.000565724
           1   -0.761304   -0.761304           0
           2   -0.761704   -0.761504 0.000141421
           3   -0.765352   -0.762787  0.00105153
           4   -0.756768   -0.761282  0.00152315
           5    -0.76196   -0.761418  0.00122454
           6   -0.761968   -0.761509  0.00102388
           7   -0.763904   -0.761851 0.000933012
           8   -0.763336   -0.762037 0.000834636
           9   -0.762736   -0.762115 0.000745504
          10    -0.76644   -0.762547 0.000786483
          11       -0.76   -0.762316 0.000748298
          12   -0.766448    -0.76266 0.000761063
          13   -0.760056    -0.76246 0.000728403
          14   -0.762944   -0.762494 0.000677195
          15   -0.757408   -0.762155 0.000711899
          16   -0.760352   -0.762042 0.000676267
          17   -0.759672   -0.761903 0.000650704
          18   -0.760264   -0.761812 0.000620892
          19   -0.762152    -0.76183 0.000588471
          20   -0.763608   -0.761919 0.000565724
           0        -nan        -nan        -nan
           1   -0.761704   -0.761704           0
           2   -0.765352   -0.763528  0.00128976
           3   -0.756768   -0.761275  0.00203085
           4    -0.76196   -0.761446  0.00153034
           5   -0.761968    -0.76155  0.00122783
           6   -0.763904   -0.761943  0.00108404
           7   -0.763336   -0.762142 0.000947279
           8   -0.762736   -0.762216 0.000831776
           9    -0.76644   -0.762685 0.000861654
          10       -0.76   -0.762417 0.000816261
          11   -0.766448   -0.762783 0.000820207
          12   -0.760056   -0.762556 0.000782711
          13   -0.762944   -0.762586 0.000723071
          14   -0.757408   -0.762216 0.000760148
          15   -0.760352   -0.762092 0.000719557
          16   -0.759672    -0.76194 0.000690294
          17   -0.760264   -0.761842 0.000656696
          18   -0.762152   -0.761859 0.000620438
          19   -0.763608   -0.761951 0.000594573
          20   -0.763184   -0.762013  0.00056803
           0        -nan        -nan        -nan
           1   -0.761704   -0.761704           0
           2   -0.765352   -0.763528  0.00128976
           3   -0.756768   -0.761275  0.00203085
           4    -0.76196   -0.761446  0.00153034
           5   -0.761968    -0.76155  0.00122783
           6   -0.763904   -0.761943  0.00108404
           7   -0.763336   -0.762142 0.000947279
           8   -0.762736   -0.762216 0.000831776
           9    -0.76644   -0.762685 0.000861654
          10       -0.76   -0.762417 0.000816261
          11   -0.766448   -0.762783 0.000820207
          12   -0.760056   -0.762556 0.000782711
          13   -0.762944   -0.762586 0.000723071
          14   -0.757408   -0.762216 0.000760148
          15   -0.760352   -0.762092 0.000719557
          16   -0.759672    -0.76194 0.000690294
          17   -0.760264   -0.761842 0.000656696
          18   -0.762152   -0.761859 0.000620438
          19   -0.763608   -0.761951 0.000594573
          20   -0.763184   -0.762013  0.00056803
           0        -nan        -nan        -nan
           1   -0.761704   -0.761704           0
           2   -0.765352   -0.763528  0.00128976
           3   -0.756768   -0.761275  0.00203085
           4    -0.76196   -0.761446  0.00153034
           5   -0.761968    -0.76155  0.00122783
           6   -0.763904   -0.761943  0.00108404
           7   -0.763336   -0.762142 0.000947279
           8   -0.762736   -0.762216 0.000831776
           9    -0.76644   -0.762685 0.000861654
          10       -0.76   -0.762417 0.000816261
          11   -0.766448   -0.762783 0.000820207
          12   -0.760056   -0.762556 0.000782711
          13   -0.762944   -0.762586 0.000723071
          14   -0.757408   -0.762216 0.000760148
          15   -0.760352   -0.762092 0.000719557
          16   -0.759672    -0.76194 0.000690294
          17   -0.760264   -0.761842 0.000656696
          18   -0.762152   -0.761859 0.000620438
          19   -0.763608   -0.761951 0.000594573
          20   -0.763184   -0.762013  0.00056803
           0        -nan        -nan        -nan
           1   -0.981144   -0.981144           0
           2   -0.976552   -0.978848  0.00162352
           3   -0.971808   -0.976501  0.00220061
           4   -0.969624   -0.974782  0.00222286
           5     -0.9688   -0.973586  0.00207543
           6    -0.96656   -0.972415  0.00203318
           7   -0.975104   -0.972799  0.00177865
           8   -0.978328    -0.97349  0.00168526
           9   -0.971896   -0.973313  0.00150729
          10   -0.973624   -0.973344  0.00135688
          11    -0.97256   -0.973273   0.0012354
          12   -0.973112   -0.973259  0.00113252
          13   -0.964048   -0.972551  0.00124752
          14   -0.976048   -0.972801  0.00118316
          15   -0.975472   -0.972979  0.00111761
          16   -0.971832   -0.972907  0.00105005
          17    -0.97996   -0.973322   0.0010671
          18   -0.977192   -0.973537  0.00102925
          19     -0.9806   -0.973909  0.00104005
          20   -0.978624   -0.974144  0.00101442
           0        -nan        -nan        -nan
           1   -0.761704   -0.761704           0
           2   -0.765352   -0.763528  0.00128976
           3   -0.756768   -0.761275  0.00203085
           4    -0.76196   -0.761446  0.00153034
           5   -0.761968    -0.76155  0.00122783
           6   -0.763904   -0.761943  0.00108404
           7   -0.763336   -0.762142 0.000947279
           8   -0.762736   -0.762216 0.000831776
           9    -0.76644   -0.762685 0.000861654
          10       -0.76   -0.762417 0.000816261
          11   -0.766448   -0.762783 0.000820207
          12   -0.760056   -0.762556 0.000782711
          13   -0.762944   -0.762586 0.000723071
          14   -0.757408   -0.762216 0.000760148
          15   -0.760352   -0.762092 0.000719557
          16   -0.759672    -0.76194 0.000690294
          17   -0.760264   -0.761842 0.000656696
          18   -0.762152   -0.761859 0.000620438
          19   -0.763608   -0.761951 0.000594573
          20   -0.763184   -0.762013  0.00056803
           0        -nan        -nan        -nan
           1   -0.761704   -0.761704           0
           2   -0.765352   -0.763528  0.00128976
           3   -0.756768   -0.761275  0.00203085
           4    -0.76196   -0.761446  0.00153034
           5   -0.761968    -0.76155  0.00122783
           6   -0.763904   -0.761943  0.00108404
           7   -0.763336   -0.762142 0.000947279
           8   -0.762736   -0.762216 0.000831776
           9    -0.76644   -0.762685 0.000861654
          10       -0.76   -0.762417 0.000816261
          11   -0.766448   -0.762783 0.000820207
          12   -0.760056   -0.762556 0.000782711
          13   -0.762944   -0.762586 0.000723071
          14   -0.757408   -0.762216 0.000760148
          15   -0.760352   -0.762092 0.000719557
          16   -0.759672    -0.76194 0.000690294
          17   -0.760264   -0.761842 0.000656696
          18   -0.762152   -0.761859 0.000620438
          19   -0.763608   -0.761951 0.000594573
          20   -0.763184   -0.762013  0.00056803
           0        -nan        -nan        -nan
           1   -0.761704   -0.761704           0
           2   -0.765352   -0.763528  0.00128976
           3   -0.756768   -0.761275  0.00203085
           4    -0.76196   -0.761446  0.00153034
           5   -0.761968    -0.76155  0.00122783
           6   -0.763904   -0.761943  0.00108404
           7   -0.763336   -0.762142 0.000947279
           8   -0.762736   -0.762216 0.000831776
           9    -0.76644   -0.762685 0.000861654
          10       -0.76   -0.762417 0.000816261
          11   -0.766448   -0.762783 0.000820207
          12   -0.760056   -0.762556 0.000782711
          13   -0.762944   -0.762586 0.000723071
          14   -0.757408   -0.762216 0.000760148
          15   -0.760352   -0.762092 0.000719557
          16   -0.759672    -0.76194 0.000690294
          17   -0.760264   -0.761842 0.000656696
          18   -0.762152   -0.761859 0.000620438
          19   -0.763608   -0.761951 0.000594573
          20   -0.763184   -0.762013  0.00056803
           0        -nan        -nan        -nan
           1   -0.765352   -0.765352           0
           2   -0.756768    -0.76106   0.0030349
           3    -0.76196    -0.76136  0.00203804
           4   -0.761968   -0.761512  0.00153419
           5   -0.763904    -0.76199   0.0012998
           6   -0.763336   -0.762215  0.00110235
           7   -0.762736   -0.762289  0.00094738
           8    -0.76644   -0.762808 0.000960589
           9       -0.76   -0.762496 0.000903106
          10   -0.766448   -0.762891 0.000895098
          11   -0.760056   -0.762633 0.000850025
          12   -0.762944   -0.762659 0.000779584
          13   -0.757408   -0.762255   0.0008176
          14   -0.760352   -0.762119 0.000770421
          15   -0.759672   -0.761956 0.000736134
          16   -0.760264    -0.76185 0.000697682
          17   -0.762152   -0.761868 0.000656868
          18   -0.763608   -0.761965 0.000627446
          19   -0.763184   -0.762029 0.000597694
          20   -0.759424   -0.761899 0.000581829
           0        -nan        -nan        -nan
           1   -0.765352   -0.765352           0
           2   -0.756768    -0.76106   0.0030349
           3    -0.76196    -0.76136  0.00203804
           4   -0.761968   -0.761512  0.00153419
           5   -0.763904    -0.76199   0.0012998
           6   -0.763336   -0.762215  0.00110235
           7   -0.762736   -0.762289  0.00094738
           8    -0.76644   -0.762808 0.000960589
           9       -0.76   -0.762496 0.000903106
          10   -0.766448   -0.762891 0.000895098
          11   -0.760056   -0.762633 0.000850025
          12   -0.762944   -0.762659 0.000779584
          13   -0.757408   -0.762255   0.0008176
          14   -0.760352   -0.762119 0.000770421
          15   -0.759672   -0.761956 0.000736134
          16   -0.760264    -0.76185 0.000697682
          17   -0.762152   -0.761868 0.000656868
          18   -0.763608   -0.761965 0.000627446
          19   -0.763184   -0.762029 0.000597694
          20   -0.759424   -0.761899 0.000581829
           0        -nan        -nan        -nan
           1   -0.765352   -0.765352           0
           2   -0.756768    -0.76106   0.0030349
           3    -0.76196    -0.76136  0.00203804
           4   -0.761968   -0.761512  0.00153419
           5   -0.763904    -0.76199   0.0012998
           6   -0.763336   -0.762215  0.00110235
           7   -0.762736   -0.762289  0.00094738
           8    -0.76644   -0.762808 0.000960589
           9       -0.76   -0.762496 0.000903106
          10   -0.766448   -0.762891 0.000895098
          11   -0.760056   -0.762633 0.000850025
          12   -0.762944   -0.762659 0.000779584
          13   -0.757408   -0.762255   0.0008176
          14   -0.760352   -0.762119 0.000770421
          15   -0.759672   -0.761956 0.000736134
          16   -0.760264    -0.76185 0.000697682
          17   -0.762152   -0.761868 0.000656868
          18   -0.763608   -0.761965 0.000627446
          19   -0.763184   -0.762029 0.000597694
          20   -0.759424   -0.761899 0.000581829
          21   -0.765856   -0.762087 0.000583841
          22   -0.759496   -0.761969 0.000569059
          23   -0.764936   -0.762098 0.000558743
          24   -0.760776   -0.762043 0.000538173
          25   -0.760376   -0.761977 0.000520762
          26   -0.760728   -0.761929 0.000502942
          27   -0.766992   -0.762116 0.000518099
          28   -0.763152   -0.762153 0.000500915
          29   -0.760864   -0.762109  0.00048561
          30    -0.76752   -0.762289 0.000501806
          31    -0.76036   -0.762227 0.000489462
          32    -0.76076   -0.762181 0.000476308
          33   -0.759888   -0.762112 0.000466915
          34   -0.761992   -0.762108 0.000453196
          35    -0.76388   -0.762159 0.000443066
          36   -0.762136   -0.762158 0.000430759
          37   -0.762256   -0.762161 0.000419125
          38   -0.761056   -0.762132 0.000409102
          39   -0.762032   -0.762129 0.000398621
          40   -0.763208   -0.762156 0.000389567
           0        -nan        -nan        -nan
           1   -0.765352   -0.765352           0
           2   -0.756768    -0.76106   0.0030349
           3    -0.76196    -0.76136  0.00203804
           4   -0.761968   -0.761512  0.00153419
           5   -0.763904    -0.76199   0.0012998
           6   -0.763336   -0.762215  0.00110235
           7   -0.762736   -0.762289  0.00094738
           8    -0.76644   -0.762808 0.000960589
           9       -0.76   -0.762496 0.000903106
          10   -0.766448   -0.762891 0.000895098
          11   -0.760056   -0.762633 0.000850025
          12   -0.762944   -0.762659 0.000779584
          13   -0.757408   -0.762255   0.0008176
          14   -0.760352   -0.762119 0.000770421
          15   -0.759672   -0.761956 0.000736134
          16   -0.760264    -0.76185 0.000697682
          17   -0.762152   -0.761868 0.000656868
          18   -0.763608   -0.761965 0.000627446
          19   -0.763184   -0.762029 0.000597694
          20   -0.759424   -0.761899 0.000581829
          21   -0.765856   -0.762087 0.000583841
          22   -0.759496   -0.761969 0.000569059
          23   -0.764936   -0.762098 0.000558743
          24   -0.760776   -0.762043 0.000538173
          25   -0.760376   -0.761977 0.000520762
          26   -0.760728   -0.761929 0.000502942
          27   -0.766992   -0.762116 0.000518099
          28   -0.763152   -0.762153 0.000500915
          29   -0.760864   -0.762109  0.00048561
          30    -0.76752   -0.762289 0.000501806
          31    -0.76036   -0.762227 0.000489462
          32    -0.76076   -0.762181 0.000476308
          33   -0.759888   -0.762112 0.000466915
          34   -0.761992   -0.762108 0.000453196
          35    -0.76388   -0.762159 0.000443066
          36   -0.762136   -0.762158 0.000430759
          37   -0.762256   -0.762161 0.000419125
          38   -0.761056   -0.762132 0.000409102
          39   -0.762032   -0.762129 0.000398621
          40   -0.763208   -0.762156 0.000389567
          41    -0.76736   -0.762283 0.000400209
          42   -0.758936   -0.762203 0.000398535
          43   -0.759304   -0.762136 0.000394929
          44   -0.759904   -0.762085 0.000389197
          45   -0.759088   -0.762018 0.000386204
          46   -0.762408   -0.762027 0.000377902
          47   -0.765496   -0.762101    0.000377
          48   -0.763808   -0.762136  0.00037082
          49    -0.76208   -0.762135 0.000363254
          50   -0.762256   -0.762138 0.000355997
          51   -0.761104   -0.762117 0.000349593
          52   -0.763232   -0.762139 0.000343527
          53   -0.764088   -0.762176 0.000339008
          54   -0.762728   -0.762186 0.000332884
          55    -0.76156   -0.762174 0.000327026
          56   -0.756712   -0.762077 0.000335418
          57     -0.7636   -0.762104 0.000330597
          58   -0.759928   -0.762066 0.000327018
          59   -0.762008   -0.762065 0.000321477
          60    -0.76156   -0.762057 0.000316229
          61   -0.761864   -0.762054  0.00031106
          62   -0.762648   -0.762063 0.000306191
          63     -0.7608   -0.762043 0.000301987
          64   -0.764736   -0.762085 0.000300185
          65    -0.76172    -0.76208  0.00029562
          66   -0.759008   -0.762033 0.000294781
          67   -0.761552   -0.762026 0.000290469
          68    -0.75992   -0.761995 0.000287843
          69   -0.760616   -0.761975 0.000284364
          70   -0.757296   -0.761908  0.00028805
          71   -0.759472   -0.761874 0.000286029
          72   -0.762904   -0.761888 0.000282414
          73    -0.76252   -0.761897 0.000278678
          74   -0.766728   -0.761962 0.000282457
          75   -0.763496   -0.761982  0.00027943
          76    -0.76024   -0.761959 0.000276692
          77   -0.760472    -0.76194 0.000273773
          78   -0.762088   -0.761942 0.000270269
          79   -0.763672   -0.761964 0.000267734
          80    -0.75976   -0.761936 0.000265801
          81   -0.761984   -0.761937  0.00026252
          82   -0.761256   -0.761929  0.00025945
          83    -0.76136   -0.761922 0.000256414
          84   -0.760656   -0.761907 0.000253804
          85   -0.766792   -0.761964 0.000257243
          86    -0.75848   -0.761924 0.000257423
          87   -0.761792   -0.761922 0.000254468
          88   -0.760368   -0.761905 0.000252189
          89   -0.759528   -0.761878 0.000250765
          90   -0.764312   -0.761905 0.000249433
          91   -0.757968   -0.761862 0.000250415
          92   -0.760896   -0.761851 0.000247913
          93   -0.762056   -0.761853 0.000245258
          94   -0.755824   -0.761789 0.000250896
          95    -0.76336   -0.761806 0.000248799
          96   -0.765528   -0.761845  0.00024921
          97   -0.764104   -0.761868 0.000247727
          98   -0.764472   -0.761894 0.000246621
          99   -0.760336   -0.761879 0.000244631
         100   -0.759768   -0.761858 0.000243094
           0        -nan        -nan        -nan
           1   -0.765352   -0.765352           0
           2   -0.756768    -0.76106   0.0030349
           3    -0.76196    -0.76136  0.00203804
           4   -0.761968   -0.761512  0.00153419
           5   -0.763904    -0.76199   0.0012998
           6   -0.763336   -0.762215  0.00110235
           7   -0.762736   -0.762289  0.00094738
           8    -0.76644   -0.762808 0.000960589
           9       -0.76   -0.762496 0.000903106
          10   -0.766448   -0.762891 0.000895098
          11   -0.760056   -0.762633 0.000850025
          12   -0.762944   -0.762659 0.000779584
          13   -0.757408   -0.762255   0.0008176
          14   -0.760352   -0.762119 0.000770421
          15   -0.759672   -0.761956 0.000736134
          16   -0.760264    -0.76185 0.000697682
          17   -0.762152   -0.761868 0.000656868
          18   -0.763608   -0.761965 0.000627446
          19   -0.763184   -0.762029 0.000597694
          20   -0.759424   -0.761899 0.000581829
          21   -0.765856   -0.762087 0.000583841
          22   -0.759496   -0.761969 0.000569059
          23   -0.764936   -0.762098 0.000558743
          24   -0.760776   -0.762043 0.000538173
          25   -0.760376   -0.761977 0.000520762
          26   -0.760728   -0.761929 0.000502942
          27   -0.766992   -0.762116 0.000518099
          28   -0.763152   -0.762153 0.000500915
          29   -0.760864   -0.762109  0.00048561
          30    -0.76752   -0.762289 0.000501806
          31    -0.76036   -0.762227 0.000489462
          32    -0.76076   -0.762181 0.000476308
          33   -0.759888   -0.762112 0.000466915
          34   -0.761992   -0.762108 0.000453196
          35    -0.76388   -0.762159 0.000443066
          36   -0.762136   -0.762158 0.000430759
          37   -0.762256   -0.762161 0.000419125
          38   -0.761056   -0.762132 0.000409102
          39   -0.762032   -0.762129 0.000398621
          40   -0.763208   -0.762156 0.000389567
