           1     0.39143     0.39143           0
           2    0.255418    0.323424   0.0480872
           3    0.321014    0.322621   0.0320649
           4    0.328978     0.32421    0.024088
           5    0.352164    0.329801   0.0199086
           6     0.38336    0.338727   0.0184837
           7    0.366177    0.342649   0.0162538
           8    0.327878    0.340802   0.0143266
           9    0.302481    0.336544   0.0133525
          10    0.342129    0.337103   0.0120289
          11    0.322557    0.335781   0.0110078
          12    0.356289     0.33749   0.0102223
          13    0.350127    0.338462  0.00948211
          14    0.384819    0.341773  0.00936513
          15    0.302796    0.339175  0.00909413
          16    0.319739     0.33796  0.00860649
          17    0.372129     0.33997  0.00833162
          18    0.278208    0.336539  0.00854614
          19    0.292375    0.334214   0.0084065
          20    0.276344    0.331321  0.00846952
           1     0.39143     0.39143           0
           2    0.255418    0.323424   0.0480872
           3    0.321014    0.322621   0.0320649
           4    0.328978     0.32421    0.024088
           5    0.352164    0.329801   0.0199086
           6     0.38336    0.338727   0.0184837
           7    0.366177    0.342649   0.0162538
           8    0.327878    0.340802   0.0143266
           9    0.302481    0.336544   0.0133525
          10    0.342129    0.337103   0.0120289
          11    0.322557    0.335781   0.0110078
          12    0.356289     0.33749   0.0102223
          13    0.350127    0.338462  0.00948211
          14    0.384819    0.341773  0.00936513
          15    0.302796    0.339175  0.00909413
          16    0.319739     0.33796  0.00860649
          17    0.372129     0.33997  0.00833162
          18    0.278208    0.336539  0.00854614
          19    0.292375    0.334214   0.0084065
          20    0.276344    0.331321  0.00846952
           0        -nan        -nan        -nan
           1    0.255418    0.255418           0
           2    0.321014    0.288216   0.0231917
           3    0.328978    0.301804   0.0190295
           4    0.352164    0.314394   0.0179604
           5     0.38336    0.328187   0.0189381
           6    0.366177    0.334519   0.0168069
           7    0.327878     0.33357   0.0144327
           8    0.302481    0.329684   0.0131414
           9    0.342129    0.331067   0.0117538
          10    0.322557    0.330216   0.0106091
          11    0.356289    0.332586  0.00990593
          12    0.350127    0.334048  0.00918765
          13    0.384819    0.337953   0.0092739
          14    0.302796    0.335442  0.00894501
          15    0.319739    0.334395  0.00840971
          16    0.372129    0.336754  0.00820812
          17    0.278208     0.33331  0.00841681
          18    0.292375    0.331036  0.00825072
          19    0.276344    0.328157  0.00830343
          20    0.289797    0.326239  0.00810675
           0        -nan        -nan        -nan
           1    0.255418    0.255418           0
           2    0.321014    0.288216   0.0231917
           3    0.328978    0.301804   0.0190295
           4    0.352164    0.314394   0.0179604
           5     0.38336    0.328187   0.0189381
           6    0.366177    0.334519   0.0168069
           7    0.327878     0.33357   0.0144327
           8    0.302481    0.329684   0.0131414
           9    0.342129    0.331067   0.0117538
          10    0.322557    0.330216   0.0106091
          11    0.356289    0.332586  0.00990593
          12    0.350127    0.334048  0.00918765
          13    0.384819    0.337953   0.0092739
          14    0.302796    0.335442  0.00894501
          15    0.319739    0.334395  0.00840971
          16    0.372129    0.336754  0.00820812
          17    0.278208     0.33331  0.00841681
          18    0.292375    0.331036  0.00825072
          19    0.276344    0.328157  0.00830343
          20    0.289797    0.326239  0.00810675
           0        -nan        -nan        -nan
           1    0.255418    0.255418           0
           2    0.321014    0.288216   0.0231917
           3    0.328978    0.301804   0.0190295
           4    0.352164    0.314394   0.0179604
           5     0.38336    0.328187   0.0189381
           6    0.366177    0.334519   0.0168069
           7    0.327878     0.33357   0.0144327
           8    0.302481    0.329684   0.0131414
           9    0.342129    0.331067   0.0117538
          10    0.322557    0.330216   0.0106091
          11    0.356289    0.332586  0.00990593
          12    0.350127    0.334048  0.00918765
          13    0.384819    0.337953   0.0092739
          14    0.302796    0.335442  0.00894501
          15    0.319739    0.334395  0.00840971
          16    0.372129    0.336754  0.00820812
          17    0.278208     0.33331  0.00841681
          18    0.292375    0.331036  0.00825072
          19    0.276344    0.328157  0.00830343
          20    0.289797    0.326239  0.00810675
           0        -nan        -nan        -nan
           1           0           0           0
           2           0           0           0
           3           0           0           0
           4  0.00102318 0.000255795 0.000221525
           5           0 0.000204636 0.000183032
           6           0  0.00017053 0.000155672
           7           0 0.000146169 0.000135326
           8           0 0.000127898 0.000119637
           9           0 0.000113687 0.000107185
          10           0 0.000102318 9.70675e-05
          11           0 9.30164e-05 8.86877e-05
          12           0 8.52651e-05 8.16351e-05
          13           0 7.87062e-05 7.56185e-05
          14           0 7.30843e-05 7.04258e-05
          15           0 6.82121e-05 6.58991e-05
          16           0 6.39488e-05 6.19182e-05
          17           0 6.01871e-05 5.83901e-05
          18           0 5.68434e-05 5.52418e-05
          19           0 5.38516e-05 5.24153e-05
          20           0  5.1159e-05 4.98637e-05
           0        -nan        -nan        -nan
           1    0.255418    0.255418           0
           2    0.321014    0.288216   0.0231917
           3    0.328978    0.301804   0.0190295
           4    0.352164    0.314394   0.0179604
           5     0.38336    0.328187   0.0189381
           6    0.366177    0.334519   0.0168069
           7    0.327878     0.33357   0.0144327
           8    0.302481    0.329684   0.0131414
           9    0.342129    0.331067   0.0117538
          10    0.322557    0.330216   0.0106091
          11    0.356289    0.332586  0.00990593
          12    0.350127    0.334048  0.00918765
          13    0.384819    0.337953   0.0092739
          14    0.302796    0.335442  0.00894501
          15    0.319739    0.334395  0.00840971
          16    0.372129    0.336754  0.00820812
          17    0.278208     0.33331  0.00841681
          18    0.292375    0.331036  0.00825072
          19    0.276344    0.328157  0.00830343
          20    0.289797    0.326239  0.00810675
           0        -nan        -nan        -nan
           1    0.255418    0.255418           0
           2    0.321014    0.288216   0.0231917
           3    0.328978    0.301804   0.0190295
           4    0.352164    0.314394   0.0179604
           5     0.38336    0.328187   0.0189381
           6    0.366177    0.334519   0.0168069
           7    0.327878     0.33357   0.0144327
           8    0.302481    0.329684   0.0131414
           9    0.342129    0.331067   0.0117538
          10    0.322557    0.330216   0.0106091
          11    0.356289    0.332586  0.00990593
          12    0.350127    0.334048  0.00918765
          13    0.384819    0.337953   0.0092739
          14    0.302796    0.335442  0.00894501
          15    0.319739    0.334395  0.00840971
          16    0.372129    0.336754  0.00820812
          17    0.278208     0.33331  0.00841681
          18    0.292375    0.331036  0.00825072
          19    0.276344    0.328157  0.00830343
          20    0.289797    0.326239  0.00810675
           0        -nan        -nan        -nan
           1    0.255418    0.255418           0
           2    0.321014    0.288216   0.0231917
           3    0.328978    0.301804   0.0190295
           4    0.352164    0.314394   0.0179604
           5     0.38336    0.328187   0.0189381
           6    0.366177    0.334519   0.0168069
           7    0.327878     0.33357   0.0144327
           8    0.302481    0.329684   0.0131414
           9    0.342129    0.331067   0.0117538
          10    0.322557    0.330216   0.0106091
          11    0.356289    0.332586  0.00990593
          12    0.350127    0.334048  0.00918765
          13    0.384819    0.337953   0.0092739
          14    0.302796    0.335442  0.00894501
          15    0.319739    0.334395  0.00840971
          16    0.372129    0.336754  0.00820812
          17    0.278208     0.33331  0.00841681
          18    0.292375    0.331036  0.00825072
          19    0.276344    0.328157  0.00830343
          20    0.289797    0.326239  0.00810675
           0        -nan        -nan        -nan
           1    0.321014    0.321014           0
           2    0.328978    0.324996  0.00281569
           3    0.352164    0.334052   0.0076286
           4     0.38336    0.346379    0.012112
           5    0.366177    0.350339   0.0103166
           6    0.327878    0.346595  0.00925142
           7    0.302481    0.340293  0.00984499
           8    0.342129    0.340523  0.00861704
           9    0.322557    0.338527   0.0078874
          10    0.356289    0.340303  0.00729594
          11    0.350127    0.341196  0.00668711
          12    0.384819    0.344831  0.00704903
          13    0.302796    0.341598  0.00721036
          14    0.319739    0.340036  0.00686229
          15    0.372129    0.342176  0.00673007
          16    0.278208    0.338178   0.0074023
          17    0.292375    0.335484  0.00744107
          18    0.276344    0.332198  0.00771902
          19    0.289797    0.329966  0.00762852
          20    0.282016    0.327569  0.00761454
           0        -nan        -nan        -nan
           1    0.321014    0.321014           0
           2    0.328978    0.324996  0.00281569
           3    0.352164    0.334052   0.0076286
           4     0.38336    0.346379    0.012112
           5    0.366177    0.350339   0.0103166
           6    0.327878    0.346595  0.00925142
           7    0.302481    0.340293  0.00984499
           8    0.342129    0.340523  0.00861704
           9    0.322557    0.338527   0.0078874
          10    0.356289    0.340303  0.00729594
          11    0.350127    0.341196  0.00668711
          12    0.384819    0.344831  0.00704903
          13    0.302796    0.341598  0.00721036
          14    0.319739    0.340036  0.00686229
          15    0.372129    0.342176  0.00673007
          16    0.278208    0.338178   0.0074023
          17    0.292375    0.335484  0.00744107
          18    0.276344    0.332198  0.00771902
          19    0.289797    0.329966  0.00762852
          20    0.282016    0.327569  0.00761454
           0        -nan        -nan        -nan
           1    0.321014    0.321014           0
           2    0.328978    0.324996  0.00281569
           3    0.352164    0.334052   0.0076286
           4     0.38336    0.346379    0.012112
           5    0.366177    0.350339   0.0103166
           6    0.327878    0.346595  0.00925142
           7    0.302481    0.340293  0.00984499
           8    0.342129    0.340523  0.00861704
           9    0.322557    0.338527   0.0078874
          10    0.356289    0.340303  0.00729594
          11    0.350127    0.341196  0.00668711
          12    0.384819    0.344831  0.00704903
          13    0.302796    0.341598  0.00721036
          14    0.319739    0.340036  0.00686229
          15    0.372129    0.342176  0.00673007
          16    0.278208    0.338178   0.0074023
          17    0.292375    0.335484  0.00744107
          18    0.276344    0.332198  0.00771902
          19    0.289797    0.329966  0.00762852
          20    0.282016    0.327569  0.00761454
          21    0.288635    0.325715  0.00747424
          22     0.35844    0.327202  0.00728102
          23    0.343239      0.3279  0.00699776
          24    0.338153    0.328327  0.00671922
          25    0.275225    0.326203  0.00677787
          26    0.379207    0.328241  0.00681687
          27    0.373465    0.329916  0.00676704
          28    0.213014    0.325741  0.00770642
          29    0.300428    0.324868  0.00748995
          30    0.251501    0.322423  0.00762911
          31    0.254633    0.320236  0.00769002
          32    0.274788    0.318816  0.00757973
          33    0.387004    0.320882  0.00762649
          34    0.340731    0.321466  0.00742449
          35    0.289516    0.320553  0.00726827
          36     0.33985    0.321089  0.00708611
          37    0.370903    0.322435  0.00702132
          38    0.366851    0.323604  0.00693315
          39    0.321792    0.323558  0.00675554
          40    0.312299    0.323276  0.00659251
