           1    0.252348    0.252348           0
           2    0.311232     0.28179   0.0208186
           3     0.27654     0.28004   0.0139524
           4    0.247748    0.271967    0.012585
           5    0.259092    0.269392   0.0103281
           6    0.271724    0.269781  0.00861404
           7    0.266732    0.269345  0.00739447
           8    0.256596    0.267752  0.00663967
           9    0.273788    0.268422  0.00593571
          10    0.250884    0.266668  0.00559524
          11    0.301704    0.269853  0.00592416
          12    0.363956    0.277695   0.0092661
          13    0.264308    0.276666  0.00861036
          14    0.259212    0.275419  0.00808508
          15     0.35446    0.280688  0.00910268
          16    0.274504    0.280302  0.00854196
          17    0.247536    0.278374  0.00825408
          18    0.372616     0.28361  0.00930909
          19     0.28876    0.283881  0.00882309
          20    0.283876    0.283881  0.00838193
           0        -nan        -nan        -nan
           1           0           0           0
           2           0           0           0
           3           0           0           0
           4           0           0           0
           5           0           0           0
           6           0           0           0
           7           0           0           0
           8           0           0           0
           9           0           0           0
          10           0           0           0
          11           0           0           0
          12           0           0           0
          13           0           0           0
          14           0           0           0
          15           0           0           0
          16           0           0           0
          17           0           0           0
          18           0           0           0
          19           0           0           0
          20           0           0           0
           0        -nan        -nan        -nan
           1           0           0           0
           2           0           0           0
           3           0           0           0
           4           0           0           0
           5           0           0           0
           6           0           0           0
           7           0           0           0
           8           0           0           0
           9           0           0           0
          10           0           0           0
          11           0           0           0
          12           0           0           0
          13           0           0           0
          14           0           0           0
          15           0           0           0
          16           0           0           0
          17           0           0           0
          18           0           0           0
          19           0           0           0
          20           0           0           0
           0        -nan        -nan        -nan
           1     0.27654     0.27654           0
           2    0.247748    0.262144   0.0101795
           3    0.259092    0.261127  0.00683699
           4    0.271724    0.263776  0.00561765
           5    0.266732    0.264367  0.00452512
           6    0.256596    0.263072  0.00395195
           7    0.273788    0.264603  0.00367193
           8    0.250884    0.262888  0.00359112
           9    0.301704    0.267201   0.0051695
          10    0.363956    0.276876   0.0102908
          11    0.264308    0.275734  0.00941847
          12    0.259212    0.274357  0.00873366
          13     0.35446    0.280519    0.010002
          14    0.274504    0.280089  0.00929679
          15    0.247536    0.277919  0.00892672
          16    0.372616    0.283837   0.0101428
          17     0.28876    0.284127  0.00955032
          18    0.283876    0.284113  0.00901976
          19    0.324616    0.286245  0.00879333
          20    0.273816    0.285623   0.0083756
           0        -nan        -nan        -nan
           1    0.947652    0.947652           0
           2    0.989944    0.968798   0.0149525
           3    0.962544    0.966713   0.0101126
           4    0.997012    0.974288   0.0100277
           5      0.9969     0.97881  0.00898428
           6    0.990088     0.98069    0.007681
           7    0.959132     0.97761   0.0071746
           8       0.999    0.980284  0.00675764
           9    0.429756    0.919114   0.0579834
          10    0.998896    0.927092   0.0527311
          11    0.976068    0.931545   0.0481249
          12     0.99368    0.936723   0.0443922
          13     0.99356    0.941095   0.0411922
          14      0.9832    0.944102   0.0383595
          15    0.609072    0.921767    0.041802
          16    0.999216    0.926608   0.0394686
          17    0.999212    0.930878   0.0373773
          18    0.997892    0.934601   0.0354857
          19    -0.13644    0.878231   0.0643473
          20    0.984448    0.883542   0.0613487
           0        -nan        -nan        -nan
           1     0.18498     0.18498           0
           2    0.183744    0.184362 0.000436992
           3    0.062452    0.143725    0.033181
           4    0.184188    0.153841   0.0263827
           5    0.104592    0.143991    0.022871
           6    0.131456    0.141902   0.0191544
           7    0.183876    0.147898   0.0173312
           8    0.068532    0.137978   0.0177789
           9    0.082432    0.131806   0.0168407
          10    0.092988    0.127924   0.0155976
          11    0.147092    0.129667   0.0142766
          12    0.157936    0.132022   0.0132798
          13    0.196424    0.136976   0.0131499
          14     0.20542    0.141865   0.0130879
          15    0.145836     0.14213   0.0122181
          16    0.138324    0.141892   0.0114567
          17    0.134728    0.141471   0.0107906
          18    0.096488    0.138972   0.0104765
          19    0.160048    0.140081  0.00998363
          20      0.1478    0.140467  0.00949191
           0        -nan        -nan        -nan
           1     0.27654     0.27654           0
           2    0.247748    0.262144   0.0101795
           3    0.259092    0.261127  0.00683699
           4    0.271724    0.263776  0.00561765
           5    0.266732    0.264367  0.00452512
           6    0.256596    0.263072  0.00395195
           7    0.273788    0.264603  0.00367193
           8    0.250884    0.262888  0.00359112
           9    0.301704    0.267201   0.0051695
          10    0.363956    0.276876   0.0102908
          11    0.264308    0.275734  0.00941847
          12    0.259212    0.274357  0.00873366
          13     0.35446    0.280519    0.010002
          14    0.274504    0.280089  0.00929679
          15    0.247536    0.277919  0.00892672
          16    0.372616    0.283837   0.0101428
          17     0.28876    0.284127  0.00955032
          18    0.283876    0.284113  0.00901976
          19    0.324616    0.286245  0.00879333
          20    0.273816    0.285623   0.0083756
           0        -nan        -nan        -nan
           1     0.27654     0.27654           0
           2    0.247748    0.262144   0.0101795
           3    0.259092    0.261127  0.00683699
           4    0.271724    0.263776  0.00561765
           5    0.266732    0.264367  0.00452512
           6    0.256596    0.263072  0.00395195
           7    0.273788    0.264603  0.00367193
           8    0.250884    0.262888  0.00359112
           9    0.301704    0.267201   0.0051695
          10    0.363956    0.276876   0.0102908
          11    0.264308    0.275734  0.00941847
          12    0.259212    0.274357  0.00873366
          13     0.35446    0.280519    0.010002
          14    0.274504    0.280089  0.00929679
          15    0.247536    0.277919  0.00892672
          16    0.372616    0.283837   0.0101428
          17     0.28876    0.284127  0.00955032
          18    0.283876    0.284113  0.00901976
          19    0.324616    0.286245  0.00879333
          20    0.273816    0.285623   0.0083756
           0        -nan        -nan        -nan
           1    0.247748    0.247748           0
           2    0.259092     0.25342  0.00401071
           3    0.271724    0.259521  0.00565391
           4    0.266732    0.261324  0.00451868
           5    0.256596    0.260378  0.00371257
           6    0.273788    0.262613  0.00370595
           7    0.250884    0.260938   0.0035351
           8    0.301704    0.266033  0.00568235
           9    0.363956    0.276914   0.0114341
          10    0.264308    0.275653     0.01036
          11    0.259212    0.274159  0.00952537
          12     0.35446     0.28085     0.01083
          13    0.274504    0.280362   0.0100079
          14    0.247536    0.278017   0.0095638
          15    0.372616    0.284324   0.0108073
          16     0.28876    0.284601   0.0101354
          17    0.283876    0.284559  0.00953932
          18    0.324616    0.286784  0.00926531
          19    0.273816    0.286101  0.00880276
          20    0.353084    0.289451  0.00897715
           0        -nan        -nan        -nan
           1    0.259092    0.259092           0
           2    0.271724    0.265408  0.00446609
           3    0.266732    0.265849  0.00299912
           4    0.256596    0.263536  0.00301217
           5    0.273788    0.265586  0.00302822
           6    0.250884    0.263136  0.00337222
           7    0.301704    0.268646  0.00586303
           8    0.363956    0.280559   0.0122684
           9    0.264308    0.278754   0.0110374
          10    0.259212      0.2768   0.0101051
          11     0.35446     0.28386   0.0113888
          12    0.274504     0.28308   0.0104664
          13    0.247536    0.280346    0.010012
          14    0.372616    0.286937   0.0112591
          15     0.28876    0.287058   0.0105091
          16    0.283876    0.286859  0.00985419
          17    0.324616     0.28908  0.00952153
          18    0.273816    0.288232  0.00903024
          19    0.353084    0.291645   0.0091774
          20     0.34936    0.294531  0.00916099
           0        -nan        -nan        -nan
           1    0.271852    0.271852           0
           2    0.340224    0.306038   0.0241732
           3    0.204212    0.272096   0.0320585
           4    0.237632     0.26348   0.0251751
           5    0.271148    0.265014   0.0201867
           6     0.25464    0.263285   0.0168961
           7    0.295896    0.267943    0.015111
           8    0.233856    0.263682   0.0138098
           9    0.232704     0.26024   0.0126971
          10    0.213952    0.255612   0.0122421
          11    0.263548    0.256333   0.0111504
          12    0.305688    0.260446   0.0109535
          13    0.258696    0.260311   0.0101118
          14    0.312536    0.264042   0.0100541
          15    0.229372     0.26173  0.00964581
          16    0.340996    0.266684   0.0102364
          17    0.385212    0.273657   0.0117716
          18    0.264416    0.273143   0.0111288
          19    0.353168    0.277355   0.0113121
          20    0.313192    0.279147   0.0108875
          21    0.306684    0.280458   0.0104477
          22    0.271672    0.280059  0.00998041
          23     0.28068    0.280086  0.00954652
          24    0.257428    0.279142  0.00919531
          25    0.284732    0.279365  0.00883022
          26     0.30438    0.280328  0.00854284
          27    0.289732    0.280676  0.00823354
          28    0.305956    0.281579  0.00798883
          29    0.344296    0.283741  0.00800073
          30    0.247032    0.282518  0.00782706
          31    0.260972    0.281823  0.00760537
          32    0.352904    0.284044  0.00768524
          33    0.395516    0.287422  0.00816102
          34    0.367316    0.289772  0.00825236
          35    0.341852     0.29126  0.00814962
          36     0.30436    0.291624  0.00793137
          37    0.251868    0.290549  0.00778945
          38    0.280832    0.290293  0.00758866
          39    0.303132    0.290623  0.00740121
          40     0.25524    0.289738  0.00726885
