           1    0.409611    0.409611           0
           2    0.430287    0.419949  0.00731001
           3    0.404744    0.414881  0.00639336
           4     0.43679    0.420358  0.00674483
           5    0.432288    0.422744  0.00580257
           6    0.402942    0.419444  0.00569721
           7    0.430662    0.421046  0.00510376
           8    0.417716     0.42063  0.00448273
           9    0.416842    0.420209  0.00400436
          10     0.41863    0.420051  0.00360704
          11    0.436608    0.421556  0.00357942
          12    0.403489    0.420051  0.00358382
          13    0.415008    0.419663  0.00332907
          14    0.413903    0.419251   0.0031166
          15    0.417584     0.41914  0.00291081
          16    0.405754    0.418304  0.00284658
          17    0.433883     0.41922   0.0028228
          18    0.431069    0.419878  0.00274165
          19    0.409144    0.419313  0.00265492
          20    0.410581    0.418877  0.00255782
           1    0.409611    0.409611           0
           2    0.430287    0.419949  0.00731001
           3    0.404744    0.414881  0.00639336
           4     0.43679    0.420358  0.00674483
           5    0.432288    0.422744  0.00580257
           6    0.402942    0.419444  0.00569721
           7    0.430662    0.421046  0.00510376
           8    0.417716     0.42063  0.00448273
           9    0.416842    0.420209  0.00400436
          10     0.41863    0.420051  0.00360704
          11    0.436608    0.421556  0.00357942
          12    0.403489    0.420051  0.00358382
          13    0.415008    0.419663  0.00332907
          14    0.413903    0.419251   0.0031166
          15    0.417584     0.41914  0.00291081
          16    0.405754    0.418304  0.00284658
          17    0.433883     0.41922   0.0028228
          18    0.431069    0.419878  0.00274165
          19    0.409144    0.419313  0.00265492
          20    0.410581    0.418877  0.00255782
           0        -nan        -nan        -nan
           1    0.430287    0.430287           0
           2    0.404744    0.417515  0.00903082
           3     0.43679     0.42394  0.00798534
           4    0.432288    0.426027  0.00625577
           5    0.402942     0.42141  0.00648839
           6    0.430662    0.422952  0.00558721
           7    0.417716    0.422204  0.00483886
           8    0.416842    0.421534  0.00428017
           9     0.41863    0.421211  0.00381674
          10    0.436608    0.422751  0.00373272
          11    0.403489       0.421  0.00378187
          12    0.415008      0.4205  0.00349952
          13    0.413903    0.419993  0.00326692
          14    0.417584    0.419821   0.0030381
          15    0.405754    0.418883  0.00297678
          16    0.433883    0.419821  0.00293464
          17    0.431069    0.420482  0.00283562
          18    0.409144    0.419852  0.00274715
          19    0.410581    0.419364  0.00264555
          20    0.422917    0.419542  0.00251923
           0        -nan        -nan        -nan
           1    0.430287    0.430287           0
           2    0.404744    0.417515  0.00903082
           3     0.43679     0.42394  0.00798534
           4    0.432288    0.426027  0.00625577
           5    0.402942     0.42141  0.00648839
           6    0.430662    0.422952  0.00558721
           7    0.417716    0.422204  0.00483886
           8    0.416842    0.421534  0.00428017
           9     0.41863    0.421211  0.00381674
          10    0.436608    0.422751  0.00373272
          11    0.403489       0.421  0.00378187
          12    0.415008      0.4205  0.00349952
          13    0.413903    0.419993  0.00326692
          14    0.417584    0.419821   0.0030381
          15    0.405754    0.418883  0.00297678
          16    0.433883    0.419821  0.00293464
          17    0.431069    0.420482  0.00283562
          18    0.409144    0.419852  0.00274715
          19    0.410581    0.419364  0.00264555
          20    0.422917    0.419542  0.00251923
           0        -nan        -nan        -nan
           1    0.430287    0.430287           0
           2    0.404744    0.417515  0.00903082
           3     0.43679     0.42394  0.00798534
           4    0.432288    0.426027  0.00625577
           5    0.402942     0.42141  0.00648839
           6    0.430662    0.422952  0.00558721
           7    0.417716    0.422204  0.00483886
           8    0.416842    0.421534  0.00428017
           9     0.41863    0.421211  0.00381674
          10    0.436608    0.422751  0.00373272
          11    0.403489       0.421  0.00378187
          12    0.415008      0.4205  0.00349952
          13    0.413903    0.419993  0.00326692
          14    0.417584    0.419821   0.0030381
          15    0.405754    0.418883  0.00297678
          16    0.433883    0.419821  0.00293464
          17    0.431069    0.420482  0.00283562
          18    0.409144    0.419852  0.00274715
          19    0.410581    0.419364  0.00264555
          20    0.422917    0.419542  0.00251923
           0        -nan        -nan        -nan
           1   0.0638546   0.0638546           0
           2   0.0802536   0.0720541  0.00579792
           3   0.0822446   0.0754509  0.00475738
           4   0.0880409   0.0785984   0.0044901
           5     0.09584   0.0820467  0.00473453
           6   0.0915443   0.0836297  0.00420173
           7   0.0819695   0.0833925  0.00360817
           8   0.0756202    0.082421  0.00328535
           9   0.0855323   0.0827667  0.00293844
          10   0.0806393   0.0825539  0.00265229
          11   0.0890723   0.0831465  0.00247648
          12   0.0875318   0.0835119  0.00229691
          13   0.0962047   0.0844883  0.00231847
          14   0.0756991   0.0838605  0.00223625
          15   0.0799349   0.0835988  0.00210243
          16   0.0930322   0.0841884  0.00205203
          17   0.0695519   0.0833274   0.0021042
          18   0.0730938   0.0827589  0.00206268
          19    0.069086   0.0820393  0.00207586
          20   0.0724493   0.0815598  0.00202669
           0        -nan        -nan        -nan
           1    0.430287    0.430287           0
           2    0.404744    0.417515  0.00903082
           3     0.43679     0.42394  0.00798534
           4    0.432288    0.426027  0.00625577
           5    0.402942     0.42141  0.00648839
           6    0.430662    0.422952  0.00558721
           7    0.417716    0.422204  0.00483886
           8    0.416842    0.421534  0.00428017
           9     0.41863    0.421211  0.00381674
          10    0.436608    0.422751  0.00373272
          11    0.403489       0.421  0.00378187
          12    0.415008      0.4205  0.00349952
          13    0.413903    0.419993  0.00326692
          14    0.417584    0.419821   0.0030381
          15    0.405754    0.418883  0.00297678
          16    0.433883    0.419821  0.00293464
          17    0.431069    0.420482  0.00283562
          18    0.409144    0.419852  0.00274715
          19    0.410581    0.419364  0.00264555
          20    0.422917    0.419542  0.00251923
           0        -nan        -nan        -nan
           1    0.430287    0.430287           0
           2    0.404744    0.417515  0.00903082
           3     0.43679     0.42394  0.00798534
           4    0.432288    0.426027  0.00625577
           5    0.402942     0.42141  0.00648839
           6    0.430662    0.422952  0.00558721
           7    0.417716    0.422204  0.00483886
           8    0.416842    0.421534  0.00428017
           9     0.41863    0.421211  0.00381674
          10    0.436608    0.422751  0.00373272
          11    0.403489       0.421  0.00378187
          12    0.415008      0.4205  0.00349952
          13    0.413903    0.419993  0.00326692
          14    0.417584    0.419821   0.0030381
          15    0.405754    0.418883  0.00297678
          16    0.433883    0.419821  0.00293464
          17    0.431069    0.420482  0.00283562
          18    0.409144    0.419852  0.00274715
          19    0.410581    0.419364  0.00264555
          20    0.422917    0.419542  0.00251923
           0        -nan        -nan        -nan
           1    0.430287    0.430287           0
           2    0.404744    0.417515  0.00903082
           3     0.43679     0.42394  0.00798534
           4    0.432288    0.426027  0.00625577
           5    0.402942     0.42141  0.00648839
           6    0.430662    0.422952  0.00558721
           7    0.417716    0.422204  0.00483886
           8    0.416842    0.421534  0.00428017
           9     0.41863    0.421211  0.00381674
          10    0.436608    0.422751  0.00373272
          11    0.403489       0.421  0.00378187
          12    0.415008      0.4205  0.00349952
          13    0.413903    0.419993  0.00326692
          14    0.417584    0.419821   0.0030381
          15    0.405754    0.418883  0.00297678
          16    0.433883    0.419821  0.00293464
          17    0.431069    0.420482  0.00283562
          18    0.409144    0.419852  0.00274715
          19    0.410581    0.419364  0.00264555
          20    0.422917    0.419542  0.00251923
           0        -nan        -nan        -nan
           1    0.404744    0.404744           0
           2     0.43679    0.420767   0.0113299
           3    0.432288    0.424607   0.0081783
           4    0.402942    0.419191  0.00772166
           5    0.430662    0.421485  0.00650923
           6    0.417716    0.420857  0.00545459
           7    0.416842    0.420283  0.00470543
           8     0.41863    0.420077  0.00412178
           9    0.436608    0.421913  0.00405247
          10    0.403489    0.420071  0.00404442
          11    0.415008    0.419611  0.00370284
          12    0.413903    0.419135  0.00342469
          13    0.417584    0.419016  0.00316333
          14    0.405754    0.418068  0.00307595
          15    0.433883    0.419123   0.0030462
          16    0.431069    0.419869  0.00294589
          17    0.409144    0.419238  0.00283935
          18    0.410581    0.418758  0.00272204
          19    0.422917    0.418976  0.00258757
          20    0.420527    0.419054  0.00245935
           0        -nan        -nan        -nan
           1    0.404744    0.404744           0
           2     0.43679    0.420767   0.0113299
           3    0.432288    0.424607   0.0081783
           4    0.402942    0.419191  0.00772166
           5    0.430662    0.421485  0.00650923
           6    0.417716    0.420857  0.00545459
           7    0.416842    0.420283  0.00470543
           8     0.41863    0.420077  0.00412178
           9    0.436608    0.421913  0.00405247
          10    0.403489    0.420071  0.00404442
          11    0.415008    0.419611  0.00370284
          12    0.413903    0.419135  0.00342469
          13    0.417584    0.419016  0.00316333
          14    0.405754    0.418068  0.00307595
          15    0.433883    0.419123   0.0030462
          16    0.431069    0.419869  0.00294589
          17    0.409144    0.419238  0.00283935
          18    0.410581    0.418758  0.00272204
          19    0.422917    0.418976  0.00258757
          20    0.420527    0.419054  0.00245935
           0        -nan        -nan        -nan
           1    0.404744    0.404744           0
           2     0.43679    0.420767   0.0113299
           3    0.432288    0.424607   0.0081783
           4    0.402942    0.419191  0.00772166
           5    0.430662    0.421485  0.00650923
           6    0.417716    0.420857  0.00545459
           7    0.416842    0.420283  0.00470543
           8     0.41863    0.420077  0.00412178
           9    0.436608    0.421913  0.00405247
          10    0.403489    0.420071  0.00404442
          11    0.415008    0.419611  0.00370284
          12    0.413903    0.419135  0.00342469
          13    0.417584    0.419016  0.00316333
          14    0.405754    0.418068  0.00307595
          15    0.433883    0.419123   0.0030462
          16    0.431069    0.419869  0.00294589
          17    0.409144    0.419238  0.00283935
          18    0.410581    0.418758  0.00272204
          19    0.422917    0.418976  0.00258757
          20    0.420527    0.419054  0.00245935
          21    0.424909    0.419333  0.00235799
          22    0.430163    0.419825  0.00230163
          23    0.408734    0.419343  0.00225151
          24    0.404162     0.41871  0.00224479
          25    0.425049    0.418964  0.00216927
          26    0.428102    0.419315  0.00211411
          27    0.413364    0.419095  0.00204727
          28    0.430095    0.419488   0.0020115
          29    0.413019    0.419265  0.00195447
          30    0.414004    0.419089  0.00189717
          31    0.425754    0.419304  0.00184811
          32    0.423747    0.419443  0.00179556
          33    0.414591    0.419296  0.00174716
          34    0.445914    0.420079  0.00186293
          35    0.408111    0.419737  0.00184081
          36    0.426812    0.419934  0.00180014
          37    0.440898      0.4205  0.00183849
          38    0.422664    0.420557  0.00179099
          39    0.412658    0.420355  0.00175649
          40    0.409053    0.420072  0.00173515
           0        -nan        -nan        -nan
           1    0.404744    0.404744           0
           2     0.43679    0.420767   0.0113299
           3    0.432288    0.424607   0.0081783
           4    0.402942    0.419191  0.00772166
           5    0.430662    0.421485  0.00650923
           6    0.417716    0.420857  0.00545459
           7    0.416842    0.420283  0.00470543
           8     0.41863    0.420077  0.00412178
           9    0.436608    0.421913  0.00405247
          10    0.403489    0.420071  0.00404442
          11    0.415008    0.419611  0.00370284
          12    0.413903    0.419135  0.00342469
          13    0.417584    0.419016  0.00316333
          14    0.405754    0.418068  0.00307595
          15    0.433883    0.419123   0.0030462
          16    0.431069    0.419869  0.00294589
          17    0.409144    0.419238  0.00283935
          18    0.410581    0.418758  0.00272204
          19    0.422917    0.418976  0.00258757
          20    0.420527    0.419054  0.00245935
          21    0.424909    0.419333  0.00235799
          22    0.430163    0.419825  0.00230163
          23    0.408734    0.419343  0.00225151
          24    0.404162     0.41871  0.00224479
          25    0.425049    0.418964  0.00216927
          26    0.428102    0.419315  0.00211411
          27    0.413364    0.419095  0.00204727
          28    0.430095    0.419488   0.0020115
          29    0.413019    0.419265  0.00195447
          30    0.414004    0.419089  0.00189717
          31    0.425754    0.419304  0.00184811
          32    0.423747    0.419443  0.00179556
          33    0.414591    0.419296  0.00174716
          34    0.445914    0.420079  0.00186293
          35    0.408111    0.419737  0.00184081
          36    0.426812    0.419934  0.00180014
          37    0.440898      0.4205  0.00183849
          38    0.422664    0.420557  0.00179099
          39    0.412658    0.420355  0.00175649
          40    0.409053    0.420072  0.00173515
          41    0.423788    0.420163  0.00169519
          42    0.412903     0.41999  0.00166362
          43    0.433992    0.420315  0.00165649
          44    0.434496    0.420638   0.0016499
          45    0.412886    0.420465   0.0016222
          46    0.404222    0.420112  0.00162491
          47    0.433082    0.420388   0.0016136
          48    0.417899    0.420336  0.00158082
          49    0.422888    0.420389  0.00154941
          50     0.41101    0.420201  0.00152974
          51    0.413571    0.420071  0.00150525
          52    0.426038    0.420186  0.00148067
          53    0.411292    0.420018  0.00146221
          54    0.425324    0.420116  0.00143843
          55    0.434918    0.420385  0.00143724
          56    0.428995    0.420539  0.00141977
          57    0.420408    0.420537  0.00139487
          58     0.42224    0.420566  0.00137113
          59    0.408406     0.42036  0.00136329
          60     0.42615    0.420457  0.00134398
          61     0.41829    0.420421  0.00132241
          62    0.418113    0.420384  0.00130161
          63    0.404064    0.420125  0.00130647
          64    0.415967     0.42006  0.00128767
          65    0.427532    0.420175  0.00127298
          66    0.419407    0.420163  0.00125375
          67    0.408072    0.419983  0.00124796
          68    0.431808    0.420157  0.00124166
          69    0.414541    0.420075  0.00122633
          70    0.431378    0.420237   0.0012194
          71    0.416754    0.420188  0.00120321
          72    0.414458    0.420108  0.00118912
          73    0.397666    0.419801  0.00121192
          74    0.422537    0.419838  0.00119611
          75    0.416445    0.419792  0.00118102
          76    0.406589    0.419619  0.00117818
          77    0.436437    0.419837  0.00118296
          78    0.430214     0.41997  0.00117525
          79    0.410238    0.419847  0.00116681
          80    0.418237    0.419827   0.0011524
          81    0.410171    0.419708  0.00114432
          82    0.418065    0.419687  0.00113054
          83     0.41258    0.419602  0.00112016
          84    0.437738    0.419818  0.00112744
          85    0.425757    0.419888  0.00111634
          86      0.4363    0.420078  0.00111955
          87    0.416863    0.420042  0.00110729
          88    0.414585     0.41998  0.00109644
          89    0.412949    0.419901  0.00108697
          90    0.417662    0.419876  0.00107517
          91    0.427442    0.419959  0.00106657
          92    0.418904    0.419947  0.00105504
          93    0.411085    0.419852  0.00104799
          94    0.407768    0.419723  0.00104469
          95    0.445196    0.419992  0.00106755
          96    0.420584    0.419998  0.00105645
          97    0.433558    0.420138  0.00105477
          98    0.420536    0.420142  0.00104401
          99    0.427706    0.420218  0.00103626
         100    0.434845    0.420364  0.00103617
           0        -nan        -nan        -nan
           1    0.404744    0.404744           0
           2     0.43679    0.420767   0.0113299
           3    0.432288    0.424607   0.0081783
           4    0.402942    0.419191  0.00772166
           5    0.430662    0.421485  0.00650923
           6    0.417716    0.420857  0.00545459
           7    0.416842    0.420283  0.00470543
           8     0.41863    0.420077  0.00412178
           9    0.436608    0.421913  0.00405247
          10    0.403489    0.420071  0.00404442
          11    0.415008    0.419611  0.00370284
          12    0.413903    0.419135  0.00342469
          13    0.417584    0.419016  0.00316333
          14    0.405754    0.418068  0.00307595
          15    0.433883    0.419123   0.0030462
          16    0.431069    0.419869  0.00294589
          17    0.409144    0.419238  0.00283935
          18    0.410581    0.418758  0.00272204
          19    0.422917    0.418976  0.00258757
          20    0.420527    0.419054  0.00245935
          21    0.424909    0.419333  0.00235799
          22    0.430163    0.419825  0.00230163
          23    0.408734    0.419343  0.00225151
          24    0.404162     0.41871  0.00224479
          25    0.425049    0.418964  0.00216927
          26    0.428102    0.419315  0.00211411
          27    0.413364    0.419095  0.00204727
          28    0.430095    0.419488   0.0020115
          29    0.413019    0.419265  0.00195447
          30    0.414004    0.419089  0.00189717
          31    0.425754    0.419304  0.00184811
          32    0.423747    0.419443  0.00179556
          33    0.414591    0.419296  0.00174716
          34    0.445914    0.420079  0.00186293
          35    0.408111    0.419737  0.00184081
          36    0.426812    0.419934  0.00180014
          37    0.440898      0.4205  0.00183849
          38    0.422664    0.420557  0.00179099
          39    0.412658    0.420355  0.00175649
          40    0.409053    0.420072  0.00173515
