           1   -0.965304   -0.965304           0
           2   -0.981144   -0.973224  0.00560029
           3   -0.976552   -0.974333  0.00384182
           4   -0.971808   -0.973702  0.00293278
           5   -0.969624   -0.972886  0.00245702
           6     -0.9688   -0.972205  0.00213983
           7    -0.96656   -0.971399  0.00198029
           8   -0.975104   -0.971862  0.00178609
           9   -0.978328    -0.97258   0.0017261
          10   -0.971896   -0.972512  0.00155484
          11   -0.973624   -0.972613  0.00141678
          12    -0.97256   -0.972609  0.00129872
          13   -0.973112   -0.972647  0.00119939
          14   -0.964048   -0.972033  0.00126124
          15   -0.976048   -0.972301  0.00120522
          16   -0.975472   -0.972499  0.00114608
          17   -0.971832    -0.97246  0.00107933
          18    -0.97996   -0.972876  0.00109685
          19   -0.977192   -0.973104  0.00106238
          20     -0.9806   -0.973478  0.00107335
           1   -0.965304   -0.965304           0
           2   -0.981144   -0.973224  0.00560029
           3   -0.976552   -0.974333  0.00384182
           4   -0.971808   -0.973702  0.00293278
           5   -0.969624   -0.972886  0.00245702
           6     -0.9688   -0.972205  0.00213983
           7    -0.96656   -0.971399  0.00198029
           8   -0.975104   -0.971862  0.00178609
           9   -0.978328    -0.97258   0.0017261
          10   -0.971896   -0.972512  0.00155484
          11   -0.973624   -0.972613  0.00141678
          12    -0.97256   -0.972609  0.00129872
          13   -0.973112   -0.972647  0.00119939
          14   -0.964048   -0.972033  0.00126124
          15   -0.976048   -0.972301  0.00120522
          16   -0.975472   -0.972499  0.00114608
          17   -0.971832    -0.97246  0.00107933
          18    -0.97996   -0.972876  0.00109685
          19   -0.977192   -0.973104  0.00106238
          20     -0.9806   -0.973478  0.00107335
           0        -nan        -nan        -nan
           1   -0.981144   -0.981144           0
           2   -0.976552   -0.978848  0.00162352
           3   -0.971808   -0.976501  0.00220061
           4   -0.969624   -0.974782  0.00222286
           5     -0.9688   -0.973586  0.00207543
           6    -0.96656   -0.972415  0.00203318
           7   -0.975104   -0.972799  0.00177865
           8   -0.978328    -0.97349  0.00168526
           9   -0.971896   -0.973313  0.00150729
          10   -0.973624   -0.973344  0.00135688
          11    -0.97256   -0.973273   0.0012354
          12   -0.973112   -0.973259  0.00113252
          13   -0.964048   -0.972551  0.00124752
          14   -0.976048   -0.972801  0.00118316
          15   -0.975472   -0.972979  0.00111761
          16   -0.971832   -0.972907  0.00105005
          17    -0.97996   -0.973322   0.0010671
          18   -0.977192   -0.973537  0.00102925
          19     -0.9806   -0.973909  0.00104005
          20   -0.978624   -0.974144  0.00101442
           0        -nan        -nan        -nan
           1   -0.981144   -0.981144           0
           2   -0.976552   -0.978848  0.00162352
           3   -0.971808   -0.976501  0.00220061
           4   -0.969624   -0.974782  0.00222286
           5     -0.9688   -0.973586  0.00207543
           6    -0.96656   -0.972415  0.00203318
           7   -0.975104   -0.972799  0.00177865
           8   -0.978328    -0.97349  0.00168526
           9   -0.971896   -0.973313  0.00150729
          10   -0.973624   -0.973344  0.00135688
          11    -0.97256   -0.973273   0.0012354
          12   -0.973112   -0.973259  0.00113252
          13   -0.964048   -0.972551  0.00124752
          14   -0.976048   -0.972801  0.00118316
          15   -0.975472   -0.972979  0.00111761
          16   -0.971832   -0.972907  0.00105005
          17    -0.97996   -0.973322   0.0010671
          18   -0.977192   -0.973537  0.00102925
          19     -0.9806   -0.973909  0.00104005
          20   -0.978624   -0.974144  0.00101442
           0        -nan        -nan        -nan
           1   -0.981144   -0.981144           0
           2   -0.976552   -0.978848  0.00162352
           3   -0.971808   -0.976501  0.00220061
           4   -0.969624   -0.974782  0.00222286
           5     -0.9688   -0.973586  0.00207543
           6    -0.96656   -0.972415  0.00203318
           7   -0.975104   -0.972799  0.00177865
           8   -0.978328    -0.97349  0.00168526
           9   -0.971896   -0.973313  0.00150729
          10   -0.973624   -0.973344  0.00135688
          11    -0.97256   -0.973273   0.0012354
          12   -0.973112   -0.973259  0.00113252
          13   -0.964048   -0.972551  0.00124752
          14   -0.976048   -0.972801  0.00118316
          15   -0.975472   -0.972979  0.00111761
          16   -0.971832   -0.972907  0.00105005
          17    -0.97996   -0.973322   0.0010671
          18   -0.977192   -0.973537  0.00102925
          19     -0.9806   -0.973909  0.00104005
          20   -0.978624   -0.974144  0.00101442
           0        -nan        -nan        -nan
           1          -1          -1           0
           2          -1          -1           0
           3          -1          -1           0
           4   -0.999936   -0.999984 1.38564e-05
           5          -1   -0.999987 1.14487e-05
           6          -1   -0.999989 9.73729e-06
           7          -1   -0.999991 8.46464e-06
           8          -1   -0.999992 7.48331e-06
           9          -1   -0.999993 6.70442e-06
          10          -1   -0.999994 6.07157e-06
          11          -1   -0.999994 5.54742e-06
          12          -1   -0.999995 5.10628e-06
          13          -1   -0.999995 4.72994e-06
          14          -1   -0.999995 4.40514e-06
          15          -1   -0.999996 4.12199e-06
          16          -1   -0.999996 3.87298e-06
          17          -1   -0.999996  3.6523e-06
          18          -1   -0.999996 3.45538e-06
          19          -1   -0.999997 3.27858e-06
          20          -1   -0.999997 3.11897e-06
           0        -nan        -nan        -nan
           1   -0.981144   -0.981144           0
           2   -0.976552   -0.978848  0.00162352
           3   -0.971808   -0.976501  0.00220061
           4   -0.969624   -0.974782  0.00222286
           5     -0.9688   -0.973586  0.00207543
           6    -0.96656   -0.972415  0.00203318
           7   -0.975104   -0.972799  0.00177865
           8   -0.978328    -0.97349  0.00168526
           9   -0.971896   -0.973313  0.00150729
          10   -0.973624   -0.973344  0.00135688
          11    -0.97256   -0.973273   0.0012354
          12   -0.973112   -0.973259  0.00113252
          13   -0.964048   -0.972551  0.00124752
          14   -0.976048   -0.972801  0.00118316
          15   -0.975472   -0.972979  0.00111761
          16   -0.971832   -0.972907  0.00105005
          17    -0.97996   -0.973322   0.0010671
          18   -0.977192   -0.973537  0.00102925
          19     -0.9806   -0.973909  0.00104005
          20   -0.978624   -0.974144  0.00101442
           0        -nan        -nan        -nan
           1   -0.981144   -0.981144           0
           2   -0.976552   -0.978848  0.00162352
           3   -0.971808   -0.976501  0.00220061
           4   -0.969624   -0.974782  0.00222286
           5     -0.9688   -0.973586  0.00207543
           6    -0.96656   -0.972415  0.00203318
           7   -0.975104   -0.972799  0.00177865
           8   -0.978328    -0.97349  0.00168526
           9   -0.971896   -0.973313  0.00150729
          10   -0.973624   -0.973344  0.00135688
          11    -0.97256   -0.973273   0.0012354
          12   -0.973112   -0.973259  0.00113252
          13   -0.964048   -0.972551  0.00124752
          14   -0.976048   -0.972801  0.00118316
          15   -0.975472   -0.972979  0.00111761
          16   -0.971832   -0.972907  0.00105005
          17    -0.97996   -0.973322   0.0010671
          18   -0.977192   -0.973537  0.00102925
          19     -0.9806   -0.973909  0.00104005
          20   -0.978624   -0.974144  0.00101442
           0        -nan        -nan        -nan
           1   -0.981144   -0.981144           0
           2   -0.976552   -0.978848  0.00162352
           3   -0.971808   -0.976501  0.00220061
           4   -0.969624   -0.974782  0.00222286
           5     -0.9688   -0.973586  0.00207543
           6    -0.96656   -0.972415  0.00203318
           7   -0.975104   -0.972799  0.00177865
           8   -0.978328    -0.97349  0.00168526
           9   -0.971896   -0.973313  0.00150729
          10   -0.973624   -0.973344  0.00135688
          11    -0.97256   -0.973273   0.0012354
          12   -0.973112   -0.973259  0.00113252
          13   -0.964048   -0.972551  0.00124752
          14   -0.976048   -0.972801  0.00118316
          15   -0.975472   -0.972979  0.00111761
          16   -0.971832   -0.972907  0.00105005
          17    -0.97996   -0.973322   0.0010671
          18   -0.977192   -0.973537  0.00102925
          19     -0.9806   -0.973909  0.00104005
          20   -0.978624   -0.974144  0.00101442
           0        -nan        -nan        -nan
           1   -0.976552   -0.976552           0
           2   -0.971808    -0.97418  0.00167726
           3   -0.969624   -0.972661  0.00166969
           4     -0.9688   -0.971696  0.00150568
           5    -0.96656   -0.970669  0.00151494
           6   -0.975104   -0.971408  0.00143148
           7   -0.978328   -0.972397  0.00153073
           8   -0.971896   -0.972334  0.00134067
           9   -0.973624   -0.972477  0.00119934
          10    -0.97256   -0.972486  0.00107944
          11   -0.973112   -0.972543 0.000982808
          12   -0.964048   -0.971835  0.00112737
          13   -0.976048   -0.972159  0.00108624
          14   -0.975472   -0.972395  0.00103411
          15   -0.971832   -0.972358 0.000965852
          16    -0.97996   -0.972833  0.00101565
          17   -0.977192   -0.973089 0.000987744
          18     -0.9806   -0.973507  0.00101719
          19   -0.978624   -0.973776 0.000998674
          20   -0.978256      -0.974 0.000973538
           0        -nan        -nan        -nan
           1   -0.976552   -0.976552           0
           2   -0.971808    -0.97418  0.00167726
           3   -0.969624   -0.972661  0.00166969
           4     -0.9688   -0.971696  0.00150568
           5    -0.96656   -0.970669  0.00151494
           6   -0.975104   -0.971408  0.00143148
           7   -0.978328   -0.972397  0.00153073
           8   -0.971896   -0.972334  0.00134067
           9   -0.973624   -0.972477  0.00119934
          10    -0.97256   -0.972486  0.00107944
          11   -0.973112   -0.972543 0.000982808
          12   -0.964048   -0.971835  0.00112737
          13   -0.976048   -0.972159  0.00108624
          14   -0.975472   -0.972395  0.00103411
          15   -0.971832   -0.972358 0.000965852
          16    -0.97996   -0.972833  0.00101565
          17   -0.977192   -0.973089 0.000987744
          18     -0.9806   -0.973507  0.00101719
          19   -0.978624   -0.973776 0.000998674
          20   -0.978256      -0.974 0.000973538
           0        -nan        -nan        -nan
           1   -0.976552   -0.976552           0
           2   -0.971808    -0.97418  0.00167726
           3   -0.969624   -0.972661  0.00166969
           4     -0.9688   -0.971696  0.00150568
           5    -0.96656   -0.970669  0.00151494
           6   -0.975104   -0.971408  0.00143148
           7   -0.978328   -0.972397  0.00153073
           8   -0.971896   -0.972334  0.00134067
           9   -0.973624   -0.972477  0.00119934
          10    -0.97256   -0.972486  0.00107944
          11   -0.973112   -0.972543 0.000982808
          12   -0.964048   -0.971835  0.00112737
          13   -0.976048   -0.972159  0.00108624
          14   -0.975472   -0.972395  0.00103411
          15   -0.971832   -0.972358 0.000965852
          16    -0.97996   -0.972833  0.00101565
          17   -0.977192   -0.973089 0.000987744
          18     -0.9806   -0.973507  0.00101719
          19   -0.978624   -0.973776 0.000998674
          20   -0.978256      -0.974 0.000973538
          21   -0.979184   -0.974247 0.000957965
          22   -0.969656   -0.974038 0.000936874
          23   -0.971824   -0.973942 0.000901072
          24   -0.972552   -0.973884 0.000865387
          25    -0.97756   -0.974031 0.000843171
          26   -0.963528   -0.973627 0.000902336
          27   -0.973104   -0.973608 0.000869125
          28   -0.985296   -0.974025 0.000932962
          29   -0.975736   -0.974084 0.000902654
          30   -0.981984   -0.974347 0.000910165
          31   -0.982552   -0.974612 0.000918479
          32    -0.97868   -0.974739 0.000898531
          33   -0.962832   -0.974378 0.000940967
          34   -0.970432   -0.974262 0.000920422
          35   -0.978696   -0.974389 0.000902799
          36    -0.97252   -0.974337 0.000879213
          37    -0.97092   -0.974245 0.000860288
          38   -0.970792   -0.974154 0.000842433
          39      -0.976   -0.974201 0.000822161
          40   -0.974448   -0.974207  0.00080163
