           1    0.271143    0.271143           0
           2    0.273017     0.27208 0.000662623
           3    0.265093    0.269751  0.00195209
           4    0.276271    0.271381  0.00203368
           5    0.278151    0.272735  0.00202822
           6    0.268937    0.272102  0.00178625
           7    0.266701     0.27133  0.00168949
           8    0.270687     0.27125  0.00148021
           9    0.265104    0.270567  0.00146484
          10    0.269066    0.270417  0.00132602
          11    0.273522    0.270699  0.00123515
          12    0.268062    0.270479  0.00115161
          13    0.268226    0.270306  0.00107599
          14    0.272109    0.270435  0.00100681
          15    0.266547    0.270176 0.000972485
          16    0.273514    0.270384 0.000933822
          17    0.265688    0.270108 0.000918854
          18    0.270839    0.270149 0.000868704
          19    0.267807    0.270025 0.000831678
          20    0.269685    0.270008 0.000790268
           1    0.271143    0.271143           0
           2    0.273017     0.27208 0.000662623
           3    0.265093    0.269751  0.00195209
           4    0.276271    0.271381  0.00203368
           5    0.278151    0.272735  0.00202822
           6    0.268937    0.272102  0.00178625
           7    0.266701     0.27133  0.00168949
           8    0.270687     0.27125  0.00148021
           9    0.265104    0.270567  0.00146484
          10    0.269066    0.270417  0.00132602
          11    0.273522    0.270699  0.00123515
          12    0.268062    0.270479  0.00115161
          13    0.268226    0.270306  0.00107599
          14    0.272109    0.270435  0.00100681
          15    0.266547    0.270176 0.000972485
          16    0.273514    0.270384 0.000933822
          17    0.265688    0.270108 0.000918854
          18    0.270839    0.270149 0.000868704
          19    0.267807    0.270025 0.000831678
          20    0.269685    0.270008 0.000790268
           0        -nan        -nan        -nan
           1    0.273017    0.273017           0
           2    0.265093    0.269055  0.00280136
           3    0.276271     0.27146  0.00271002
           4    0.278151    0.273133  0.00249591
           5    0.268937    0.272294  0.00213317
           6    0.266701    0.271362  0.00197078
           7    0.270687    0.271265  0.00169159
           8    0.265104    0.270495  0.00164618
           9    0.269066    0.270336  0.00147091
          10    0.273522    0.270655  0.00135787
          11    0.268062    0.270419  0.00125472
          12    0.268226    0.270236  0.00116339
          13    0.272109     0.27038  0.00108278
          14    0.266547    0.270107  0.00103949
          15    0.273514    0.270334 0.000994707
          16    0.265688    0.270043 0.000974004
          17    0.270839     0.27009 0.000917834
          18    0.267807    0.269963 0.000875563
          19    0.269685    0.269949 0.000829603
          20    0.275105    0.270207 0.000827214
           0        -nan        -nan        -nan
           1    0.273017    0.273017           0
           2    0.265093    0.269055  0.00280136
           3    0.276271     0.27146  0.00271002
           4    0.278151    0.273133  0.00249591
           5    0.268937    0.272294  0.00213317
           6    0.266701    0.271362  0.00197078
           7    0.270687    0.271265  0.00169159
           8    0.265104    0.270495  0.00164618
           9    0.269066    0.270336  0.00147091
          10    0.273522    0.270655  0.00135787
          11    0.268062    0.270419  0.00125472
          12    0.268226    0.270236  0.00116339
          13    0.272109     0.27038  0.00108278
          14    0.266547    0.270107  0.00103949
          15    0.273514    0.270334 0.000994707
          16    0.265688    0.270043 0.000974004
          17    0.270839     0.27009 0.000917834
          18    0.267807    0.269963 0.000875563
          19    0.269685    0.269949 0.000829603
          20    0.275105    0.270207 0.000827214
           0        -nan        -nan        -nan
           1    0.273017    0.273017           0
           2    0.265093    0.269055  0.00280136
           3    0.276271     0.27146  0.00271002
           4    0.278151    0.273133  0.00249591
           5    0.268937    0.272294  0.00213317
           6    0.266701    0.271362  0.00197078
           7    0.270687    0.271265  0.00169159
           8    0.265104    0.270495  0.00164618
           9    0.269066    0.270336  0.00147091
          10    0.273522    0.270655  0.00135787
          11    0.268062    0.270419  0.00125472
          12    0.268226    0.270236  0.00116339
          13    0.272109     0.27038  0.00108278
          14    0.266547    0.270107  0.00103949
          15    0.273514    0.270334 0.000994707
          16    0.265688    0.270043 0.000974004
          17    0.270839     0.27009 0.000917834
          18    0.267807    0.269963 0.000875563
          19    0.269685    0.269949 0.000829603
          20    0.275105    0.270207 0.000827214
           0        -nan        -nan        -nan
           1    0.115443    0.115443           0
           2    0.108826    0.112135  0.00233936
           3    0.119111     0.11446  0.00245712
           4    0.110114    0.113374   0.0020692
           5    0.108605     0.11242  0.00186224
           6    0.118136    0.113373  0.00177893
           7    0.107566    0.112543  0.00170727
           8    0.116026    0.112978  0.00154839
           9    0.113799     0.11307  0.00137903
          10    0.113791    0.113142  0.00124301
          11    0.109427    0.112804  0.00117499
          12    0.107774    0.112385  0.00114941
          13    0.108096    0.112055  0.00110733
          14    0.112167    0.112063  0.00102826
          15    0.120223    0.112607   0.0010942
          16    0.112183    0.112581  0.00102614
          17    0.108111    0.112318 0.000998886
          18     0.10987    0.112182 0.000952604
          19     0.11172    0.112157 0.000902777
          20    0.105398    0.111819 0.000918716
           0        -nan        -nan        -nan
           1    0.273017    0.273017           0
           2    0.265093    0.269055  0.00280136
           3    0.276271     0.27146  0.00271002
           4    0.278151    0.273133  0.00249591
           5    0.268937    0.272294  0.00213317
           6    0.266701    0.271362  0.00197078
           7    0.270687    0.271265  0.00169159
           8    0.265104    0.270495  0.00164618
           9    0.269066    0.270336  0.00147091
          10    0.273522    0.270655  0.00135787
          11    0.268062    0.270419  0.00125472
          12    0.268226    0.270236  0.00116339
          13    0.272109     0.27038  0.00108278
          14    0.266547    0.270107  0.00103949
          15    0.273514    0.270334 0.000994707
          16    0.265688    0.270043 0.000974004
          17    0.270839     0.27009 0.000917834
          18    0.267807    0.269963 0.000875563
          19    0.269685    0.269949 0.000829603
          20    0.275105    0.270207 0.000827214
           0        -nan        -nan        -nan
           1    0.273017    0.273017           0
           2    0.265093    0.269055  0.00280136
           3    0.276271     0.27146  0.00271002
           4    0.278151    0.273133  0.00249591
           5    0.268937    0.272294  0.00213317
           6    0.266701    0.271362  0.00197078
           7    0.270687    0.271265  0.00169159
           8    0.265104    0.270495  0.00164618
           9    0.269066    0.270336  0.00147091
          10    0.273522    0.270655  0.00135787
          11    0.268062    0.270419  0.00125472
          12    0.268226    0.270236  0.00116339
          13    0.272109     0.27038  0.00108278
          14    0.266547    0.270107  0.00103949
          15    0.273514    0.270334 0.000994707
          16    0.265688    0.270043 0.000974004
          17    0.270839     0.27009 0.000917834
          18    0.267807    0.269963 0.000875563
          19    0.269685    0.269949 0.000829603
          20    0.275105    0.270207 0.000827214
           0        -nan        -nan        -nan
           1    0.273017    0.273017           0
           2    0.265093    0.269055  0.00280136
           3    0.276271     0.27146  0.00271002
           4    0.278151    0.273133  0.00249591
           5    0.268937    0.272294  0.00213317
           6    0.266701    0.271362  0.00197078
           7    0.270687    0.271265  0.00169159
           8    0.265104    0.270495  0.00164618
           9    0.269066    0.270336  0.00147091
          10    0.273522    0.270655  0.00135787
          11    0.268062    0.270419  0.00125472
          12    0.268226    0.270236  0.00116339
          13    0.272109     0.27038  0.00108278
          14    0.266547    0.270107  0.00103949
          15    0.273514    0.270334 0.000994707
          16    0.265688    0.270043 0.000974004
          17    0.270839     0.27009 0.000917834
          18    0.267807    0.269963 0.000875563
          19    0.269685    0.269949 0.000829603
          20    0.275105    0.270207 0.000827214
           0        -nan        -nan        -nan
           1    0.265093    0.265093           0
           2    0.276271    0.270682  0.00395168
           3    0.278151    0.273172  0.00332758
           4    0.268937    0.272113  0.00265879
           5    0.266701    0.271031  0.00233696
           6    0.270687    0.270973  0.00194817
           7    0.265104    0.270135  0.00184151
           8    0.269066    0.270001  0.00161615
           9    0.273522    0.270392  0.00148317
          10    0.268062    0.270159  0.00135304
          11    0.268226    0.269984  0.00124139
          12    0.272109    0.270161  0.00115051
          13    0.266547    0.269883  0.00109508
          14    0.273514    0.270142  0.00104713
          15    0.265688    0.269845  0.00101856
          16    0.270839    0.269907 0.000956797
          17    0.267807    0.269784 0.000908455
          18    0.269685    0.269778 0.000858002
          19    0.275105    0.270059 0.000857426
          20    0.271018    0.270107 0.000815895
           0        -nan        -nan        -nan
           1    0.265093    0.265093           0
           2    0.276271    0.270682  0.00395168
           3    0.278151    0.273172  0.00332758
           4    0.268937    0.272113  0.00265879
           5    0.266701    0.271031  0.00233696
           6    0.270687    0.270973  0.00194817
           7    0.265104    0.270135  0.00184151
           8    0.269066    0.270001  0.00161615
           9    0.273522    0.270392  0.00148317
          10    0.268062    0.270159  0.00135304
          11    0.268226    0.269984  0.00124139
          12    0.272109    0.270161  0.00115051
          13    0.266547    0.269883  0.00109508
          14    0.273514    0.270142  0.00104713
          15    0.265688    0.269845  0.00101856
          16    0.270839    0.269907 0.000956797
          17    0.267807    0.269784 0.000908455
          18    0.269685    0.269778 0.000858002
          19    0.275105    0.270059 0.000857426
          20    0.271018    0.270107 0.000815895
           0        -nan        -nan        -nan
           1    0.265093    0.265093           0
           2    0.276271    0.270682  0.00395168
           3    0.278151    0.273172  0.00332758
           4    0.268937    0.272113  0.00265879
           5    0.266701    0.271031  0.00233696
           6    0.270687    0.270973  0.00194817
           7    0.265104    0.270135  0.00184151
           8    0.269066    0.270001  0.00161615
           9    0.273522    0.270392  0.00148317
          10    0.268062    0.270159  0.00135304
          11    0.268226    0.269984  0.00124139
          12    0.272109    0.270161  0.00115051
          13    0.266547    0.269883  0.00109508
          14    0.273514    0.270142  0.00104713
          15    0.265688    0.269845  0.00101856
          16    0.270839    0.269907 0.000956797
          17    0.267807    0.269784 0.000908455
          18    0.269685    0.269778 0.000858002
          19    0.275105    0.270059 0.000857426
          20    0.271018    0.270107 0.000815895
          21    0.280063    0.270581  0.00090437
          22    0.271487    0.270622 0.000864199
          23    0.267291    0.270477 0.000838669
          24    0.272859    0.270576 0.000809578
          25    0.278117    0.270878 0.000831494
          26    0.273053    0.270962 0.000803712
          27    0.270444    0.270943 0.000774173
          28    0.269351    0.270886 0.000748607
          29     0.27948    0.271182 0.000779249
          30    0.267781    0.271069 0.000761476
          31    0.265627    0.270893 0.000756872
          32    0.269643    0.270854 0.000734227
          33    0.264598    0.270665 0.000736046
          34    0.267152    0.270561  0.00072161
          35    0.272037    0.270603 0.000702223
          36    0.265766    0.270469 0.000695457
          37    0.268226    0.270408 0.000679298
          38      0.2801    0.270663 0.000707685
          39    0.269771    0.270641 0.000689909
          40    0.269915    0.270622   0.0006729
