           1     0.08434     0.08434           0
           2    0.078464    0.081402  0.00207748
           3    0.088792   0.0838653  0.00244203
           4    0.098992    0.087647  0.00375236
           5    0.094092    0.088936  0.00321568
           6    0.105732   0.0917353  0.00370286
           7    0.073284   0.0890994  0.00400362
           8    0.057992    0.085211  0.00504996
           9    0.088396   0.0855649  0.00450123
          10    0.103084   0.0873168  0.00437878
          11    0.054408   0.0843251  0.00489722
          12    0.080668   0.0840203  0.00449859
          13    0.100672   0.0853012  0.00433106
          14    0.090648   0.0856831   0.0040385
          15      0.0883   0.0858576  0.00377304
          16     0.07932    0.085449  0.00355928
          17    0.094092   0.0859574  0.00338603
          18    0.084852    0.085896  0.00319847
          19    0.061808   0.0846282  0.00327175
          20     0.09098   0.0849458  0.00312354
           0        -nan        -nan        -nan
           1           0           0           0
           2           0           0           0
           3           0           0           0
           4           0           0           0
           5           0           0           0
           6           0           0           0
           7           0           0           0
           8           0           0           0
           9           0           0           0
          10           0           0           0
          11           0           0           0
          12           0           0           0
          13           0           0           0
          14           0           0           0
          15           0           0           0
          16           0           0           0
          17           0           0           0
          18           0           0           0
          19           0           0           0
          20           0           0           0
           0        -nan        -nan        -nan
           1           0           0           0
           2           0           0           0
           3           0           0           0
           4           0           0           0
           5           0           0           0
           6           0           0           0
           7           0           0           0
           8           0           0           0
           9           0           0           0
          10           0           0           0
          11           0           0           0
          12           0           0           0
          13           0           0           0
          14           0           0           0
          15           0           0           0
          16           0           0           0
          17           0           0           0
          18           0           0           0
          19           0           0           0
          20           0           0           0
           0        -nan        -nan        -nan
           1    0.088792    0.088792           0
           2    0.098992    0.093892  0.00360624
           3    0.094092   0.0939587  0.00240478
           4    0.105732    0.096902  0.00312255
           5    0.073284   0.0921784  0.00490817
           6    0.057992   0.0864807  0.00661685
           7    0.088396   0.0867543  0.00567724
           8    0.103084   0.0887955   0.0053219
           9    0.054408   0.0849747  0.00594601
          10    0.080668    0.084544  0.00536699
          11    0.100672   0.0860102   0.0050754
          12    0.090648   0.0863967  0.00466714
          13      0.0883   0.0865431  0.00431043
          14     0.07932   0.0860271   0.0040333
          15    0.094092   0.0865648  0.00380008
          16    0.084852   0.0864577  0.00356408
          17    0.061808   0.0850078  0.00363744
          18     0.09098   0.0853396  0.00345046
          19     0.10328   0.0862838   0.0033956
          20    0.089644   0.0864518  0.00322997
           0        -nan        -nan        -nan
           1    0.330816    0.330816           0
           2    0.419252    0.375034   0.0312668
           3    0.429536    0.393201   0.0255838
           4    0.338744    0.379587   0.0225208
           5    0.374428    0.378555   0.0180403
           6    0.436228    0.388167   0.0174069
           7    0.237044    0.366578   0.0249423
           8    0.416964    0.372876   0.0226057
           9    0.429912    0.379214   0.0209634
          10    0.520488    0.393341   0.0231429
          11    0.184996    0.374401   0.0277267
          12    0.474664    0.382756   0.0266453
          13    0.303636     0.37667   0.0252812
          14    0.438372    0.381077   0.0238564
          15    0.575008    0.394006   0.0255301
          16    0.575104    0.405324   0.0263242
          17    0.446332    0.407737    0.024886
          18    0.442952    0.409693   0.0235802
          19     0.68958    0.424424   0.0265446
          20    0.331232    0.419764    0.025623
           0        -nan        -nan        -nan
           1    0.040372    0.040372           0
           2    0.050776    0.045574  0.00367837
           3    0.040164   0.0437707  0.00286034
           4    0.031472    0.040696   0.0034194
           5    0.035076    0.039572  0.00291441
           6    0.064596   0.0437427  0.00451595
           7    0.062752   0.0464583  0.00461566
           8    0.075096    0.050038   0.0052463
           9    0.030276   0.0478422  0.00510224
          10    0.037004   0.0467584  0.00470572
          11    0.052516   0.0472818  0.00430694
          12    0.024432   0.0453777  0.00434863
          13     0.04928   0.0456778  0.00402446
          14    0.024396   0.0441577  0.00401384
          15    0.040896   0.0439403  0.00375214
          16    0.057292   0.0447748  0.00360923
          17    0.018328   0.0432191  0.00371711
          18    0.045752   0.0433598  0.00351327
          19    0.064108   0.0444518  0.00349395
          20    0.044092   0.0444338   0.0033193
           0        -nan        -nan        -nan
           1    0.088792    0.088792           0
           2    0.098992    0.093892  0.00360624
           3    0.094092   0.0939587  0.00240478
           4    0.105732    0.096902  0.00312255
           5    0.073284   0.0921784  0.00490817
           6    0.057992   0.0864807  0.00661685
           7    0.088396   0.0867543  0.00567724
           8    0.103084   0.0887955   0.0053219
           9    0.054408   0.0849747  0.00594601
          10    0.080668    0.084544  0.00536699
          11    0.100672   0.0860102   0.0050754
          12    0.090648   0.0863967  0.00466714
          13      0.0883   0.0865431  0.00431043
          14     0.07932   0.0860271   0.0040333
          15    0.094092   0.0865648  0.00380008
          16    0.084852   0.0864577  0.00356408
          17    0.061808   0.0850078  0.00363744
          18     0.09098   0.0853396  0.00345046
          19     0.10328   0.0862838   0.0033956
          20    0.089644   0.0864518  0.00322997
           0        -nan        -nan        -nan
           1    0.088792    0.088792           0
           2    0.098992    0.093892  0.00360624
           3    0.094092   0.0939587  0.00240478
           4    0.105732    0.096902  0.00312255
           5    0.073284   0.0921784  0.00490817
           6    0.057992   0.0864807  0.00661685
           7    0.088396   0.0867543  0.00567724
           8    0.103084   0.0887955   0.0053219
           9    0.054408   0.0849747  0.00594601
          10    0.080668    0.084544  0.00536699
          11    0.100672   0.0860102   0.0050754
          12    0.090648   0.0863967  0.00466714
          13      0.0883   0.0865431  0.00431043
          14     0.07932   0.0860271   0.0040333
          15    0.094092   0.0865648  0.00380008
          16    0.084852   0.0864577  0.00356408
          17    0.061808   0.0850078  0.00363744
          18     0.09098   0.0853396  0.00345046
          19     0.10328   0.0862838   0.0033956
          20    0.089644   0.0864518  0.00322997
           0        -nan        -nan        -nan
           1    0.098992    0.098992           0
           2    0.094092    0.096542  0.00173241
           3    0.105732   0.0996053  0.00275498
           4    0.073284    0.093025  0.00606176
           5    0.057992   0.0860184  0.00792406
           6    0.088396   0.0864147  0.00661328
           7    0.103084    0.088796  0.00608217
           8    0.054408   0.0844975  0.00667009
           9    0.080668    0.084072  0.00594253
          10    0.100672    0.085732  0.00557531
          11    0.090648   0.0861789  0.00508634
          12      0.0883   0.0863557  0.00466555
          13     0.07932   0.0858145  0.00433794
          14    0.094092   0.0864057  0.00406818
          15    0.084852   0.0863021  0.00379829
          16    0.061808   0.0847713  0.00385708
          17     0.09098   0.0851365  0.00364745
          18     0.10328   0.0861444  0.00358138
          19    0.089644   0.0863286  0.00339762
          20     0.08886   0.0864552   0.0032301
           0        -nan        -nan        -nan
           1    0.094092    0.094092           0
           2    0.105732    0.099912  0.00411536
           3    0.073284    0.091036  0.00774916
           4    0.057992    0.082775  0.00921742
           5    0.088396   0.0838992  0.00744218
           6    0.103084   0.0870967  0.00685437
           7    0.054408   0.0824269  0.00729448
           8    0.080668    0.082207  0.00638598
           9    0.100672   0.0842587  0.00599696
          10    0.090648   0.0848976  0.00543119
          11      0.0883   0.0852069  0.00494625
          12     0.07932   0.0847163  0.00455832
          13    0.094092   0.0854375  0.00426435
          14    0.084852   0.0853957  0.00395996
          15    0.061808   0.0838232  0.00399601
          16     0.09098   0.0842705  0.00377121
          17     0.10328   0.0853887  0.00371146
          18    0.089644   0.0856251  0.00351278
          19     0.08886   0.0857954  0.00333202
          20     0.09298   0.0861546  0.00318473
           0        -nan        -nan        -nan
           1    0.088292    0.088292           0
           2    0.086388     0.08734 0.000673166
           3     0.06934     0.08134  0.00491949
           4    0.116028    0.090012  0.00836755
           5     0.10274   0.0925576  0.00707066
           6    0.074944    0.089622    0.006473
           7    0.100432   0.0911663  0.00572954
           8     0.06282    0.087623  0.00600992
           9    0.099208   0.0889102  0.00547827
          10    0.099456   0.0899648  0.00503092
          11     0.09162   0.0901153  0.00457581
          12    0.078424    0.089141  0.00429696
          13      0.1017   0.0901071  0.00407358
          14    0.089332   0.0900517  0.00378299
          15    0.084656    0.089692  0.00354785
          16    0.090136   0.0897197  0.00332622
          17    0.105496   0.0906478  0.00325744
          18     0.08188   0.0901607  0.00311268
          19    0.080016   0.0896267   0.0029943
          20    0.087844   0.0895376  0.00284591
          21     0.09464   0.0897806  0.00272074
          22    0.078676   0.0892758  0.00264348
          23    0.101592   0.0898113  0.00258221
          24    0.075268   0.0892053  0.00254473
          25    0.089696    0.089225  0.00244302
          26    0.095264   0.0894572  0.00236007
          27    0.092992   0.0895881  0.00227629
          28     0.09708   0.0898557  0.00221066
          29    0.088184   0.0897981  0.00213518
          30    0.095896   0.0900013  0.00207366
          31    0.086904   0.0899014  0.00200918
          32    0.056988   0.0888729  0.00219392
          33      0.0926   0.0889858  0.00213034
          34     0.09602   0.0891927  0.00207771
          35    0.083608   0.0890331  0.00202446
          36     0.08546   0.0889339  0.00197066
          37     0.11212   0.0895605  0.00201457
          38     0.08376   0.0894079  0.00196733
          39    0.093976    0.089525  0.00192037
          40    0.080428   0.0892976  0.00188578
