           1   -0.804112   -0.804112           0
           2   -0.804664   -0.804388 0.000195161
           3   -0.807456   -0.805411  0.00084508
           4   -0.801456   -0.804422  0.00106528
           5   -0.805688   -0.804675 0.000881798
           6   -0.804984   -0.804727 0.000736332
           7      -0.803    -0.80448 0.000671187
           8     -0.8062   -0.804695  0.00062077
           9   -0.802136   -0.804411 0.000613466
          10   -0.804864   -0.804456 0.000553792
          11   -0.801072   -0.804148 0.000582662
          12   -0.811608    -0.80477 0.000799687
          13   -0.801376   -0.804509 0.000779626
          14    -0.80956    -0.80487 0.000803094
          15    -0.80144   -0.804641 0.000781426
          16   -0.806016   -0.804727 0.000737296
          17   -0.804288   -0.804701 0.000694378
          18   -0.802288   -0.804567 0.000668618
          19   -0.804496   -0.804563 0.000633438
          20   -0.808168   -0.804744 0.000626883
           1   -0.804112   -0.804112           0
           2   -0.804664   -0.804388 0.000195161
           3   -0.807456   -0.805411  0.00084508
           4   -0.801456   -0.804422  0.00106528
           5   -0.805688   -0.804675 0.000881798
           6   -0.804984   -0.804727 0.000736332
           7      -0.803    -0.80448 0.000671187
           8     -0.8062   -0.804695  0.00062077
           9   -0.802136   -0.804411 0.000613466
          10   -0.804864   -0.804456 0.000553792
          11   -0.801072   -0.804148 0.000582662
          12   -0.811608    -0.80477 0.000799687
          13   -0.801376   -0.804509 0.000779626
          14    -0.80956    -0.80487 0.000803094
          15    -0.80144   -0.804641 0.000781426
          16   -0.806016   -0.804727 0.000737296
          17   -0.804288   -0.804701 0.000694378
          18   -0.802288   -0.804567 0.000668618
          19   -0.804496   -0.804563 0.000633438
          20   -0.808168   -0.804744 0.000626883
           0        -nan        -nan        -nan
           1   -0.804664   -0.804664           0
           2   -0.807456    -0.80606 0.000987121
           3   -0.801456   -0.804525  0.00141535
           4   -0.805688   -0.804816  0.00109095
           5   -0.804984    -0.80485 0.000873276
           6      -0.803   -0.804541 0.000780244
           7     -0.8062   -0.804778 0.000703842
           8   -0.802136   -0.804448 0.000689012
           9   -0.804864   -0.804494 0.000614004
          10   -0.801072   -0.804152 0.000640917
          11   -0.811608    -0.80483 0.000870146
          12   -0.801376   -0.804542 0.000843893
          13    -0.80956   -0.804928 0.000862753
          14    -0.80144   -0.804679 0.000836327
          15   -0.806016   -0.804768 0.000785309
          16   -0.804288   -0.804738   0.0007368
          17   -0.802288   -0.804594 0.000707413
          18   -0.804496   -0.804588 0.000668133
          19   -0.808168   -0.804777 0.000658995
          20   -0.804864   -0.804781 0.000626059
           0        -nan        -nan        -nan
           1   -0.804664   -0.804664           0
           2   -0.807456    -0.80606 0.000987121
           3   -0.801456   -0.804525  0.00141535
           4   -0.805688   -0.804816  0.00109095
           5   -0.804984    -0.80485 0.000873276
           6      -0.803   -0.804541 0.000780244
           7     -0.8062   -0.804778 0.000703842
           8   -0.802136   -0.804448 0.000689012
           9   -0.804864   -0.804494 0.000614004
          10   -0.801072   -0.804152 0.000640917
          11   -0.811608    -0.80483 0.000870146
          12   -0.801376   -0.804542 0.000843893
          13    -0.80956   -0.804928 0.000862753
          14    -0.80144   -0.804679 0.000836327
          15   -0.806016   -0.804768 0.000785309
          16   -0.804288   -0.804738   0.0007368
          17   -0.802288   -0.804594 0.000707413
          18   -0.804496   -0.804588 0.000668133
          19   -0.808168   -0.804777 0.000658995
          20   -0.804864   -0.804781 0.000626059
           0        -nan        -nan        -nan
           1   -0.804664   -0.804664           0
           2   -0.807456    -0.80606 0.000987121
           3   -0.801456   -0.804525  0.00141535
           4   -0.805688   -0.804816  0.00109095
           5   -0.804984    -0.80485 0.000873276
           6      -0.803   -0.804541 0.000780244
           7     -0.8062   -0.804778 0.000703842
           8   -0.802136   -0.804448 0.000689012
           9   -0.804864   -0.804494 0.000614004
          10   -0.801072   -0.804152 0.000640917
          11   -0.811608    -0.80483 0.000870146
          12   -0.801376   -0.804542 0.000843893
          13    -0.80956   -0.804928 0.000862753
          14    -0.80144   -0.804679 0.000836327
          15   -0.806016   -0.804768 0.000785309
          16   -0.804288   -0.804738   0.0007368
          17   -0.802288   -0.804594 0.000707413
          18   -0.804496   -0.804588 0.000668133
          19   -0.808168   -0.804777 0.000658995
          20   -0.804864   -0.804781 0.000626059
           0        -nan        -nan        -nan
           1   -0.990912   -0.990912           0
           2   -0.979856   -0.985384  0.00390889
           3   -0.992368   -0.987712  0.00322551
           4   -0.984136   -0.986818     0.00254
           5   -0.980776    -0.98561  0.00230157
           6    -0.98392   -0.985328  0.00193512
           7   -0.978848   -0.984402  0.00186701
           8   -0.990552   -0.985171  0.00178489
           9   -0.990168   -0.985726  0.00167069
          10   -0.987512   -0.985905  0.00151314
          11   -0.989304   -0.986214  0.00140678
          12   -0.991912   -0.986689  0.00136734
          13   -0.983944   -0.986478  0.00127836
          14   -0.987024   -0.986517  0.00118764
          15   -0.988032   -0.986618  0.00111276
          16   -0.984368   -0.986477  0.00105205
          17   -0.992472    -0.98683  0.00104761
          18   -0.986616   -0.986818 0.000989472
          19   -0.992952   -0.987141 0.000988665
          20   -0.989928    -0.98728 0.000949004
           0        -nan        -nan        -nan
           1   -0.804664   -0.804664           0
           2   -0.807456    -0.80606 0.000987121
           3   -0.801456   -0.804525  0.00141535
           4   -0.805688   -0.804816  0.00109095
           5   -0.804984    -0.80485 0.000873276
           6      -0.803   -0.804541 0.000780244
           7     -0.8062   -0.804778 0.000703842
           8   -0.802136   -0.804448 0.000689012
           9   -0.804864   -0.804494 0.000614004
          10   -0.801072   -0.804152 0.000640917
          11   -0.811608    -0.80483 0.000870146
          12   -0.801376   -0.804542 0.000843893
          13    -0.80956   -0.804928 0.000862753
          14    -0.80144   -0.804679 0.000836327
          15   -0.806016   -0.804768 0.000785309
          16   -0.804288   -0.804738   0.0007368
          17   -0.802288   -0.804594 0.000707413
          18   -0.804496   -0.804588 0.000668133
          19   -0.808168   -0.804777 0.000658995
          20   -0.804864   -0.804781 0.000626059
           0        -nan        -nan        -nan
           1   -0.804664   -0.804664           0
           2   -0.807456    -0.80606 0.000987121
           3   -0.801456   -0.804525  0.00141535
           4   -0.805688   -0.804816  0.00109095
           5   -0.804984    -0.80485 0.000873276
           6      -0.803   -0.804541 0.000780244
           7     -0.8062   -0.804778 0.000703842
           8   -0.802136   -0.804448 0.000689012
           9   -0.804864   -0.804494 0.000614004
          10   -0.801072   -0.804152 0.000640917
          11   -0.811608    -0.80483 0.000870146
          12   -0.801376   -0.804542 0.000843893
          13    -0.80956   -0.804928 0.000862753
          14    -0.80144   -0.804679 0.000836327
          15   -0.806016   -0.804768 0.000785309
          16   -0.804288   -0.804738   0.0007368
          17   -0.802288   -0.804594 0.000707413
          18   -0.804496   -0.804588 0.000668133
          19   -0.808168   -0.804777 0.000658995
          20   -0.804864   -0.804781 0.000626059
           0        -nan        -nan        -nan
           1   -0.804664   -0.804664           0
           2   -0.807456    -0.80606 0.000987121
           3   -0.801456   -0.804525  0.00141535
           4   -0.805688   -0.804816  0.00109095
           5   -0.804984    -0.80485 0.000873276
           6      -0.803   -0.804541 0.000780244
           7     -0.8062   -0.804778 0.000703842
           8   -0.802136   -0.804448 0.000689012
           9   -0.804864   -0.804494 0.000614004
          10   -0.801072   -0.804152 0.000640917
          11   -0.811608    -0.80483 0.000870146
          12   -0.801376   -0.804542 0.000843893
          13    -0.80956   -0.804928 0.000862753
          14    -0.80144   -0.804679 0.000836327
          15   -0.806016   -0.804768 0.000785309
          16   -0.804288   -0.804738   0.0007368
          17   -0.802288   -0.804594 0.000707413
          18   -0.804496   -0.804588 0.000668133
          19   -0.808168   -0.804777 0.000658995
          20   -0.804864   -0.804781 0.000626059
           0        -nan        -nan        -nan
           1   -0.807456   -0.807456           0
           2   -0.801456   -0.804456  0.00212132
           3   -0.805688   -0.804867  0.00145342
           4   -0.804984   -0.804896  0.00109036
           5      -0.803   -0.804517 0.000935907
           6     -0.8062   -0.804797 0.000820891
           7   -0.802136   -0.804417 0.000786751
           8   -0.804864   -0.804473 0.000690387
           9   -0.801072   -0.804095 0.000709601
          10   -0.811608   -0.804846 0.000957003
          11   -0.801376   -0.804531 0.000920538
          12    -0.80956    -0.80495 0.000934368
          13    -0.80144    -0.80468 0.000900659
          14   -0.806016   -0.804775 0.000841367
          15   -0.804288   -0.804743 0.000785903
          16   -0.802288   -0.804589 0.000751613
          17   -0.804496   -0.804584  0.00070742
          18   -0.808168   -0.804783 0.000695576
          19   -0.804864   -0.804787  0.00065898
          20   -0.800488   -0.804572 0.000660163
           0        -nan        -nan        -nan
           1   -0.807456   -0.807456           0
           2   -0.801456   -0.804456  0.00212132
           3   -0.805688   -0.804867  0.00145342
           4   -0.804984   -0.804896  0.00109036
           5      -0.803   -0.804517 0.000935907
           6     -0.8062   -0.804797 0.000820891
           7   -0.802136   -0.804417 0.000786751
           8   -0.804864   -0.804473 0.000690387
           9   -0.801072   -0.804095 0.000709601
          10   -0.811608   -0.804846 0.000957003
          11   -0.801376   -0.804531 0.000920538
          12    -0.80956    -0.80495 0.000934368
          13    -0.80144    -0.80468 0.000900659
          14   -0.806016   -0.804775 0.000841367
          15   -0.804288   -0.804743 0.000785903
          16   -0.802288   -0.804589 0.000751613
          17   -0.804496   -0.804584  0.00070742
          18   -0.808168   -0.804783 0.000695576
          19   -0.804864   -0.804787  0.00065898
          20   -0.800488   -0.804572 0.000660163
           0        -nan        -nan        -nan
           1   -0.807456   -0.807456           0
           2   -0.801456   -0.804456  0.00212132
           3   -0.805688   -0.804867  0.00145342
           4   -0.804984   -0.804896  0.00109036
           5      -0.803   -0.804517 0.000935907
           6     -0.8062   -0.804797 0.000820891
           7   -0.802136   -0.804417 0.000786751
           8   -0.804864   -0.804473 0.000690387
           9   -0.801072   -0.804095 0.000709601
          10   -0.811608   -0.804846 0.000957003
          11   -0.801376   -0.804531 0.000920538
          12    -0.80956    -0.80495 0.000934368
          13    -0.80144    -0.80468 0.000900659
          14   -0.806016   -0.804775 0.000841367
          15   -0.804288   -0.804743 0.000785903
          16   -0.802288   -0.804589 0.000751613
          17   -0.804496   -0.804584  0.00070742
          18   -0.808168   -0.804783 0.000695576
          19   -0.804864   -0.804787  0.00065898
          20   -0.800488   -0.804572 0.000660163
          21    -0.80732   -0.804703 0.000641561
          22   -0.806952   -0.804805 0.000620489
          23   -0.806208   -0.804866   0.0005965
          24   -0.808448   -0.805016 0.000590018
          25   -0.807912   -0.805132 0.000577679
          26    -0.79924   -0.804905 0.000598254
          27   -0.805128   -0.804913 0.000576154
          28   -0.803632   -0.804867 0.000557391
          29   -0.800584    -0.80472 0.000557397
          30   -0.810168   -0.804901 0.000567632
          31   -0.802696    -0.80483 0.000553762
          32   -0.803592   -0.804792 0.000537807
          33   -0.802816   -0.804732 0.000524831
          34   -0.805288   -0.804748  0.00050965
          35    -0.80572   -0.804776 0.000495844
          36   -0.807352   -0.804847 0.000487207
          37   -0.803848    -0.80482 0.000474788
          38   -0.804008   -0.804799 0.000462774
          39   -0.806328   -0.804838 0.000452566
          40   -0.799272   -0.804699  0.00046215
           0        -nan        -nan        -nan
           1   -0.807456   -0.807456           0
           2   -0.801456   -0.804456  0.00212132
           3   -0.805688   -0.804867  0.00145342
           4   -0.804984   -0.804896  0.00109036
           5      -0.803   -0.804517 0.000935907
           6     -0.8062   -0.804797 0.000820891
           7   -0.802136   -0.804417 0.000786751
           8   -0.804864   -0.804473 0.000690387
           9   -0.801072   -0.804095 0.000709601
          10   -0.811608   -0.804846 0.000957003
          11   -0.801376   -0.804531 0.000920538
          12    -0.80956    -0.80495 0.000934368
          13    -0.80144    -0.80468 0.000900659
          14   -0.806016   -0.804775 0.000841367
          15   -0.804288   -0.804743 0.000785903
          16   -0.802288   -0.804589 0.000751613
          17   -0.804496   -0.804584  0.00070742
          18   -0.808168   -0.804783 0.000695576
          19   -0.804864   -0.804787  0.00065898
          20   -0.800488   -0.804572 0.000660163
          21    -0.80732   -0.804703 0.000641561
          22   -0.806952   -0.804805 0.000620489
          23   -0.806208   -0.804866   0.0005965
          24   -0.808448   -0.805016 0.000590018
          25   -0.807912   -0.805132 0.000577679
          26    -0.79924   -0.804905 0.000598254
          27   -0.805128   -0.804913 0.000576154
          28   -0.803632   -0.804867 0.000557391
          29   -0.800584    -0.80472 0.000557397
          30   -0.810168   -0.804901 0.000567632
          31   -0.802696    -0.80483 0.000553762
          32   -0.803592   -0.804792 0.000537807
          33   -0.802816   -0.804732 0.000524831
          34   -0.805288   -0.804748  0.00050965
          35    -0.80572   -0.804776 0.000495844
          36   -0.807352   -0.804847 0.000487207
          37   -0.803848    -0.80482 0.000474788
          38   -0.804008   -0.804799 0.000462774
          39   -0.806328   -0.804838 0.000452566
          40   -0.799272   -0.804699  0.00046215
          41   -0.807288   -0.804762 0.000455172
          42   -0.805672   -0.804784  0.00044485
          43    -0.79924   -0.804655 0.000452802
          44   -0.803224   -0.804622 0.000443677
          45   -0.806688   -0.804668 0.000436186
          46   -0.800704   -0.804582 0.000435134
          47   -0.806784   -0.804629  0.00042839
          48   -0.805936   -0.804656  0.00042033
          49   -0.805928   -0.804682 0.000412552
          50    -0.80452   -0.804679 0.000404314
          51   -0.803168   -0.804649  0.00039747
          52   -0.804184    -0.80464 0.000389927
          53   -0.805224   -0.804651 0.000382726
          54   -0.806248   -0.804681 0.000376778
          55   -0.804944   -0.804686 0.000369958
          56    -0.80112   -0.804622  0.00036879
          57   -0.803352     -0.8046 0.000362993
          58   -0.804256   -0.804594 0.000356783
          59   -0.803592   -0.804577 0.000351139
          60     -0.8044   -0.804574 0.000345299
          61   -0.801448   -0.804523  0.00034342
          62   -0.809656   -0.804605 0.000347719
          63   -0.800152   -0.804535 0.000349311
          64   -0.805072   -0.804543 0.000343954
          65   -0.803256   -0.804523 0.000339232
          66   -0.801272   -0.804474  0.00033765
          67   -0.800448   -0.804414 0.000337915
          68   -0.803176   -0.804396 0.000333436
          69   -0.805176   -0.804407 0.000328795
          70   -0.805744   -0.804426 0.000324652
          71     -0.8044   -0.804426  0.00032008
          72   -0.806064   -0.804449 0.000316442
          73   -0.801856   -0.804413 0.000314094
          74   -0.809824   -0.804486 0.000318247
          75   -0.802296   -0.804457  0.00031534
          76   -0.806504   -0.804484 0.000312339
          77   -0.803712   -0.804474 0.000308444
          78   -0.801992   -0.804442 0.000306126
          79   -0.811944   -0.804537 0.000316637
          80   -0.803032   -0.804518 0.000313238
          81   -0.803408   -0.804504  0.00030967
          82    -0.80136   -0.804466 0.000308259
          83   -0.800032   -0.804413  0.00030914
          84   -0.800304   -0.804364 0.000309305
          85   -0.812016   -0.804454 0.000318498
          86    -0.79676   -0.804364 0.000327118
          87   -0.803736   -0.804357 0.000323438
          88   -0.800144   -0.804309 0.000323287
          89   -0.807792   -0.804348 0.000322014
          90     -0.8086   -0.804396 0.000321882
          91   -0.803016    -0.80438 0.000318702
          92     -0.8046   -0.804383 0.000315247
          93   -0.804808   -0.804387  0.00031189
          94   -0.804136   -0.804385 0.000308584
          95     -0.8056   -0.804398   0.0003056
          96   -0.803304   -0.804386 0.000302629
          97   -0.805856   -0.804401 0.000299888
          98   -0.805712   -0.804415 0.000297126
          99   -0.807368   -0.804445 0.000295619
         100   -0.803208   -0.804432 0.000292921
           0        -nan        -nan        -nan
           1   -0.807456   -0.807456           0
           2   -0.801456   -0.804456  0.00212132
           3   -0.805688   -0.804867  0.00145342
           4   -0.804984   -0.804896  0.00109036
           5      -0.803   -0.804517 0.000935907
           6     -0.8062   -0.804797 0.000820891
           7   -0.802136   -0.804417 0.000786751
           8   -0.804864   -0.804473 0.000690387
           9   -0.801072   -0.804095 0.000709601
          10   -0.811608   -0.804846 0.000957003
          11   -0.801376   -0.804531 0.000920538
          12    -0.80956    -0.80495 0.000934368
          13    -0.80144    -0.80468 0.000900659
          14   -0.806016   -0.804775 0.000841367
          15   -0.804288   -0.804743 0.000785903
          16   -0.802288   -0.804589 0.000751613
          17   -0.804496   -0.804584  0.00070742
          18   -0.808168   -0.804783 0.000695576
          19   -0.804864   -0.804787  0.00065898
          20   -0.800488   -0.804572 0.000660163
          21    -0.80732   -0.804703 0.000641561
          22   -0.806952   -0.804805 0.000620489
          23   -0.806208   -0.804866   0.0005965
          24   -0.808448   -0.805016 0.000590018
          25   -0.807912   -0.805132 0.000577679
          26    -0.79924   -0.804905 0.000598254
          27   -0.805128   -0.804913 0.000576154
          28   -0.803632   -0.804867 0.000557391
          29   -0.800584    -0.80472 0.000557397
          30   -0.810168   -0.804901 0.000567632
          31   -0.802696    -0.80483 0.000553762
          32   -0.803592   -0.804792 0.000537807
          33   -0.802816   -0.804732 0.000524831
          34   -0.805288   -0.804748  0.00050965
          35    -0.80572   -0.804776 0.000495844
          36   -0.807352   -0.804847 0.000487207
          37   -0.803848    -0.80482 0.000474788
          38   -0.804008   -0.804799 0.000462774
          39   -0.806328   -0.804838 0.000452566
          40   -0.799272   -0.804699  0.00046215
