           1     0.44414     0.44414           0
           2    0.423695    0.433917  0.00722849
           3    0.429195    0.432343  0.00498745
           4    0.404936    0.425491  0.00701442
           5    0.411467    0.422687   0.0061468
           6    0.489121    0.433759   0.0113315
           7    0.446532    0.435584  0.00985851
           8     0.39036    0.429931   0.0101179
           9    0.408091    0.427504  0.00928017
          10    0.417576    0.426511  0.00840508
          11    0.472225    0.430667  0.00860727
          12     0.39542     0.42773  0.00837619
          13    0.441432    0.428784  0.00779791
          14    0.373858    0.424861  0.00816843
          15    0.435367    0.425561  0.00765384
          16    0.381652    0.422817  0.00765166
          17    0.450617    0.424452  0.00737425
          18    0.409044    0.423596  0.00701407
          19    0.426213    0.423734  0.00664626
          20    0.421115    0.423603  0.00631524
           1     0.44414     0.44414           0
           2    0.423695    0.433917  0.00722849
           3    0.429195    0.432343  0.00498745
           4    0.404936    0.425491  0.00701442
           5    0.411467    0.422687   0.0061468
           6    0.489121    0.433759   0.0113315
           7    0.446532    0.435584  0.00985851
           8     0.39036    0.429931   0.0101179
           9    0.408091    0.427504  0.00928017
          10    0.417576    0.426511  0.00840508
          11    0.472225    0.430667  0.00860727
          12     0.39542     0.42773  0.00837619
          13    0.441432    0.428784  0.00779791
          14    0.373858    0.424861  0.00816843
          15    0.435367    0.425561  0.00765384
          16    0.381652    0.422817  0.00765166
          17    0.450617    0.424452  0.00737425
          18    0.409044    0.423596  0.00701407
          19    0.426213    0.423734  0.00664626
          20    0.421115    0.423603  0.00631524
           0        -nan        -nan        -nan
           1    0.423695    0.423695           0
           2    0.429195    0.426445   0.0019446
           3    0.404936    0.419275  0.00599576
           4    0.411467    0.417323  0.00480408
           5    0.489121    0.431683   0.0134062
           6    0.446532    0.434158    0.011398
           7     0.39036    0.427901   0.0113579
           8    0.408091    0.425425   0.0102045
           9    0.417576    0.424553  0.00910788
          10    0.472225     0.42932  0.00936196
          11     0.39542    0.426238  0.00900383
          12    0.441432    0.427504  0.00834207
          13    0.373858    0.423378  0.00866109
          14    0.435367    0.424234  0.00808467
          15    0.381652    0.421395  0.00802864
          16    0.450617    0.423222  0.00773179
          17    0.409044    0.422388  0.00732182
          18    0.426213      0.4226  0.00691813
          19    0.421115    0.422522  0.00655446
          20    0.419663    0.422379   0.0062283
           0        -nan        -nan        -nan
           1    0.423695    0.423695           0
           2    0.429195    0.426445   0.0019446
           3    0.404936    0.419275  0.00599576
           4    0.411467    0.417323  0.00480408
           5    0.489121    0.431683   0.0134062
           6    0.446532    0.434158    0.011398
           7     0.39036    0.427901   0.0113579
           8    0.408091    0.425425   0.0102045
           9    0.417576    0.424553  0.00910788
          10    0.472225     0.42932  0.00936196
          11     0.39542    0.426238  0.00900383
          12    0.441432    0.427504  0.00834207
          13    0.373858    0.423378  0.00866109
          14    0.435367    0.424234  0.00808467
          15    0.381652    0.421395  0.00802864
          16    0.450617    0.423222  0.00773179
          17    0.409044    0.422388  0.00732182
          18    0.426213      0.4226  0.00691813
          19    0.421115    0.422522  0.00655446
          20    0.419663    0.422379   0.0062283
           0        -nan        -nan        -nan
           1    0.423695    0.423695           0
           2    0.429195    0.426445   0.0019446
           3    0.404936    0.419275  0.00599576
           4    0.411467    0.417323  0.00480408
           5    0.489121    0.431683   0.0134062
           6    0.446532    0.434158    0.011398
           7     0.39036    0.427901   0.0113579
           8    0.408091    0.425425   0.0102045
           9    0.417576    0.424553  0.00910788
          10    0.472225     0.42932  0.00936196
          11     0.39542    0.426238  0.00900383
          12    0.441432    0.427504  0.00834207
          13    0.373858    0.423378  0.00866109
          14    0.435367    0.424234  0.00808467
          15    0.381652    0.421395  0.00802864
          16    0.450617    0.423222  0.00773179
          17    0.409044    0.422388  0.00732182
          18    0.426213      0.4226  0.00691813
          19    0.421115    0.422522  0.00655446
          20    0.419663    0.422379   0.0062283
           0        -nan        -nan        -nan
           1 0.000266587 0.000266587           0
           2           0 0.000133293 9.42526e-05
           3 0.000444222 0.000236936 0.000105402
           4  0.00212821 0.000709756 0.000417034
           5           0 0.000567804  0.00035697
           6           0  0.00047317 0.000309765
           7           0 0.000405575 0.000272788
           8           0 0.000354878 0.000243355
           9 0.000177742 0.000335196  0.00021711
          10 0.000177742 0.000319451 0.000195969
          11           0  0.00029041 0.000180293
          12           0 0.000266209 0.000166885
          13           0 0.000245731 0.000155299
          14 0.000266587 0.000247221 0.000144213
          15           0  0.00023074 0.000135537
          16 0.000710542 0.000260727 0.000130341
          17 0.000177742 0.000255846 0.000122766
          18           0 0.000241632 0.000116765
          19           0 0.000228915  0.00011131
          20           0 0.000217469 0.000106331
           0        -nan        -nan        -nan
           1    0.423695    0.423695           0
           2    0.429195    0.426445   0.0019446
           3    0.404936    0.419275  0.00599576
           4    0.411467    0.417323  0.00480408
           5    0.489121    0.431683   0.0134062
           6    0.446532    0.434158    0.011398
           7     0.39036    0.427901   0.0113579
           8    0.408091    0.425425   0.0102045
           9    0.417576    0.424553  0.00910788
          10    0.472225     0.42932  0.00936196
          11     0.39542    0.426238  0.00900383
          12    0.441432    0.427504  0.00834207
          13    0.373858    0.423378  0.00866109
          14    0.435367    0.424234  0.00808467
          15    0.381652    0.421395  0.00802864
          16    0.450617    0.423222  0.00773179
          17    0.409044    0.422388  0.00732182
          18    0.426213      0.4226  0.00691813
          19    0.421115    0.422522  0.00655446
          20    0.419663    0.422379   0.0062283
           0        -nan        -nan        -nan
           1    0.423695    0.423695           0
           2    0.429195    0.426445   0.0019446
           3    0.404936    0.419275  0.00599576
           4    0.411467    0.417323  0.00480408
           5    0.489121    0.431683   0.0134062
           6    0.446532    0.434158    0.011398
           7     0.39036    0.427901   0.0113579
           8    0.408091    0.425425   0.0102045
           9    0.417576    0.424553  0.00910788
          10    0.472225     0.42932  0.00936196
          11     0.39542    0.426238  0.00900383
          12    0.441432    0.427504  0.00834207
          13    0.373858    0.423378  0.00866109
          14    0.435367    0.424234  0.00808467
          15    0.381652    0.421395  0.00802864
          16    0.450617    0.423222  0.00773179
          17    0.409044    0.422388  0.00732182
          18    0.426213      0.4226  0.00691813
          19    0.421115    0.422522  0.00655446
          20    0.419663    0.422379   0.0062283
           0        -nan        -nan        -nan
           1    0.423695    0.423695           0
           2    0.429195    0.426445   0.0019446
           3    0.404936    0.419275  0.00599576
           4    0.411467    0.417323  0.00480408
           5    0.489121    0.431683   0.0134062
           6    0.446532    0.434158    0.011398
           7     0.39036    0.427901   0.0113579
           8    0.408091    0.425425   0.0102045
           9    0.417576    0.424553  0.00910788
          10    0.472225     0.42932  0.00936196
          11     0.39542    0.426238  0.00900383
          12    0.441432    0.427504  0.00834207
          13    0.373858    0.423378  0.00866109
          14    0.435367    0.424234  0.00808467
          15    0.381652    0.421395  0.00802864
          16    0.450617    0.423222  0.00773179
          17    0.409044    0.422388  0.00732182
          18    0.426213      0.4226  0.00691813
          19    0.421115    0.422522  0.00655446
          20    0.419663    0.422379   0.0062283
           0        -nan        -nan        -nan
           1    0.429195    0.429195           0
           2    0.404936    0.417066  0.00857677
           3    0.411467    0.415199  0.00591738
           4    0.489121     0.43368   0.0166084
           5    0.446532     0.43625   0.0134841
           6     0.39036    0.428602   0.0132292
           7    0.408091    0.425672   0.0116593
           8    0.417576     0.42466   0.0102457
           9    0.472225    0.429945   0.0103813
          10     0.39542    0.426492  0.00990063
          11    0.441432     0.42785  0.00909325
          12    0.373858    0.423351  0.00938281
          13    0.435367    0.424275  0.00870646
          14    0.381652    0.421231  0.00860043
          15    0.450617     0.42319  0.00824718
          16    0.409044    0.422306  0.00777898
          17    0.426213    0.422536  0.00732478
          18    0.421115    0.422457  0.00691828
          19    0.419663     0.42231  0.00655572
          20    0.446327    0.423511  0.00633696
           0        -nan        -nan        -nan
           1    0.429195    0.429195           0
           2    0.404936    0.417066  0.00857677
           3    0.411467    0.415199  0.00591738
           4    0.489121     0.43368   0.0166084
           5    0.446532     0.43625   0.0134841
           6     0.39036    0.428602   0.0132292
           7    0.408091    0.425672   0.0116593
           8    0.417576     0.42466   0.0102457
           9    0.472225    0.429945   0.0103813
          10     0.39542    0.426492  0.00990063
          11    0.441432     0.42785  0.00909325
          12    0.373858    0.423351  0.00938281
          13    0.435367    0.424275  0.00870646
          14    0.381652    0.421231  0.00860043
          15    0.450617     0.42319  0.00824718
          16    0.409044    0.422306  0.00777898
          17    0.426213    0.422536  0.00732478
          18    0.421115    0.422457  0.00691828
          19    0.419663     0.42231  0.00655572
          20    0.446327    0.423511  0.00633696
           0        -nan        -nan        -nan
           1    0.429195    0.429195           0
           2    0.404936    0.417066  0.00857677
           3    0.411467    0.415199  0.00591738
           4    0.489121     0.43368   0.0166084
           5    0.446532     0.43625   0.0134841
           6     0.39036    0.428602   0.0132292
           7    0.408091    0.425672   0.0116593
           8    0.417576     0.42466   0.0102457
           9    0.472225    0.429945   0.0103813
          10     0.39542    0.426492  0.00990063
          11    0.441432     0.42785  0.00909325
          12    0.373858    0.423351  0.00938281
          13    0.435367    0.424275  0.00870646
          14    0.381652    0.421231  0.00860043
          15    0.450617     0.42319  0.00824718
          16    0.409044    0.422306  0.00777898
          17    0.426213    0.422536  0.00732478
          18    0.421115    0.422457  0.00691828
          19    0.419663     0.42231  0.00655572
          20    0.446327    0.423511  0.00633696
          21    0.461079      0.4253  0.00628265
          22    0.432455    0.425625  0.00600548
          23    0.413218    0.425085  0.00576855
          24    0.408132    0.424379  0.00557128
          25    0.426659     0.42447  0.00534917
          26    0.418896    0.424256  0.00514773
          27    0.460672    0.425605  0.00513072
          28    0.388385    0.424275  0.00511678
          29    0.415729    0.423981  0.00494882
          30     0.42961    0.424168  0.00478741
          31    0.421352    0.424077  0.00463384
          32    0.403335    0.423429  0.00453414
          33    0.427756     0.42356  0.00439864
          34    0.401742    0.422919  0.00431583
          35    0.410908    0.422575  0.00420614
          36    0.462496    0.423684  0.00423295
          37    0.409107     0.42329  0.00413684
          38     0.40647    0.422848  0.00405159
          39    0.400029    0.422263  0.00398973
          40     0.36778    0.420901  0.00411592
