           1   -0.584656   -0.584656           0
           2   -0.583696   -0.584176 0.000339411
           3   -0.582352   -0.583568 0.000545566
           4   -0.580472   -0.582794 0.000785322
           5   -0.580352   -0.582306 0.000765203
           6   -0.584728   -0.582709 0.000736516
           7     -0.5858   -0.583151 0.000752086
           8   -0.584472   -0.583316 0.000675963
           9   -0.584424   -0.583439 0.000611964
          10   -0.581368   -0.583232 0.000584766
          11    -0.58216   -0.583135 0.000539665
          12   -0.583416   -0.583158 0.000495202
          13   -0.582832   -0.583133 0.000457744
          14     -0.5854   -0.583295 0.000452786
          15   -0.582584   -0.583247 0.000425073
          16   -0.581896   -0.583163 0.000406812
          17    -0.58284   -0.583144 0.000383325
          18   -0.579624   -0.582948  0.00040888
          19   -0.584984   -0.583056  0.00040115
          20   -0.582664   -0.583036  0.00038157
           1   -0.584656   -0.584656           0
           2   -0.583696   -0.584176 0.000339411
           3   -0.582352   -0.583568 0.000545566
           4   -0.580472   -0.582794 0.000785322
           5   -0.580352   -0.582306 0.000765203
           6   -0.584728   -0.582709 0.000736516
           7     -0.5858   -0.583151 0.000752086
           8   -0.584472   -0.583316 0.000675963
           9   -0.584424   -0.583439 0.000611964
          10   -0.581368   -0.583232 0.000584766
          11    -0.58216   -0.583135 0.000539665
          12   -0.583416   -0.583158 0.000495202
          13   -0.582832   -0.583133 0.000457744
          14     -0.5854   -0.583295 0.000452786
          15   -0.582584   -0.583247 0.000425073
          16   -0.581896   -0.583163 0.000406812
          17    -0.58284   -0.583144 0.000383325
          18   -0.579624   -0.582948  0.00040888
          19   -0.584984   -0.583056  0.00040115
          20   -0.582664   -0.583036  0.00038157
           0        -nan        -nan        -nan
           1   -0.583696   -0.583696           0
           2   -0.582352   -0.583024 0.000475176
           3   -0.580472   -0.582173 0.000763397
           4   -0.580352   -0.581718 0.000695203
           5   -0.584728    -0.58232 0.000774106
           6     -0.5858     -0.5829 0.000834549
           7   -0.584472   -0.583125  0.00074493
           8   -0.584424   -0.583287 0.000669288
           9   -0.581368   -0.583074 0.000627969
          10    -0.58216   -0.582982 0.000571782
          11   -0.583416   -0.583022 0.000521159
          12   -0.582832   -0.583006 0.000477969
          13     -0.5854    -0.58319 0.000475356
          14   -0.582584   -0.583147 0.000443369
          15   -0.581896   -0.583063 0.000421581
          16    -0.58284   -0.583049 0.000395463
          17   -0.579624   -0.582848 0.000420413
          18   -0.584984   -0.582967 0.000413465
          19   -0.582664   -0.582951 0.000392011
          20     -0.5826   -0.582933 0.000372802
           0        -nan        -nan        -nan
           1   -0.583696   -0.583696           0
           2   -0.582352   -0.583024 0.000475176
           3   -0.580472   -0.582173 0.000763397
           4   -0.580352   -0.581718 0.000695203
           5   -0.584728    -0.58232 0.000774106
           6     -0.5858     -0.5829 0.000834549
           7   -0.584472   -0.583125  0.00074493
           8   -0.584424   -0.583287 0.000669288
           9   -0.581368   -0.583074 0.000627969
          10    -0.58216   -0.582982 0.000571782
          11   -0.583416   -0.583022 0.000521159
          12   -0.582832   -0.583006 0.000477969
          13     -0.5854    -0.58319 0.000475356
          14   -0.582584   -0.583147 0.000443369
          15   -0.581896   -0.583063 0.000421581
          16    -0.58284   -0.583049 0.000395463
          17   -0.579624   -0.582848 0.000420413
          18   -0.584984   -0.582967 0.000413465
          19   -0.582664   -0.582951 0.000392011
          20     -0.5826   -0.582933 0.000372802
           0        -nan        -nan        -nan
           1   -0.583696   -0.583696           0
           2   -0.582352   -0.583024 0.000475176
           3   -0.580472   -0.582173 0.000763397
           4   -0.580352   -0.581718 0.000695203
           5   -0.584728    -0.58232 0.000774106
           6     -0.5858     -0.5829 0.000834549
           7   -0.584472   -0.583125  0.00074493
           8   -0.584424   -0.583287 0.000669288
           9   -0.581368   -0.583074 0.000627969
          10    -0.58216   -0.582982 0.000571782
          11   -0.583416   -0.583022 0.000521159
          12   -0.582832   -0.583006 0.000477969
          13     -0.5854    -0.58319 0.000475356
          14   -0.582584   -0.583147 0.000443369
          15   -0.581896   -0.583063 0.000421581
          16    -0.58284   -0.583049 0.000395463
          17   -0.579624   -0.582848 0.000420413
          18   -0.584984   -0.582967 0.000413465
          19   -0.582664   -0.582951 0.000392011
          20     -0.5826   -0.582933 0.000372802
           0        -nan        -nan        -nan
           1   -0.872616   -0.872616           0
           2   -0.877056   -0.874836  0.00156978
           3   -0.864944   -0.871539  0.00288851
           4   -0.874704    -0.87233  0.00227219
           5   -0.864256   -0.870715   0.0023217
           6   -0.871048   -0.870771  0.00193541
           7   -0.871448   -0.870867  0.00166134
           8   -0.872952   -0.871128  0.00147397
           9   -0.873016   -0.871338  0.00132504
          10    -0.86456    -0.87066  0.00135484
          11   -0.876384    -0.87118  0.00132784
          12   -0.869304   -0.871024  0.00122636
          13   -0.871112   -0.871031  0.00113205
          14   -0.866056   -0.870675  0.00110555
          15   -0.870256   -0.870647   0.0010322
          16   -0.872304   -0.870751 0.000972865
          17   -0.866888   -0.870524 0.000941802
          18    -0.87132   -0.870568 0.000890518
          19   -0.876376   -0.870874 0.000894577
          20   -0.869672   -0.870814 0.000851863
           0        -nan        -nan        -nan
           1   -0.583696   -0.583696           0
           2   -0.582352   -0.583024 0.000475176
           3   -0.580472   -0.582173 0.000763397
           4   -0.580352   -0.581718 0.000695203
           5   -0.584728    -0.58232 0.000774106
           6     -0.5858     -0.5829 0.000834549
           7   -0.584472   -0.583125  0.00074493
           8   -0.584424   -0.583287 0.000669288
           9   -0.581368   -0.583074 0.000627969
          10    -0.58216   -0.582982 0.000571782
          11   -0.583416   -0.583022 0.000521159
          12   -0.582832   -0.583006 0.000477969
          13     -0.5854    -0.58319 0.000475356
          14   -0.582584   -0.583147 0.000443369
          15   -0.581896   -0.583063 0.000421581
          16    -0.58284   -0.583049 0.000395463
          17   -0.579624   -0.582848 0.000420413
          18   -0.584984   -0.582967 0.000413465
          19   -0.582664   -0.582951 0.000392011
          20     -0.5826   -0.582933 0.000372802
           0        -nan        -nan        -nan
           1   -0.583696   -0.583696           0
           2   -0.582352   -0.583024 0.000475176
           3   -0.580472   -0.582173 0.000763397
           4   -0.580352   -0.581718 0.000695203
           5   -0.584728    -0.58232 0.000774106
           6     -0.5858     -0.5829 0.000834549
           7   -0.584472   -0.583125  0.00074493
           8   -0.584424   -0.583287 0.000669288
           9   -0.581368   -0.583074 0.000627969
          10    -0.58216   -0.582982 0.000571782
          11   -0.583416   -0.583022 0.000521159
          12   -0.582832   -0.583006 0.000477969
          13     -0.5854    -0.58319 0.000475356
          14   -0.582584   -0.583147 0.000443369
          15   -0.581896   -0.583063 0.000421581
          16    -0.58284   -0.583049 0.000395463
          17   -0.579624   -0.582848 0.000420413
          18   -0.584984   -0.582967 0.000413465
          19   -0.582664   -0.582951 0.000392011
          20     -0.5826   -0.582933 0.000372802
           0        -nan        -nan        -nan
           1   -0.583696   -0.583696           0
           2   -0.582352   -0.583024 0.000475176
           3   -0.580472   -0.582173 0.000763397
           4   -0.580352   -0.581718 0.000695203
           5   -0.584728    -0.58232 0.000774106
           6     -0.5858     -0.5829 0.000834549
           7   -0.584472   -0.583125  0.00074493
           8   -0.584424   -0.583287 0.000669288
           9   -0.581368   -0.583074 0.000627969
          10    -0.58216   -0.582982 0.000571782
          11   -0.583416   -0.583022 0.000521159
          12   -0.582832   -0.583006 0.000477969
          13     -0.5854    -0.58319 0.000475356
          14   -0.582584   -0.583147 0.000443369
          15   -0.581896   -0.583063 0.000421581
          16    -0.58284   -0.583049 0.000395463
          17   -0.579624   -0.582848 0.000420413
          18   -0.584984   -0.582967 0.000413465
          19   -0.582664   -0.582951 0.000392011
          20     -0.5826   -0.582933 0.000372802
           0        -nan        -nan        -nan
           1   -0.582352   -0.582352           0
           2   -0.580472   -0.581412  0.00066468
           3   -0.580352   -0.581059 0.000528758
           4   -0.584728   -0.581976 0.000887914
           5     -0.5858   -0.582741 0.000986157
           6   -0.584472   -0.583029 0.000862976
           7   -0.584424   -0.583229 0.000762346
           8   -0.581368   -0.582996 0.000701632
           9    -0.58216   -0.582903 0.000629792
          10   -0.583416   -0.582954 0.000568897
          11   -0.582832   -0.582943 0.000517288
          12     -0.5854   -0.583148 0.000513096
          13   -0.582584   -0.583105 0.000475458
          14   -0.581896   -0.583018 0.000449266
          15    -0.58284   -0.583006 0.000419472
          16   -0.579624   -0.582795 0.000443336
          17   -0.584984   -0.582924 0.000435555
          18   -0.582664   -0.582909 0.000411597
          19     -0.5826   -0.582893 0.000390256
          20    -0.58284    -0.58289 0.000370752
           0        -nan        -nan        -nan
           1   -0.582352   -0.582352           0
           2   -0.580472   -0.581412  0.00066468
           3   -0.580352   -0.581059 0.000528758
           4   -0.584728   -0.581976 0.000887914
           5     -0.5858   -0.582741 0.000986157
           6   -0.584472   -0.583029 0.000862976
           7   -0.584424   -0.583229 0.000762346
           8   -0.581368   -0.582996 0.000701632
           9    -0.58216   -0.582903 0.000629792
          10   -0.583416   -0.582954 0.000568897
          11   -0.582832   -0.582943 0.000517288
          12     -0.5854   -0.583148 0.000513096
          13   -0.582584   -0.583105 0.000475458
          14   -0.581896   -0.583018 0.000449266
          15    -0.58284   -0.583006 0.000419472
          16   -0.579624   -0.582795 0.000443336
          17   -0.584984   -0.582924 0.000435555
          18   -0.582664   -0.582909 0.000411597
          19     -0.5826   -0.582893 0.000390256
          20    -0.58284    -0.58289 0.000370752
           0        -nan        -nan        -nan
           1   -0.582352   -0.582352           0
           2   -0.580472   -0.581412  0.00066468
           3   -0.580352   -0.581059 0.000528758
           4   -0.584728   -0.581976 0.000887914
           5     -0.5858   -0.582741 0.000986157
           6   -0.584472   -0.583029 0.000862976
           7   -0.584424   -0.583229 0.000762346
           8   -0.581368   -0.582996 0.000701632
           9    -0.58216   -0.582903 0.000629792
          10   -0.583416   -0.582954 0.000568897
          11   -0.582832   -0.582943 0.000517288
          12     -0.5854   -0.583148 0.000513096
          13   -0.582584   -0.583105 0.000475458
          14   -0.581896   -0.583018 0.000449266
          15    -0.58284   -0.583006 0.000419472
          16   -0.579624   -0.582795 0.000443336
          17   -0.584984   -0.582924 0.000435555
          18   -0.582664   -0.582909 0.000411597
          19     -0.5826   -0.582893 0.000390256
          20    -0.58284    -0.58289 0.000370752
          21   -0.583672   -0.582928  0.00035496
          22   -0.582736   -0.582919 0.000338933
          23   -0.581816   -0.582871 0.000327571
          24   -0.580128   -0.582757 0.000333264
          25   -0.581928   -0.582724 0.000321578
          26   -0.584776   -0.582802 0.000318752
          27   -0.582288   -0.582783 0.000307515
          28    -0.58052   -0.582703 0.000306973
          29   -0.581272   -0.582653 0.000300325
          30   -0.583576   -0.582684 0.000291885
          31   -0.582088   -0.582665 0.000283102
          32   -0.580088   -0.582584 0.000285478
          33   -0.585864   -0.582684 0.000293618
          34    -0.58288   -0.582689 0.000285039
          35   -0.581904   -0.582667 0.000277777
          36   -0.583936   -0.582702 0.000272288
          37   -0.581128    -0.58266 0.000268233
          38   -0.579352   -0.582573 0.000274935
          39   -0.582592   -0.582573 0.000267885
          40    -0.58344   -0.582595 0.000262063
           0        -nan        -nan        -nan
           1   -0.582352   -0.582352           0
           2   -0.580472   -0.581412  0.00066468
           3   -0.580352   -0.581059 0.000528758
           4   -0.584728   -0.581976 0.000887914
           5     -0.5858   -0.582741 0.000986157
           6   -0.584472   -0.583029 0.000862976
           7   -0.584424   -0.583229 0.000762346
           8   -0.581368   -0.582996 0.000701632
           9    -0.58216   -0.582903 0.000629792
          10   -0.583416   -0.582954 0.000568897
          11   -0.582832   -0.582943 0.000517288
          12     -0.5854   -0.583148 0.000513096
          13   -0.582584   -0.583105 0.000475458
          14   -0.581896   -0.583018 0.000449266
          15    -0.58284   -0.583006 0.000419472
          16   -0.579624   -0.582795 0.000443336
          17   -0.584984   -0.582924 0.000435555
          18   -0.582664   -0.582909 0.000411597
          19     -0.5826   -0.582893 0.000390256
          20    -0.58284    -0.58289 0.000370752
          21   -0.583672   -0.582928  0.00035496
          22   -0.582736   -0.582919 0.000338933
          23   -0.581816   -0.582871 0.000327571
          24   -0.580128   -0.582757 0.000333264
          25   -0.581928   -0.582724 0.000321578
          26   -0.584776   -0.582802 0.000318752
          27   -0.582288   -0.582783 0.000307515
          28    -0.58052   -0.582703 0.000306973
          29   -0.581272   -0.582653 0.000300325
          30   -0.583576   -0.582684 0.000291885
          31   -0.582088   -0.582665 0.000283102
          32   -0.580088   -0.582584 0.000285478
          33   -0.585864   -0.582684 0.000293618
          34    -0.58288   -0.582689 0.000285039
          35   -0.581904   -0.582667 0.000277777
          36   -0.583936   -0.582702 0.000272288
          37   -0.581128    -0.58266 0.000268233
          38   -0.579352   -0.582573 0.000274935
          39   -0.582592   -0.582573 0.000267885
          40    -0.58344   -0.582595 0.000262063
          41    -0.58476   -0.582648 0.000260938
          42   -0.583624   -0.582671 0.000255759
          43    -0.58112   -0.582635 0.000252341
          44   -0.584208   -0.582671 0.000249127
          45   -0.581584   -0.582646 0.000244758
          46    -0.58528   -0.582704 0.000246042
          47   -0.583168   -0.582714 0.000241005
          48   -0.582648   -0.582712 0.000235988
          49    -0.58208   -0.582699 0.000231524
          50   -0.583112   -0.582708 0.000227041
          51   -0.583296   -0.582719 0.000222882
          52   -0.578368   -0.582635 0.000233775
          53     -0.5854   -0.582688 0.000235112
          54   -0.583672   -0.582706 0.000231464
          55   -0.583816   -0.582726 0.000228134
          56   -0.581216   -0.582699 0.000225648
          57   -0.579744   -0.582647 0.000227567
          58   -0.584544    -0.58268 0.000225981
          59   -0.582824   -0.582682 0.000222164
          60     -0.5838   -0.582701 0.000219241
          61   -0.583544   -0.582715 0.000216082
          62   -0.580488   -0.582679 0.000215561
          63   -0.582896   -0.582682 0.000212167
          64   -0.581624   -0.582666 0.000209495
          65   -0.583184   -0.582674 0.000206424
          66   -0.579456   -0.582625 0.000208974
          67   -0.585096   -0.582662 0.000209084
          68   -0.580736   -0.582634 0.000207919
          69   -0.583624   -0.582648   0.0002054
          70   -0.582016   -0.582639 0.000202664
          71   -0.585096   -0.582673 0.000202743
          72   -0.584808   -0.582703 0.000202083
          73   -0.582272   -0.582697 0.000199401
          74   -0.583776   -0.582712 0.000197239
          75   -0.584336   -0.582733 0.000195794
          76   -0.585872   -0.582775 0.000197525
          77   -0.581056   -0.582752 0.000196217
          78    -0.58208   -0.582744 0.000193891
          79   -0.585272   -0.582776  0.00019406
          80   -0.583216   -0.582781 0.000191712
          81   -0.583464    -0.58279  0.00018953
          82   -0.580184   -0.582758 0.000189864
          83   -0.579912   -0.582724 0.000190648
          84    -0.58332   -0.582731  0.00018851
          85    -0.58316   -0.582736  0.00018636
          86   -0.582848   -0.582737 0.000184198
          87    -0.58412   -0.582753 0.000182765
          88   -0.582872   -0.582754 0.000180693
          89   -0.583536   -0.582763 0.000178876
          90    -0.58116   -0.582745 0.000177773
          91   -0.581528   -0.582732 0.000176322
          92   -0.583112   -0.582736 0.000174454
          93   -0.580168   -0.582708  0.00017475
          94   -0.580528   -0.582685 0.000174424
          95   -0.583616   -0.582695 0.000172863
          96   -0.583584   -0.582704  0.00017131
          97   -0.583728   -0.582715 0.000169868
          98    -0.58424    -0.58273 0.000168846
          99   -0.587608    -0.58278 0.000174181
         100   -0.583944   -0.582791 0.000172828
           0        -nan        -nan        -nan
           1   -0.582352   -0.582352           0
           2   -0.580472   -0.581412  0.00066468
           3   -0.580352   -0.581059 0.000528758
           4   -0.584728   -0.581976 0.000887914
           5     -0.5858   -0.582741 0.000986157
           6   -0.584472   -0.583029 0.000862976
           7   -0.584424   -0.583229 0.000762346
           8   -0.581368   -0.582996 0.000701632
           9    -0.58216   -0.582903 0.000629792
          10   -0.583416   -0.582954 0.000568897
          11   -0.582832   -0.582943 0.000517288
          12     -0.5854   -0.583148 0.000513096
          13   -0.582584   -0.583105 0.000475458
          14   -0.581896   -0.583018 0.000449266
          15    -0.58284   -0.583006 0.000419472
          16   -0.579624   -0.582795 0.000443336
          17   -0.584984   -0.582924 0.000435555
          18   -0.582664   -0.582909 0.000411597
          19     -0.5826   -0.582893 0.000390256
          20    -0.58284    -0.58289 0.000370752
          21   -0.583672   -0.582928  0.00035496
          22   -0.582736   -0.582919 0.000338933
          23   -0.581816   -0.582871 0.000327571
          24   -0.580128   -0.582757 0.000333264
          25   -0.581928   -0.582724 0.000321578
          26   -0.584776   -0.582802 0.000318752
          27   -0.582288   -0.582783 0.000307515
          28    -0.58052   -0.582703 0.000306973
          29   -0.581272   -0.582653 0.000300325
          30   -0.583576   -0.582684 0.000291885
          31   -0.582088   -0.582665 0.000283102
          32   -0.580088   -0.582584 0.000285478
          33   -0.585864   -0.582684 0.000293618
          34    -0.58288   -0.582689 0.000285039
          35   -0.581904   -0.582667 0.000277777
          36   -0.583936   -0.582702 0.000272288
          37   -0.581128    -0.58266 0.000268233
          38   -0.579352   -0.582573 0.000274935
          39   -0.582592   -0.582573 0.000267885
          40    -0.58344   -0.582595 0.000262063
