           1    -0.89444    -0.89444           0
           2    -0.89264    -0.89354 0.000636396
           3   -0.898648   -0.895243  0.00145352
           4   -0.888632    -0.89359  0.00179913
           5   -0.890616   -0.892995  0.00153448
           6   -0.887008   -0.891997  0.00157001
           7    -0.88352   -0.890786   0.0017516
           8   -0.889448   -0.890619  0.00154062
           9   -0.894376   -0.891036  0.00142487
          10   -0.895448   -0.891478  0.00134895
          11   -0.888376   -0.891196  0.00125544
          12   -0.901352   -0.892042  0.00140749
          13   -0.888808   -0.891793  0.00132102
          14    -0.89044   -0.891697  0.00123019
          15   -0.890968   -0.891648  0.00114914
          16   -0.889744   -0.891529  0.00108346
          17   -0.892288   -0.891574  0.00102065
          18   -0.897688   -0.891913  0.00101891
          19   -0.898232   -0.892246  0.00101811
          20   -0.896976   -0.892482 0.000994291
           1    -0.89444    -0.89444           0
           2    -0.89264    -0.89354 0.000636396
           3   -0.898648   -0.895243  0.00145352
           4   -0.888632    -0.89359  0.00179913
           5   -0.890616   -0.892995  0.00153448
           6   -0.887008   -0.891997  0.00157001
           7    -0.88352   -0.890786   0.0017516
           8   -0.889448   -0.890619  0.00154062
           9   -0.894376   -0.891036  0.00142487
          10   -0.895448   -0.891478  0.00134895
          11   -0.888376   -0.891196  0.00125544
          12   -0.901352   -0.892042  0.00140749
          13   -0.888808   -0.891793  0.00132102
          14    -0.89044   -0.891697  0.00123019
          15   -0.890968   -0.891648  0.00114914
          16   -0.889744   -0.891529  0.00108346
          17   -0.892288   -0.891574  0.00102065
          18   -0.897688   -0.891913  0.00101891
          19   -0.898232   -0.892246  0.00101811
          20   -0.896976   -0.892482 0.000994291
           0        -nan        -nan        -nan
           1    -0.89264    -0.89264           0
           2   -0.898648   -0.895644  0.00212415
           3   -0.888632   -0.893307  0.00237643
           4   -0.890616   -0.892634  0.00187511
           5   -0.887008   -0.891509  0.00180641
           6    -0.88352   -0.890177  0.00193479
           7   -0.889448   -0.890073  0.00166119
           8   -0.894376   -0.890611  0.00153815
           9   -0.895448   -0.891148  0.00145812
          10   -0.888376   -0.890871  0.00133841
          11   -0.901352   -0.891824  0.00151847
          12   -0.888808   -0.891573  0.00141257
          13    -0.89044   -0.891486   0.0013066
          14   -0.890968   -0.891449  0.00121379
          15   -0.889744   -0.891335  0.00113818
          16   -0.892288   -0.891394   0.0010686
          17   -0.897688   -0.891765  0.00106795
          18   -0.898232   -0.892124  0.00106735
          19   -0.896976   -0.892379  0.00104127
          20    -0.88864   -0.892192  0.00100585
           0        -nan        -nan        -nan
           1    -0.89264    -0.89264           0
           2   -0.898648   -0.895644  0.00212415
           3   -0.888632   -0.893307  0.00237643
           4   -0.890616   -0.892634  0.00187511
           5   -0.887008   -0.891509  0.00180641
           6    -0.88352   -0.890177  0.00193479
           7   -0.889448   -0.890073  0.00166119
           8   -0.894376   -0.890611  0.00153815
           9   -0.895448   -0.891148  0.00145812
          10   -0.888376   -0.890871  0.00133841
          11   -0.901352   -0.891824  0.00151847
          12   -0.888808   -0.891573  0.00141257
          13    -0.89044   -0.891486   0.0013066
          14   -0.890968   -0.891449  0.00121379
          15   -0.889744   -0.891335  0.00113818
          16   -0.892288   -0.891394   0.0010686
          17   -0.897688   -0.891765  0.00106795
          18   -0.898232   -0.892124  0.00106735
          19   -0.896976   -0.892379  0.00104127
          20    -0.88864   -0.892192  0.00100585
           0        -nan        -nan        -nan
           1    -0.89264    -0.89264           0
           2   -0.898648   -0.895644  0.00212415
           3   -0.888632   -0.893307  0.00237643
           4   -0.890616   -0.892634  0.00187511
           5   -0.887008   -0.891509  0.00180641
           6    -0.88352   -0.890177  0.00193479
           7   -0.889448   -0.890073  0.00166119
           8   -0.894376   -0.890611  0.00153815
           9   -0.895448   -0.891148  0.00145812
          10   -0.888376   -0.890871  0.00133841
          11   -0.901352   -0.891824  0.00151847
          12   -0.888808   -0.891573  0.00141257
          13    -0.89044   -0.891486   0.0013066
          14   -0.890968   -0.891449  0.00121379
          15   -0.889744   -0.891335  0.00113818
          16   -0.892288   -0.891394   0.0010686
          17   -0.897688   -0.891765  0.00106795
          18   -0.898232   -0.892124  0.00106735
          19   -0.896976   -0.892379  0.00104127
          20    -0.88864   -0.892192  0.00100585
           0        -nan        -nan        -nan
           1   -0.998816   -0.998816           0
           2   -0.999952   -0.999384 0.000401637
           3   -0.999944   -0.999571 0.000308097
           4    -0.99976   -0.999618 0.000234681
           5   -0.999992   -0.999693 0.000199309
           6   -0.997856   -0.999387 0.000325091
           7          -1   -0.999474 0.000290217
           8    -0.99992    -0.99953 0.000259233
           9   -0.999936   -0.999575 0.000234321
          10   -0.999888   -0.999606 0.000212968
          11   -0.999088   -0.999559 0.000198753
          12   -0.999936   -0.999591 0.000184653
          13   -0.999936   -0.999617 0.000172349
          14   -0.999384   -0.999601 0.000160842
          15    -0.99992   -0.999622 0.000151522
          16    -0.99936   -0.999606 0.000142933
          17    -0.99996   -0.999626 0.000136038
          18   -0.998904   -0.999586 0.000134269
          19    -0.99988   -0.999602 0.000128089
          20   -0.999992   -0.999621 0.000123163
           0        -nan        -nan        -nan
           1    -0.89264    -0.89264           0
           2   -0.898648   -0.895644  0.00212415
           3   -0.888632   -0.893307  0.00237643
           4   -0.890616   -0.892634  0.00187511
           5   -0.887008   -0.891509  0.00180641
           6    -0.88352   -0.890177  0.00193479
           7   -0.889448   -0.890073  0.00166119
           8   -0.894376   -0.890611  0.00153815
           9   -0.895448   -0.891148  0.00145812
          10   -0.888376   -0.890871  0.00133841
          11   -0.901352   -0.891824  0.00151847
          12   -0.888808   -0.891573  0.00141257
          13    -0.89044   -0.891486   0.0013066
          14   -0.890968   -0.891449  0.00121379
          15   -0.889744   -0.891335  0.00113818
          16   -0.892288   -0.891394   0.0010686
          17   -0.897688   -0.891765  0.00106795
          18   -0.898232   -0.892124  0.00106735
          19   -0.896976   -0.892379  0.00104127
          20    -0.88864   -0.892192  0.00100585
           0        -nan        -nan        -nan
           1    -0.89264    -0.89264           0
           2   -0.898648   -0.895644  0.00212415
           3   -0.888632   -0.893307  0.00237643
           4   -0.890616   -0.892634  0.00187511
           5   -0.887008   -0.891509  0.00180641
           6    -0.88352   -0.890177  0.00193479
           7   -0.889448   -0.890073  0.00166119
           8   -0.894376   -0.890611  0.00153815
           9   -0.895448   -0.891148  0.00145812
          10   -0.888376   -0.890871  0.00133841
          11   -0.901352   -0.891824  0.00151847
          12   -0.888808   -0.891573  0.00141257
          13    -0.89044   -0.891486   0.0013066
          14   -0.890968   -0.891449  0.00121379
          15   -0.889744   -0.891335  0.00113818
          16   -0.892288   -0.891394   0.0010686
          17   -0.897688   -0.891765  0.00106795
          18   -0.898232   -0.892124  0.00106735
          19   -0.896976   -0.892379  0.00104127
          20    -0.88864   -0.892192  0.00100585
           0        -nan        -nan        -nan
           1    -0.89264    -0.89264           0
           2   -0.898648   -0.895644  0.00212415
           3   -0.888632   -0.893307  0.00237643
           4   -0.890616   -0.892634  0.00187511
           5   -0.887008   -0.891509  0.00180641
           6    -0.88352   -0.890177  0.00193479
           7   -0.889448   -0.890073  0.00166119
           8   -0.894376   -0.890611  0.00153815
           9   -0.895448   -0.891148  0.00145812
          10   -0.888376   -0.890871  0.00133841
          11   -0.901352   -0.891824  0.00151847
          12   -0.888808   -0.891573  0.00141257
          13    -0.89044   -0.891486   0.0013066
          14   -0.890968   -0.891449  0.00121379
          15   -0.889744   -0.891335  0.00113818
          16   -0.892288   -0.891394   0.0010686
          17   -0.897688   -0.891765  0.00106795
          18   -0.898232   -0.892124  0.00106735
          19   -0.896976   -0.892379  0.00104127
          20    -0.88864   -0.892192  0.00100585
           0        -nan        -nan        -nan
           1   -0.898648   -0.898648           0
           2   -0.888632    -0.89364  0.00354119
           3   -0.890616   -0.892632  0.00250014
           4   -0.887008   -0.891226  0.00223577
           5    -0.88352   -0.889685  0.00225818
           6   -0.889448   -0.889645  0.00188216
           7   -0.894376   -0.890321  0.00173036
           8   -0.895448   -0.890962  0.00162842
           9   -0.888376   -0.890675  0.00147262
          10   -0.901352   -0.891742  0.00166812
          11   -0.888808   -0.891476  0.00153765
          12    -0.89044   -0.891389  0.00141194
          13   -0.890968   -0.891357   0.0013037
          14   -0.889744   -0.891242  0.00121566
          15   -0.892288   -0.891311  0.00113661
          16   -0.897688    -0.89171  0.00113329
          17   -0.898232   -0.892094   0.0011297
          18   -0.896976   -0.892365  0.00109902
          19    -0.88864   -0.892169  0.00105852
          20   -0.891608   -0.892141  0.00100596
           0        -nan        -nan        -nan
           1   -0.898648   -0.898648           0
           2   -0.888632    -0.89364  0.00354119
           3   -0.890616   -0.892632  0.00250014
           4   -0.887008   -0.891226  0.00223577
           5    -0.88352   -0.889685  0.00225818
           6   -0.889448   -0.889645  0.00188216
           7   -0.894376   -0.890321  0.00173036
           8   -0.895448   -0.890962  0.00162842
           9   -0.888376   -0.890675  0.00147262
          10   -0.901352   -0.891742  0.00166812
          11   -0.888808   -0.891476  0.00153765
          12    -0.89044   -0.891389  0.00141194
          13   -0.890968   -0.891357   0.0013037
          14   -0.889744   -0.891242  0.00121566
          15   -0.892288   -0.891311  0.00113661
          16   -0.897688    -0.89171  0.00113329
          17   -0.898232   -0.892094   0.0011297
          18   -0.896976   -0.892365  0.00109902
          19    -0.88864   -0.892169  0.00105852
          20   -0.891608   -0.892141  0.00100596
           0        -nan        -nan        -nan
           1   -0.898648   -0.898648           0
           2   -0.888632    -0.89364  0.00354119
           3   -0.890616   -0.892632  0.00250014
           4   -0.887008   -0.891226  0.00223577
           5    -0.88352   -0.889685  0.00225818
           6   -0.889448   -0.889645  0.00188216
           7   -0.894376   -0.890321  0.00173036
           8   -0.895448   -0.890962  0.00162842
           9   -0.888376   -0.890675  0.00147262
          10   -0.901352   -0.891742  0.00166812
          11   -0.888808   -0.891476  0.00153765
          12    -0.89044   -0.891389  0.00141194
          13   -0.890968   -0.891357   0.0013037
          14   -0.889744   -0.891242  0.00121566
          15   -0.892288   -0.891311  0.00113661
          16   -0.897688    -0.89171  0.00113329
          17   -0.898232   -0.892094   0.0011297
          18   -0.896976   -0.892365  0.00109902
          19    -0.88864   -0.892169  0.00105852
          20   -0.891608   -0.892141  0.00100596
          21   -0.897568   -0.892399   0.0009907
          22   -0.895832   -0.892555 0.000957877
          23    -0.88612   -0.892275 0.000956221
          24   -0.889784   -0.892172 0.000921997
          25   -0.889664   -0.892071 0.000890556
          26   -0.887312   -0.891888 0.000874915
          27   -0.891104   -0.891859 0.000842993
          28   -0.892544   -0.891884 0.000813241
          29    -0.89004    -0.89182 0.000787679
          30   -0.892672   -0.891849 0.000761935
          31   -0.885216   -0.891635 0.000766807
          32    -0.88956    -0.89157  0.00074558
          33   -0.884296   -0.891349 0.000754865
          34   -0.903888   -0.891718   0.0008178
          35   -0.901472   -0.891997 0.000840578
          36   -0.896312   -0.892117 0.000825731
          37   -0.890744    -0.89208 0.000804246
          38   -0.894008    -0.89213 0.000784682
          39   -0.893728   -0.892171  0.00076563
          40   -0.890864   -0.892139 0.000747187
