           1    0.186088    0.186088           0
           2    0.154616    0.170352    0.011127
           3    0.138232    0.159645   0.0114651
           4    0.150192    0.157282  0.00883906
           5     0.11844    0.149514  0.00991368
           6    0.137168    0.147456  0.00847224
           7     0.16524    0.149997  0.00763334
           8    0.131208    0.147648  0.00703119
           9    0.147312    0.147611  0.00625005
          10    0.147316    0.147581  0.00562511
          11    0.153392    0.148109  0.00513848
          12    0.178332    0.150628  0.00529161
          13    0.136404    0.149534  0.00499641
          14    0.104712    0.146332  0.00557162
          15    0.179208    0.148524  0.00561474
          16    0.148024    0.148493   0.0052639
          17    0.149256    0.148538  0.00495445
          18    0.166484    0.149535  0.00477847
          19    0.125092    0.148248  0.00469695
          20     0.15818    0.148745  0.00448828
           0        -nan        -nan        -nan
           1           0           0           0
           2           0           0           0
           3           0           0           0
           4           0           0           0
           5           0           0           0
           6           0           0           0
           7           0           0           0
           8           0           0           0
           9           0           0           0
          10           0           0           0
          11           0           0           0
          12           0           0           0
          13           0           0           0
          14           0           0           0
          15           0           0           0
          16           0           0           0
          17           0           0           0
          18           0           0           0
          19           0           0           0
          20           0           0           0
           0        -nan        -nan        -nan
           1           0           0           0
           2           0           0           0
           3           0           0           0
           4           0           0           0
           5           0           0           0
           6           0           0           0
           7           0           0           0
           8           0           0           0
           9           0           0           0
          10           0           0           0
          11           0           0           0
          12           0           0           0
          13           0           0           0
          14           0           0           0
          15           0           0           0
          16           0           0           0
          17           0           0           0
          18           0           0           0
          19           0           0           0
          20           0           0           0
           0        -nan        -nan        -nan
           1    0.138232    0.138232           0
           2    0.150192    0.144212   0.0042285
           3     0.11844    0.135621  0.00755953
           4    0.137168    0.136008  0.00567953
           5     0.16524    0.141854   0.0069274
           6    0.131208     0.14008  0.00599577
           7    0.147312    0.141113  0.00522749
           8    0.147316    0.141888   0.0046312
           9    0.153392    0.143167  0.00428938
          10    0.178332    0.146683  0.00510219
          11    0.136404    0.145749  0.00472316
          12    0.104712    0.142329  0.00542818
          13    0.179208    0.145166  0.00570395
          14    0.148024     0.14537  0.00530017
          15    0.149256    0.145629  0.00495316
          16    0.166484    0.146932  0.00481203
          17    0.125092    0.145648  0.00469734
          18     0.15818    0.146344  0.00448768
          19    0.153084    0.146699  0.00426548
          20    0.153532     0.14704  0.00406587
           0        -nan        -nan        -nan
           1    0.764136    0.764136           0
           2     0.86256    0.813348   0.0347981
           3    0.588908    0.738535   0.0653417
           4    0.612908    0.707128   0.0560482
           5    0.775652    0.720833   0.0464839
           6    0.840684    0.740808   0.0428139
           7    0.850192    0.756434   0.0394463
           8     0.42774    0.715348   0.0516569
           9     0.78994    0.723636   0.0465774
          10     0.86858     0.73813   0.0441173
          11    0.519304    0.718237   0.0443656
          12    0.566652    0.705605   0.0424287
          13    0.804472     0.71321   0.0398407
          14      0.6849    0.711188   0.0370463
          15      0.2387    0.679689   0.0460607
          16      0.9312    0.695408   0.0457857
          17    0.849448    0.704469   0.0439799
          18      0.6219    0.699882   0.0417751
          19    0.476116    0.688105   0.0412031
          20    0.857204     0.69656    0.040001
           0        -nan        -nan        -nan
           1    0.075768    0.075768           0
           2    0.035408    0.055588   0.0142694
           3    0.048068   0.0530813  0.00973062
           4    0.074312    0.058389  0.00862489
           5    0.092056   0.0651224  0.00915859
           6     0.11524   0.0734753   0.0107885
           7    0.078172   0.0741463  0.00926817
           8    0.031824    0.068856  0.00950027
           9    0.066264    0.068568  0.00844905
          10    0.074928    0.069204  0.00762804
          11    0.048584   0.0673295  0.00716121
          12    0.068444   0.0674223  0.00656504
          13    0.101868    0.070072  0.00657303
          14    0.051184   0.0687229  0.00624045
          15    0.099188   0.0707539  0.00614605
          16    0.105732     0.07294  0.00613842
          17    0.062268   0.0723122  0.00580935
          18     0.10028    0.073866   0.0056906
          19    0.089492   0.0746884   0.0054502
          20    0.059708   0.0739394  0.00522891
           0        -nan        -nan        -nan
           1    0.138232    0.138232           0
           2    0.150192    0.144212   0.0042285
           3     0.11844    0.135621  0.00755953
           4    0.137168    0.136008  0.00567953
           5     0.16524    0.141854   0.0069274
           6    0.131208     0.14008  0.00599577
           7    0.147312    0.141113  0.00522749
           8    0.147316    0.141888   0.0046312
           9    0.153392    0.143167  0.00428938
          10    0.178332    0.146683  0.00510219
          11    0.136404    0.145749  0.00472316
          12    0.104712    0.142329  0.00542818
          13    0.179208    0.145166  0.00570395
          14    0.148024     0.14537  0.00530017
          15    0.149256    0.145629  0.00495316
          16    0.166484    0.146932  0.00481203
          17    0.125092    0.145648  0.00469734
          18     0.15818    0.146344  0.00448768
          19    0.153084    0.146699  0.00426548
          20    0.153532     0.14704  0.00406587
           0        -nan        -nan        -nan
           1    0.138232    0.138232           0
           2    0.150192    0.144212   0.0042285
           3     0.11844    0.135621  0.00755953
           4    0.137168    0.136008  0.00567953
           5     0.16524    0.141854   0.0069274
           6    0.131208     0.14008  0.00599577
           7    0.147312    0.141113  0.00522749
           8    0.147316    0.141888   0.0046312
           9    0.153392    0.143167  0.00428938
          10    0.178332    0.146683  0.00510219
          11    0.136404    0.145749  0.00472316
          12    0.104712    0.142329  0.00542818
          13    0.179208    0.145166  0.00570395
          14    0.148024     0.14537  0.00530017
          15    0.149256    0.145629  0.00495316
          16    0.166484    0.146932  0.00481203
          17    0.125092    0.145648  0.00469734
          18     0.15818    0.146344  0.00448768
          19    0.153084    0.146699  0.00426548
          20    0.153532     0.14704  0.00406587
           0        -nan        -nan        -nan
           1    0.150192    0.150192           0
           2     0.11844    0.134316    0.011226
           3    0.137168    0.135267  0.00752416
           4     0.16524     0.14276  0.00859985
           5    0.131208     0.14045  0.00718353
           6    0.147312    0.141593  0.00607664
           7    0.147316    0.142411  0.00526326
           8    0.153392    0.143784  0.00478099
           9    0.178332    0.147622  0.00558203
          10    0.136404      0.1465  0.00513531
          11    0.104712    0.142701  0.00590885
          12    0.179208    0.145744  0.00614994
          13    0.148024    0.145919  0.00567937
          14    0.149256    0.146157   0.0052787
          15    0.166484    0.147513  0.00509775
          16    0.125092    0.146111  0.00496801
          17     0.15818    0.146821  0.00472622
          18    0.153084    0.147169  0.00447644
          19    0.153532    0.147504  0.00425335
          20    0.152428     0.14775   0.0040478
           0        -nan        -nan        -nan
           1     0.11844     0.11844           0
           2    0.137168    0.127804  0.00662135
           3     0.16524    0.140283   0.0111039
           4    0.131208    0.138014  0.00855655
           5    0.147312    0.139874  0.00704442
           6    0.147316    0.141114  0.00597856
           7    0.153392    0.142868  0.00537562
           8    0.178332    0.147301  0.00627053
           9    0.136404     0.14609   0.0056895
          10    0.104712    0.141952  0.00645209
          11    0.179208    0.145339  0.00669571
          12    0.148024    0.145563  0.00614147
          13    0.149256    0.145847  0.00567562
          14    0.166484    0.147321  0.00545828
          15    0.125092    0.145839  0.00529175
          16     0.15818     0.14661  0.00501691
          17    0.153084    0.146991  0.00473623
          18    0.153532    0.147355  0.00448702
          19    0.152428    0.147622   0.0042588
          20    0.151556    0.147818   0.0040504
           0        -nan        -nan        -nan
           1    0.151724    0.151724           0
           2    0.136256     0.14399  0.00546876
           3    0.121368    0.136449  0.00715541
           4     0.16366    0.143252  0.00796914
           5     0.11478    0.137558     0.00816
           6    0.164868    0.142109  0.00796901
           7      0.1381    0.141537  0.00685114
           8    0.124292    0.139381  0.00632476
           9    0.163396    0.142049  0.00615921
          10      0.1522    0.143064  0.00562631
          11    0.160224    0.144624   0.0053267
          12    0.092756    0.140302  0.00640061
          13    0.144984    0.140662  0.00591838
          14    0.106036    0.138189  0.00599018
          15    0.133248    0.137859  0.00559988
          16    0.167004    0.139681  0.00553823
          17    0.177016    0.141877  0.00563108
          18    0.122364    0.140793  0.00542159
          19    0.138896    0.140693  0.00513716
          20    0.115332    0.139425  0.00503438
          21    0.162432    0.140521  0.00491241
          22    0.107252    0.139009  0.00491637
          23    0.142448    0.139158  0.00470488
          24    0.138284    0.139122  0.00450899
          25    0.154504    0.139737  0.00437041
          26      0.1716    0.140962  0.00437076
          27    0.112656    0.139914  0.00433279
          28    0.146376    0.140145  0.00418419
          29    0.157644    0.140748  0.00408319
          30    0.167508     0.14164  0.00404334
          31      0.0977    0.140223  0.00415393
          32    0.148052    0.140467  0.00403132
          33    0.185796    0.141841  0.00413655
          34    0.142676    0.141866  0.00401496
          35    0.101864    0.140723  0.00405966
          36    0.137348    0.140629  0.00394798
          37     0.14934    0.140864  0.00384829
          38    0.164136    0.141477  0.00379543
          39    0.166236    0.142112  0.00375083
          40    0.140016    0.142059  0.00365743
