           1     1.66775     1.66775           0
           2      1.6461     1.65692  0.00765561
           3     1.73136     1.68174    0.020893
           4     1.60756     1.66319    0.022438
           5     1.68772      1.6681   0.0184788
           6     1.72984     1.67839   0.0180377
           7     1.75928     1.68994   0.0188013
           8     1.70668     1.69204   0.0165672
           9     1.76851     1.70053   0.0167642
          10     1.69014     1.69949     0.01512
          11     1.69941     1.69949   0.0137454
          12     1.58683      1.6901   0.0154775
          13     1.68266     1.68953   0.0142975
          14     1.62345     1.68481   0.0140336
          15     1.66559     1.68352   0.0131563
          16     1.66891     1.68261   0.0123657
          17     1.70976     1.68421    0.011741
          18      1.6023     1.67966   0.0119381
          19      1.6636     1.67881   0.0113396
          20     1.67764     1.67875   0.0107728
           1     1.66775     1.66775           0
           2      1.6461     1.65692  0.00765561
           3     1.73136     1.68174    0.020893
           4     1.60756     1.66319    0.022438
           5     1.68772      1.6681   0.0184788
           6     1.72984     1.67839   0.0180377
           7     1.75928     1.68994   0.0188013
           8     1.70668     1.69204   0.0165672
           9     1.76851     1.70053   0.0167642
          10     1.69014     1.69949     0.01512
          11     1.69941     1.69949   0.0137454
          12     1.58683      1.6901   0.0154775
          13     1.68266     1.68953   0.0142975
          14     1.62345     1.68481   0.0140336
          15     1.66559     1.68352   0.0131563
          16     1.66891     1.68261   0.0123657
          17     1.70976     1.68421    0.011741
          18      1.6023     1.67966   0.0119381
          19      1.6636     1.67881   0.0113396
          20     1.67764     1.67875   0.0107728
           0        -nan        -nan        -nan
           1      1.6461      1.6461           0
           2     1.73136     1.68873   0.0301463
           3     1.60756     1.66167   0.0298658
           0        -nan        -nan        -nan
           1      1.6461      1.6461           0
           2     1.73136     1.68873   0.0301463
           3     1.60756     1.66167   0.0298658
           4     1.68772     1.66819   0.0230983
           5     1.72984     1.68052   0.0215194
           6     1.75928     1.69364    0.021568
           7     1.70668     1.69551   0.0185671
           8     1.76851     1.70463   0.0183521
           9     1.69014     1.70302   0.0163835
          10     1.69941     1.70266   0.0147491
          11     1.58683     1.69213   0.0167507
          12     1.68266     1.69134   0.0153734
          13     1.62345     1.68612   0.0150517
          14     1.66559     1.68465   0.0140478
          15     1.66891      1.6836   0.0131504
          16     1.70976     1.68524   0.0124297
          17      1.6023     1.68036   0.0126197
          18      1.6636     1.67943   0.0119529
          19     1.67764     1.67933   0.0113242
          20     1.67128     1.67893   0.0107652
           0        -nan        -nan        -nan
           1      1.6461      1.6461           0
           2     1.73136     1.68873   0.0301463
           3     1.60756     1.66167   0.0298658
           4     1.68772     1.66819   0.0230983
           5     1.72984     1.68052   0.0215194
           6     1.75928     1.69364    0.021568
           7     1.70668     1.69551   0.0185671
           8     1.76851     1.70463   0.0183521
           9     1.69014     1.70302   0.0163835
          10     1.69941     1.70266   0.0147491
          11     1.58683     1.69213   0.0167507
          12     1.68266     1.69134   0.0153734
          13     1.62345     1.68612   0.0150517
          14     1.66559     1.68465   0.0140478
          15     1.66891      1.6836   0.0131504
          16     1.70976     1.68524   0.0124297
          17      1.6023     1.68036   0.0126197
          18      1.6636     1.67943   0.0119529
          19     1.67764     1.67933   0.0113242
          20     1.67128     1.67893   0.0107652
           0        -nan        -nan        -nan
           1     5.38225     5.38225           0
           2     5.29666     5.33946    0.030261
           3     5.28638     5.32176   0.0248132
           4     5.56581     5.38278   0.0560196
           5     4.93322     5.29287   0.0920631
           6      4.8214     5.21429    0.105029
           7     4.63193     5.13109    0.118478
           8     5.55275      5.1838    0.114795
           9     5.21579     5.18736    0.102095
          10     4.99047     5.16767   0.0937645
          11     5.42168     5.19076    0.088038
          12     4.67644      5.1479   0.0905353
          13      5.3572       5.164   0.0849906
          14     5.41778     5.18213   0.0808298
          15     5.35774     5.19383   0.0762843
          16     5.52444      5.2145   0.0742623
          17      5.1258     5.20928    0.070077
          18     5.16944     5.20707   0.0662188
          19     4.78712     5.18496   0.0663198
          20     5.56072     5.20375   0.0656111
           0        -nan        -nan        -nan
           1      1.6461      1.6461           0
           2     1.73136     1.68873   0.0301463
           3     1.60756     1.66167   0.0298658
           4     1.68772     1.66819   0.0230983
           5     1.72984     1.68052   0.0215194
           6     1.75928     1.69364    0.021568
           7     1.70668     1.69551   0.0185671
           8     1.76851     1.70463   0.0183521
           9     1.69014     1.70302   0.0163835
          10     1.69941     1.70266   0.0147491
          11     1.58683     1.69213   0.0167507
          12     1.68266     1.69134   0.0153734
          13     1.62345     1.68612   0.0150517
          14     1.66559     1.68465   0.0140478
          15     1.66891      1.6836   0.0131504
          16     1.70976     1.68524   0.0124297
          17      1.6023     1.68036   0.0126197
          18      1.6636     1.67943   0.0119529
          19     1.67764     1.67933   0.0113242
          20     1.67128     1.67893   0.0107652
           0        -nan        -nan        -nan
           1      1.6461      1.6461           0
           2     1.73136     1.68873   0.0301463
           3     1.60756     1.66167   0.0298658
           4     1.68772     1.66819   0.0230983
           5     1.72984     1.68052   0.0215194
           6     1.75928     1.69364    0.021568
           7     1.70668     1.69551   0.0185671
           8     1.76851     1.70463   0.0183521
           9     1.69014     1.70302   0.0163835
          10     1.69941     1.70266   0.0147491
          11     1.58683     1.69213   0.0167507
          12     1.68266     1.69134   0.0153734
          13     1.62345     1.68612   0.0150517
          14     1.66559     1.68465   0.0140478
          15     1.66891      1.6836   0.0131504
          16     1.70976     1.68524   0.0124297
          17      1.6023     1.68036   0.0126197
          18      1.6636     1.67943   0.0119529
          19     1.67764     1.67933   0.0113242
          20     1.67128     1.67893   0.0107652
           0        -nan        -nan        -nan
           1      1.6461      1.6461           0
           2     1.73136     1.68873   0.0301463
           3     1.60756     1.66167   0.0298658
           4     1.68772     1.66819   0.0230983
           5     1.72984     1.68052   0.0215194
           6     1.75928     1.69364    0.021568
           7     1.70668     1.69551   0.0185671
           8     1.76851     1.70463   0.0183521
           9     1.69014     1.70302   0.0163835
          10     1.69941     1.70266   0.0147491
          11     1.58683     1.69213   0.0167507
          12     1.68266     1.69134   0.0153734
          13     1.62345     1.68612   0.0150517
          14     1.66559     1.68465   0.0140478
          15     1.66891      1.6836   0.0131504
          16     1.70976     1.68524   0.0124297
          17      1.6023     1.68036   0.0126197
          18      1.6636     1.67943   0.0119529
          19     1.67764     1.67933   0.0113242
          20     1.67128     1.67893   0.0107652
           0        -nan        -nan        -nan
           1     1.73136     1.73136           0
           2     1.60756     1.66946   0.0437715
           3     1.68772     1.67555   0.0296011
           4     1.72984     1.68912   0.0251201
           5     1.75928     1.70315   0.0236929
           6     1.70668     1.70374   0.0197514
           7     1.76851     1.71299   0.0189735
           8     1.69014     1.71014   0.0168155
           9     1.69941     1.70894   0.0149893
          10     1.58683     1.69673   0.0177821
          11     1.68266     1.69545   0.0162115
          12     1.62345     1.68945   0.0159322
          13     1.66559     1.68762    0.014812
          14     1.66891     1.68628   0.0138141
          15     1.70976     1.68785   0.0129816
          16      1.6023      1.6825   0.0132256
          17      1.6636     1.68139   0.0124942
          18     1.67764     1.68118   0.0118018
          19     1.67128     1.68066   0.0111922
          20     1.71603     1.68243   0.0107714
           0        -nan        -nan        -nan
           1     1.73136     1.73136           0
           2     1.60756     1.66946   0.0437715
           3     1.68772     1.67555   0.0296011
           4     1.72984     1.68912   0.0251201
           5     1.75928     1.70315   0.0236929
           6     1.70668     1.70374   0.0197514
           7     1.76851     1.71299   0.0189735
           8     1.69014     1.71014   0.0168155
           9     1.69941     1.70894   0.0149893
          10     1.58683     1.69673   0.0177821
          11     1.68266     1.69545   0.0162115
          12     1.62345     1.68945   0.0159322
          13     1.66559     1.68762    0.014812
          14     1.66891     1.68628   0.0138141
          15     1.70976     1.68785   0.0129816
          16      1.6023      1.6825   0.0132256
          17      1.6636     1.68139   0.0124942
          18     1.67764     1.68118   0.0118018
          19     1.67128     1.68066   0.0111922
          20     1.71603     1.68243   0.0107714
           0        -nan        -nan        -nan
           1     1.73136     1.73136           0
           2     1.60756     1.66946   0.0437715
           3     1.68772     1.67555   0.0296011
           4     1.72984     1.68912   0.0251201
           5     1.75928     1.70315   0.0236929
           6     1.70668     1.70374   0.0197514
           7     1.76851     1.71299   0.0189735
           8     1.69014     1.71014   0.0168155
           9     1.69941     1.70894   0.0149893
          10     1.58683     1.69673   0.0177821
          11     1.68266     1.69545   0.0162115
          12     1.62345     1.68945   0.0159322
          13     1.66559     1.68762    0.014812
          14     1.66891     1.68628   0.0138141
          15     1.70976     1.68785   0.0129816
          16      1.6023      1.6825   0.0132256
          17      1.6636     1.68139   0.0124942
          18     1.67764     1.68118   0.0118018
          19     1.67128     1.68066   0.0111922
          20     1.71603     1.68243   0.0107714
          21     1.63368     1.68011   0.0105056
          22     1.78359     1.68481    0.011031
          23     1.65758     1.68363   0.0106147
          24     1.68014     1.68348   0.0101734
          25     1.68293     1.68346  0.00976649
          26     1.70618     1.68433  0.00942986
          27     1.70671     1.68516  0.00911696
          28     1.64359     1.68368  0.00891142
          29     1.66333     1.68298  0.00863171
          30     1.67542     1.68272  0.00834766
          31     1.62227     1.68077  0.00830303
          32     1.71084     1.68171  0.00809656
          33     1.66058     1.68107   0.0078765
          34     1.65732     1.68037  0.00767577
          35      1.6755     1.68023  0.00745773
          36      1.7369     1.68181  0.00741481
          37     1.73411     1.68322  0.00734792
          38     1.74589     1.68487  0.00733728
          39     1.73106     1.68606   0.0072441
          40     1.65318     1.68523  0.00710947
           0        -nan        -nan        -nan
           1     1.73136     1.73136           0
           2     1.60756     1.66946   0.0437715
           3     1.68772     1.67555   0.0296011
           4     1.72984     1.68912   0.0251201
           5     1.75928     1.70315   0.0236929
           6     1.70668     1.70374   0.0197514
           7     1.76851     1.71299   0.0189735
           8     1.69014     1.71014   0.0168155
           9     1.69941     1.70894   0.0149893
          10     1.58683     1.69673   0.0177821
          11     1.68266     1.69545   0.0162115
          12     1.62345     1.68945   0.0159322
          13     1.66559     1.68762    0.014812
          14     1.66891     1.68628   0.0138141
          15     1.70976     1.68785   0.0129816
          16      1.6023      1.6825   0.0132256
          17      1.6636     1.68139   0.0124942
          18     1.67764     1.68118   0.0118018
          19     1.67128     1.68066   0.0111922
          20     1.71603     1.68243   0.0107714
          21     1.63368     1.68011   0.0105056
          22     1.78359     1.68481    0.011031
          23     1.65758     1.68363   0.0106147
          24     1.68014     1.68348   0.0101734
          25     1.68293     1.68346  0.00976649
          26     1.70618     1.68433  0.00942986
          27     1.70671     1.68516  0.00911696
          28     1.64359     1.68368  0.00891142
          29     1.66333     1.68298  0.00863171
          30     1.67542     1.68272  0.00834766
          31     1.62227     1.68077  0.00830303
          32     1.71084     1.68171  0.00809656
          33     1.66058     1.68107   0.0078765
          34     1.65732     1.68037  0.00767577
          35      1.6755     1.68023  0.00745773
          36      1.7369     1.68181  0.00741481
          37     1.73411     1.68322  0.00734792
          38     1.74589     1.68487  0.00733728
          39     1.73106     1.68606   0.0072441
          40     1.65318     1.68523  0.00710947
          41     1.72131     1.68611  0.00699029
          42     1.74615     1.68754  0.00696848
          43     1.68009     1.68737  0.00680858
          44     1.67434     1.68707  0.00666027
          45      1.6637     1.68655  0.00653249
          46     1.62715     1.68526  0.00651689
          47     1.69691     1.68551  0.00638295
          48      1.7192     1.68621  0.00628844
          49      1.6593     1.68566  0.00618405
          50     1.70425     1.68603  0.00607153
          51     1.73501       1.687  0.00602795
          52     1.61494     1.68561  0.00606922
          53     1.70515     1.68598  0.00596589
          54      1.6981      1.6862  0.00585963
          55     1.69063     1.68628  0.00575365
          56     1.73788      1.6872  0.00572421
          57     1.70992      1.6876  0.00563764
          58     1.68104     1.68749  0.00554157
          59     1.68027     1.68737    0.005449
          60     1.75115     1.68843  0.00546088
          61     1.65842     1.68794  0.00539347
          62     1.72993     1.68862  0.00534884
          63      1.7226     1.68916  0.00529107
          64      1.6629     1.68874  0.00522428
          65     1.74801     1.68966  0.00522287
          66     1.70135     1.68983  0.00514674
          67     1.67984     1.68968  0.00507209
          68     1.67403     1.68945  0.00500272
          69     1.67493     1.68924  0.00493464
          70     1.78708     1.69064  0.00505823
          71     1.76316     1.69166  0.00508906
          72     1.76642      1.6927  0.00512321
          73     1.70429     1.69286  0.00505549
          74      1.6565     1.69237    0.005011
          75     1.73497     1.69294  0.00497628
          76     1.66224     1.69253  0.00492716
          77     1.67921     1.69236  0.00486621
          78     1.67286     1.69211  0.00481024
          79     1.68874     1.69207  0.00474954
          80     1.71958     1.69241  0.00470261
          81     1.64998     1.69189  0.00467364
          82     1.62557     1.69108   0.0046861
          83     1.73266     1.69158  0.00465634
          84     1.71907     1.69191  0.00461239
          85     1.66638     1.69161  0.00456789
          86     1.69737     1.69167  0.00451527
          87     1.68171     1.69156  0.00446482
          88     1.65329     1.69112  0.00443522
          89     1.72512     1.69151  0.00440181
          90     1.75484     1.69221  0.00440878
          91     1.70832     1.69239  0.00436389
          92     1.73272     1.69283  0.00433842
          93     1.71324     1.69304  0.00429733
          94     1.68792     1.69299  0.00425196
          95     1.65746     1.69262  0.00422361
          96     1.66532     1.69233  0.00418918
          97     1.74669     1.69289  0.00418331
          98     1.74234      1.6934  0.00417093
          99     1.60435      1.6925  0.00422467
         100     1.70678     1.69264  0.00418484
           0        -nan        -nan        -nan
           1     1.73136     1.73136           0
           2     1.60756     1.66946   0.0437715
           3     1.68772     1.67555   0.0296011
           4     1.72984     1.68912   0.0251201
           5     1.75928     1.70315   0.0236929
           6     1.70668     1.70374   0.0197514
           7     1.76851     1.71299   0.0189735
           8     1.69014     1.71014   0.0168155
           9     1.69941     1.70894   0.0149893
          10     1.58683     1.69673   0.0177821
          11     1.68266     1.69545   0.0162115
          12     1.62345     1.68945   0.0159322
          13     1.66559     1.68762    0.014812
          14     1.66891     1.68628   0.0138141
          15     1.70976     1.68785   0.0129816
          16      1.6023      1.6825   0.0132256
          17      1.6636     1.68139   0.0124942
          18     1.67764     1.68118   0.0118018
          19     1.67128     1.68066   0.0111922
          20     1.71603     1.68243   0.0107714
          21     1.63368     1.68011   0.0105056
          22     1.78359     1.68481    0.011031
          23     1.65758     1.68363   0.0106147
          24     1.68014     1.68348   0.0101734
          25     1.68293     1.68346  0.00976649
          26     1.70618     1.68433  0.00942986
          27     1.70671     1.68516  0.00911696
          28     1.64359     1.68368  0.00891142
          29     1.66333     1.68298  0.00863171
          30     1.67542     1.68272  0.00834766
          31     1.62227     1.68077  0.00830303
          32     1.71084     1.68171  0.00809656
          33     1.66058     1.68107   0.0078765
          34     1.65732     1.68037  0.00767577
          35      1.6755     1.68023  0.00745773
          36      1.7369     1.68181  0.00741481
          37     1.73411     1.68322  0.00734792
          38     1.74589     1.68487  0.00733728
          39     1.73106     1.68606   0.0072441
          40     1.65318     1.68523  0.00710947
