           1     1.55047     1.55047           0
           2     1.49381     1.52214   0.0200327
           3     1.46647     1.50358   0.0201971
           4     1.46281     1.49339   0.0175318
           5     1.48954     1.49262   0.0140423
           6     1.51657     1.49661   0.0122563
           7     1.59725     1.51099   0.0169564
           8     1.48492     1.50773   0.0151467
           9     1.53379     1.51062   0.0137377
          10     1.49834      1.5094   0.0124187
          11     1.46857     1.50568   0.0118314
          12      1.4501     1.50105   0.0117171
          13     1.56658     1.50609   0.0118505
          14     1.48441     1.50454   0.0111048
          15     1.50936     1.50487   0.0103691
          16     1.51137     1.50527  0.00972901
          17      1.5304     1.50675  0.00926831
          18     1.54061     1.50863  0.00894222
          19     1.51683     1.50906  0.00848199
          20     1.46885     1.50705  0.00829282
           1     1.55047     1.55047           0
           2     1.49381     1.52214   0.0200327
           3     1.46647     1.50358   0.0201971
           4     1.46281     1.49339   0.0175318
           5     1.48954     1.49262   0.0140423
           6     1.51657     1.49661   0.0122563
           7     1.59725     1.51099   0.0169564
           8     1.48492     1.50773   0.0151467
           9     1.53379     1.51062   0.0137377
          10     1.49834      1.5094   0.0124187
          11     1.46857     1.50568   0.0118314
          12      1.4501     1.50105   0.0117171
          13     1.56658     1.50609   0.0118505
          14     1.48441     1.50454   0.0111048
          15     1.50936     1.50487   0.0103691
          16     1.51137     1.50527  0.00972901
          17      1.5304     1.50675  0.00926831
          18     1.54061     1.50863  0.00894222
          19     1.51683     1.50906  0.00848199
          20     1.46885     1.50705  0.00829282
           0        -nan        -nan        -nan
           1     1.49381     1.49381           0
           2     1.46647     1.48014  0.00966578
           3     1.46281     1.47436  0.00798467
           4     1.48954     1.47816  0.00683097
           5     1.51657     1.48584  0.00878001
           6     1.59725     1.50441   0.0184617
           7     1.48492     1.50162   0.0160329
           8     1.53379     1.50564   0.0145241
           9     1.49834     1.50483   0.0129329
          10     1.46857     1.50121   0.0121374
          11      1.4501     1.49656     0.01189
          12     1.56658      1.5024   0.0122475
          13     1.48441     1.50101   0.0113833
          14     1.50936     1.50161   0.0105858
          15     1.51137     1.50226  0.00990007
          16      1.5304     1.50402  0.00943625
          17     1.54061     1.50617  0.00912332
          18     1.51683     1.50676  0.00863568
          19     1.46885     1.50477  0.00840859
          20      1.5336     1.50621  0.00811077
           0        -nan        -nan        -nan
           1     1.49381     1.49381           0
           2     1.46647     1.48014  0.00966578
           3     1.46281     1.47436  0.00798467
           4     1.48954     1.47816  0.00683097
           5     1.51657     1.48584  0.00878001
           6     1.59725     1.50441   0.0184617
           7     1.48492     1.50162   0.0160329
           8     1.53379     1.50564   0.0145241
           9     1.49834     1.50483   0.0129329
          10     1.46857     1.50121   0.0121374
          11      1.4501     1.49656     0.01189
          12     1.56658      1.5024   0.0122475
          13     1.48441     1.50101   0.0113833
          14     1.50936     1.50161   0.0105858
          15     1.51137     1.50226  0.00990007
          16      1.5304     1.50402  0.00943625
          17     1.54061     1.50617  0.00912332
          18     1.51683     1.50676  0.00863568
          19     1.46885     1.50477  0.00840859
          20      1.5336     1.50621  0.00811077
           0        -nan        -nan        -nan
           1     4.19906     4.19906           0
           2     4.28737     4.24321   0.0312214
           3     3.99125     4.15923   0.0716641
           4     4.60496     4.27066    0.110462
           5     4.35059     4.28665   0.0895188
           6     4.09159     4.25414   0.0802852
           7     4.25378     4.25409   0.0688159
           8      4.3336     4.26403   0.0609275
           9     4.19917     4.25682   0.0545822
          10     4.67973     4.29911   0.0634262
          11     4.59968     4.32644   0.0632726
          12     4.25512     4.32049   0.0582783
          13     4.79952     4.35734   0.0643993
          14     3.85475     4.32144   0.0690846
          15     4.37317     4.32489    0.064565
          16     4.29687     4.32314   0.0605535
          17     4.37815     4.32637   0.0570779
          18     4.62799     4.34313   0.0563128
          19     4.41364     4.34684   0.0534711
          20     4.40248     4.34962   0.0508699
           0        -nan        -nan        -nan
           1     1.49381     1.49381           0
           2     1.46647     1.48014  0.00966578
           3     1.46281     1.47436  0.00798467
           4     1.48954     1.47816  0.00683097
           5     1.51657     1.48584  0.00878001
           6     1.59725     1.50441   0.0184617
           7     1.48492     1.50162   0.0160329
           8     1.53379     1.50564   0.0145241
           9     1.49834     1.50483   0.0129329
          10     1.46857     1.50121   0.0121374
          11      1.4501     1.49656     0.01189
          12     1.56658      1.5024   0.0122475
          13     1.48441     1.50101   0.0113833
          14     1.50936     1.50161   0.0105858
          15     1.51137     1.50226  0.00990007
          16      1.5304     1.50402  0.00943625
          17     1.54061     1.50617  0.00912332
          18     1.51683     1.50676  0.00863568
          19     1.46885     1.50477  0.00840859
          20      1.5336     1.50621  0.00811077
           0        -nan        -nan        -nan
           1     1.49381     1.49381           0
           2     1.46647     1.48014  0.00966578
           3     1.46281     1.47436  0.00798467
           4     1.48954     1.47816  0.00683097
           5     1.51657     1.48584  0.00878001
           6     1.59725     1.50441   0.0184617
           7     1.48492     1.50162   0.0160329
           8     1.53379     1.50564   0.0145241
           9     1.49834     1.50483   0.0129329
          10     1.46857     1.50121   0.0121374
          11      1.4501     1.49656     0.01189
          12     1.56658      1.5024   0.0122475
          13     1.48441     1.50101   0.0113833
          14     1.50936     1.50161   0.0105858
          15     1.51137     1.50226  0.00990007
          16      1.5304     1.50402  0.00943625
          17     1.54061     1.50617  0.00912332
          18     1.51683     1.50676  0.00863568
          19     1.46885     1.50477  0.00840859
          20      1.5336     1.50621  0.00811077
           0        -nan        -nan        -nan
           1     1.49381     1.49381           0
           2     1.46647     1.48014  0.00966578
           3     1.46281     1.47436  0.00798467
           4     1.48954     1.47816  0.00683097
           5     1.51657     1.48584  0.00878001
           6     1.59725     1.50441   0.0184617
           7     1.48492     1.50162   0.0160329
           8     1.53379     1.50564   0.0145241
           9     1.49834     1.50483   0.0129329
          10     1.46857     1.50121   0.0121374
          11      1.4501     1.49656     0.01189
          12     1.56658      1.5024   0.0122475
          13     1.48441     1.50101   0.0113833
          14     1.50936     1.50161   0.0105858
          15     1.51137     1.50226  0.00990007
          16      1.5304     1.50402  0.00943625
          17     1.54061     1.50617  0.00912332
          18     1.51683     1.50676  0.00863568
          19     1.46885     1.50477  0.00840859
          20      1.5336     1.50621  0.00811077
           0        -nan        -nan        -nan
           1     1.46647     1.46647           0
           2     1.46281     1.46464  0.00129214
           3     1.48954     1.47294  0.00683174
           4     1.51657     1.48385   0.0107468
           5     1.59725     1.50653   0.0220319
           6     1.48492     1.50293    0.018652
           7     1.53379     1.50733   0.0165002
           8     1.49834     1.50621   0.0144759
           9     1.46857     1.50203   0.0134581
          10      1.4501     1.49684   0.0130758
          11     1.56658     1.50318    0.013336
          12     1.48441     1.50161    0.012316
          13     1.50936     1.50221   0.0113831
          14     1.51137     1.50286   0.0105888
          15      1.5304      1.5047   0.0100407
          16     1.54061     1.50694  0.00966075
          17     1.51683     1.50752  0.00910997
          18     1.46885     1.50538  0.00885366
          19      1.5336     1.50686  0.00851134
          20     1.47453     1.50524   0.0082379
           0        -nan        -nan        -nan
           1     1.46647     1.46647           0
           2     1.46281     1.46464  0.00129214
           3     1.48954     1.47294  0.00683174
           4     1.51657     1.48385   0.0107468
           5     1.59725     1.50653   0.0220319
           6     1.48492     1.50293    0.018652
           7     1.53379     1.50733   0.0165002
           8     1.49834     1.50621   0.0144759
           9     1.46857     1.50203   0.0134581
          10      1.4501     1.49684   0.0130758
          11     1.56658     1.50318    0.013336
          12     1.48441     1.50161    0.012316
          13     1.50936     1.50221   0.0113831
          14     1.51137     1.50286   0.0105888
          15      1.5304      1.5047   0.0100407
          16     1.54061     1.50694  0.00966075
          17     1.51683     1.50752  0.00910997
          18     1.46885     1.50538  0.00885366
          19      1.5336     1.50686  0.00851134
          20     1.47453     1.50524   0.0082379
           0        -nan        -nan        -nan
           1     1.46647     1.46647           0
           2     1.46281     1.46464  0.00129214
           3     1.48954     1.47294  0.00683174
           4     1.51657     1.48385   0.0107468
           5     1.59725     1.50653   0.0220319
           6     1.48492     1.50293    0.018652
           7     1.53379     1.50733   0.0165002
           8     1.49834     1.50621   0.0144759
           9     1.46857     1.50203   0.0134581
          10      1.4501     1.49684   0.0130758
          11     1.56658     1.50318    0.013336
          12     1.48441     1.50161    0.012316
          13     1.50936     1.50221   0.0113831
          14     1.51137     1.50286   0.0105888
          15      1.5304      1.5047   0.0100407
          16     1.54061     1.50694  0.00966075
          17     1.51683     1.50752  0.00910997
          18     1.46885     1.50538  0.00885366
          19      1.5336     1.50686  0.00851134
          20     1.47453     1.50524   0.0082379
          21     1.52155     1.50602  0.00788212
          22     1.53993     1.50756  0.00767305
          23     1.57907     1.51067  0.00794437
          24      1.5208     1.51109  0.00762457
          25     1.58225     1.51394  0.00783282
          26     1.52773     1.51447   0.0075495
          27       1.458     1.51238  0.00755408
          28     1.48704     1.51147  0.00733828
          29     1.49728     1.51098  0.00710153
          30     1.53216     1.51169  0.00689979
          31     1.46685     1.51024  0.00682712
          32     1.48571     1.50948  0.00665668
          33     1.49587     1.50906  0.00646772
          34     1.48303      1.5083  0.00632265
          35     1.50308     1.50815  0.00614376
          36     1.55162     1.50936  0.00609059
          37     1.45934     1.50801  0.00607413
          38     1.52513     1.50846  0.00593098
          39     1.48588     1.50788  0.00580709
          40      1.4856     1.50732  0.00568857
