           1   -0.646224   -0.646224           0
           2   -0.648544   -0.647384 0.000820244
           3   -0.646504   -0.647091  0.00059698
           4    -0.64292   -0.646048  0.00100788
           5   -0.645648   -0.645968 0.000809477
           6   -0.646968   -0.646135 0.000691509
           7   -0.647992     -0.6464  0.00064161
           8    -0.64624    -0.64638 0.000561721
           9    -0.64704   -0.646453 0.000504071
          10   -0.646152   -0.646423 0.000454564
          11   -0.647184   -0.646492 0.000418469
          12   -0.645392   -0.646401 0.000393515
          13    -0.64784   -0.646511   0.0003785
          14   -0.649744   -0.646742 0.000415973
          15     -0.6452   -0.646639 0.000400748
          16   -0.645984   -0.646598 0.000377789
          17    -0.64684   -0.646613 0.000355833
          18   -0.643888   -0.646461 0.000366852
          19    -0.64988   -0.646641 0.000389175
          20   -0.642848   -0.646452 0.000413357
           1   -0.646224   -0.646224           0
           2   -0.648544   -0.647384 0.000820244
           3   -0.646504   -0.647091  0.00059698
           4    -0.64292   -0.646048  0.00100788
           5   -0.645648   -0.645968 0.000809477
           6   -0.646968   -0.646135 0.000691509
           7   -0.647992     -0.6464  0.00064161
           8    -0.64624    -0.64638 0.000561721
           9    -0.64704   -0.646453 0.000504071
          10   -0.646152   -0.646423 0.000454564
          11   -0.647184   -0.646492 0.000418469
          12   -0.645392   -0.646401 0.000393515
          13    -0.64784   -0.646511   0.0003785
          14   -0.649744   -0.646742 0.000415973
          15     -0.6452   -0.646639 0.000400748
          16   -0.645984   -0.646598 0.000377789
          17    -0.64684   -0.646613 0.000355833
          18   -0.643888   -0.646461 0.000366852
          19    -0.64988   -0.646641 0.000389175
          20   -0.642848   -0.646452 0.000413357
           0        -nan        -nan        -nan
           1   -0.648544   -0.648544           0
           2   -0.646504   -0.647524 0.000721249
           3    -0.64292   -0.645989  0.00134214
           4   -0.645648   -0.645904  0.00100931
           5   -0.646968   -0.646117  0.00082958
           6   -0.647992   -0.646429 0.000747874
           7    -0.64624   -0.646402 0.000641524
           8    -0.64704   -0.646482 0.000566265
           9   -0.646152   -0.646445 0.000504532
          10   -0.647184   -0.646519 0.000459454
          11   -0.645392   -0.646417 0.000428961
          12    -0.64784   -0.646535 0.000409283
          13   -0.649744   -0.646782 0.000446057
          14     -0.6452   -0.646669 0.000428272
          15   -0.645984   -0.646623 0.000402149
          16    -0.64684   -0.646637 0.000377243
          17   -0.643888   -0.646475 0.000388165
          18    -0.64988   -0.646664 0.000410105
          19   -0.642848   -0.646464 0.000434939
          20   -0.649432   -0.646612 0.000437784
           0        -nan        -nan        -nan
           1   -0.648544   -0.648544           0
           2   -0.646504   -0.647524 0.000721249
           3    -0.64292   -0.645989  0.00134214
           4   -0.645648   -0.645904  0.00100931
           5   -0.646968   -0.646117  0.00082958
           6   -0.647992   -0.646429 0.000747874
           7    -0.64624   -0.646402 0.000641524
           8    -0.64704   -0.646482 0.000566265
           9   -0.646152   -0.646445 0.000504532
          10   -0.647184   -0.646519 0.000459454
          11   -0.645392   -0.646417 0.000428961
          12    -0.64784   -0.646535 0.000409283
          13   -0.649744   -0.646782 0.000446057
          14     -0.6452   -0.646669 0.000428272
          15   -0.645984   -0.646623 0.000402149
          16    -0.64684   -0.646637 0.000377243
          17   -0.643888   -0.646475 0.000388165
          18    -0.64988   -0.646664 0.000410105
          19   -0.642848   -0.646464 0.000434939
          20   -0.649432   -0.646612 0.000437784
           0        -nan        -nan        -nan
           1   -0.648544   -0.648544           0
           2   -0.646504   -0.647524 0.000721249
           3    -0.64292   -0.645989  0.00134214
           4   -0.645648   -0.645904  0.00100931
           5   -0.646968   -0.646117  0.00082958
           6   -0.647992   -0.646429 0.000747874
           7    -0.64624   -0.646402 0.000641524
           8    -0.64704   -0.646482 0.000566265
           9   -0.646152   -0.646445 0.000504532
          10   -0.647184   -0.646519 0.000459454
          11   -0.645392   -0.646417 0.000428961
          12    -0.64784   -0.646535 0.000409283
          13   -0.649744   -0.646782 0.000446057
          14     -0.6452   -0.646669 0.000428272
          15   -0.645984   -0.646623 0.000402149
          16    -0.64684   -0.646637 0.000377243
          17   -0.643888   -0.646475 0.000388165
          18    -0.64988   -0.646664 0.000410105
          19   -0.642848   -0.646464 0.000434939
          20   -0.649432   -0.646612 0.000437784
           0        -nan        -nan        -nan
           1      -0.914      -0.914           0
           2    -0.92256    -0.91828  0.00302642
           3   -0.909128   -0.915229  0.00320548
           4    -0.91248   -0.914542  0.00247671
           5    -0.91176   -0.913986  0.00204291
           6   -0.905168   -0.912516  0.00216749
           7   -0.909208   -0.912043  0.00190867
           8   -0.907632   -0.911492  0.00174793
           9   -0.920352   -0.912476  0.00180983
          10   -0.905536   -0.911782  0.00175689
          11   -0.918392   -0.912383  0.00169682
          12   -0.909968   -0.912182  0.00156731
          13   -0.912488   -0.912206  0.00144692
          14    -0.91492   -0.912399   0.0013565
          15   -0.913192   -0.912452  0.00126709
          16    -0.91256   -0.912459  0.00118792
          17   -0.922976   -0.913078  0.00126895
          18   -0.914168   -0.913138   0.0011999
          19   -0.911488   -0.913051  0.00113988
          20   -0.914072   -0.913102  0.00108403
           0        -nan        -nan        -nan
           1   -0.648544   -0.648544           0
           2   -0.646504   -0.647524 0.000721249
           3    -0.64292   -0.645989  0.00134214
           4   -0.645648   -0.645904  0.00100931
           5   -0.646968   -0.646117  0.00082958
           6   -0.647992   -0.646429 0.000747874
           7    -0.64624   -0.646402 0.000641524
           8    -0.64704   -0.646482 0.000566265
           9   -0.646152   -0.646445 0.000504532
          10   -0.647184   -0.646519 0.000459454
          11   -0.645392   -0.646417 0.000428961
          12    -0.64784   -0.646535 0.000409283
          13   -0.649744   -0.646782 0.000446057
          14     -0.6452   -0.646669 0.000428272
          15   -0.645984   -0.646623 0.000402149
          16    -0.64684   -0.646637 0.000377243
          17   -0.643888   -0.646475 0.000388165
          18    -0.64988   -0.646664 0.000410105
          19   -0.642848   -0.646464 0.000434939
          20   -0.649432   -0.646612 0.000437784
           0        -nan        -nan        -nan
           1   -0.648544   -0.648544           0
           2   -0.646504   -0.647524 0.000721249
           3    -0.64292   -0.645989  0.00134214
           4   -0.645648   -0.645904  0.00100931
           5   -0.646968   -0.646117  0.00082958
           6   -0.647992   -0.646429 0.000747874
           7    -0.64624   -0.646402 0.000641524
           8    -0.64704   -0.646482 0.000566265
           9   -0.646152   -0.646445 0.000504532
          10   -0.647184   -0.646519 0.000459454
          11   -0.645392   -0.646417 0.000428961
          12    -0.64784   -0.646535 0.000409283
          13   -0.649744   -0.646782 0.000446057
          14     -0.6452   -0.646669 0.000428272
          15   -0.645984   -0.646623 0.000402149
          16    -0.64684   -0.646637 0.000377243
          17   -0.643888   -0.646475 0.000388165
          18    -0.64988   -0.646664 0.000410105
          19   -0.642848   -0.646464 0.000434939
          20   -0.649432   -0.646612 0.000437784
           0        -nan        -nan        -nan
           1   -0.648544   -0.648544           0
           2   -0.646504   -0.647524 0.000721249
           3    -0.64292   -0.645989  0.00134214
           4   -0.645648   -0.645904  0.00100931
           5   -0.646968   -0.646117  0.00082958
           6   -0.647992   -0.646429 0.000747874
           7    -0.64624   -0.646402 0.000641524
           8    -0.64704   -0.646482 0.000566265
           9   -0.646152   -0.646445 0.000504532
          10   -0.647184   -0.646519 0.000459454
          11   -0.645392   -0.646417 0.000428961
          12    -0.64784   -0.646535 0.000409283
          13   -0.649744   -0.646782 0.000446057
          14     -0.6452   -0.646669 0.000428272
          15   -0.645984   -0.646623 0.000402149
          16    -0.64684   -0.646637 0.000377243
          17   -0.643888   -0.646475 0.000388165
          18    -0.64988   -0.646664 0.000410105
          19   -0.642848   -0.646464 0.000434939
          20   -0.649432   -0.646612 0.000437784
           0        -nan        -nan        -nan
           1   -0.646504   -0.646504           0
           2    -0.64292   -0.644712  0.00126714
           3   -0.645648   -0.645024 0.000882332
           4   -0.646968    -0.64551 0.000784257
           5   -0.647992   -0.646006 0.000768614
           6    -0.64624   -0.646045 0.000641497
           7    -0.64704   -0.646187 0.000565373
           8   -0.646152   -0.646183 0.000494719
           9   -0.647184   -0.646294  0.00045208
          10   -0.645392   -0.646204 0.000415777
          11    -0.64784   -0.646353 0.000403704
          12   -0.649744   -0.646635 0.000458429
          13     -0.6452   -0.646525 0.000436258
          14   -0.645984   -0.646486 0.000406804
          15    -0.64684    -0.64651 0.000380367
          16   -0.643888   -0.646346 0.000390299
          17    -0.64988   -0.646554 0.000419061
          18   -0.642848   -0.646348  0.00044348
          19   -0.649432    -0.64651 0.000448861
          20    -0.64564   -0.646467 0.000428522
           0        -nan        -nan        -nan
           1   -0.646504   -0.646504           0
           2    -0.64292   -0.644712  0.00126714
           3   -0.645648   -0.645024 0.000882332
           4   -0.646968    -0.64551 0.000784257
           5   -0.647992   -0.646006 0.000768614
           6    -0.64624   -0.646045 0.000641497
           7    -0.64704   -0.646187 0.000565373
           8   -0.646152   -0.646183 0.000494719
           9   -0.647184   -0.646294  0.00045208
          10   -0.645392   -0.646204 0.000415777
          11    -0.64784   -0.646353 0.000403704
          12   -0.649744   -0.646635 0.000458429
          13     -0.6452   -0.646525 0.000436258
          14   -0.645984   -0.646486 0.000406804
          15    -0.64684    -0.64651 0.000380367
          16   -0.643888   -0.646346 0.000390299
          17    -0.64988   -0.646554 0.000419061
          18   -0.642848   -0.646348  0.00044348
          19   -0.649432    -0.64651 0.000448861
          20    -0.64564   -0.646467 0.000428522
           0        -nan        -nan        -nan
           1   -0.646504   -0.646504           0
           2    -0.64292   -0.644712  0.00126714
           3   -0.645648   -0.645024 0.000882332
           4   -0.646968    -0.64551 0.000784257
           5   -0.647992   -0.646006 0.000768614
           6    -0.64624   -0.646045 0.000641497
           7    -0.64704   -0.646187 0.000565373
           8   -0.646152   -0.646183 0.000494719
           9   -0.647184   -0.646294  0.00045208
          10   -0.645392   -0.646204 0.000415777
          11    -0.64784   -0.646353 0.000403704
          12   -0.649744   -0.646635 0.000458429
          13     -0.6452   -0.646525 0.000436258
          14   -0.645984   -0.646486 0.000406804
          15    -0.64684    -0.64651 0.000380367
          16   -0.643888   -0.646346 0.000390299
          17    -0.64988   -0.646554 0.000419061
          18   -0.642848   -0.646348  0.00044348
          19   -0.649432    -0.64651 0.000448861
          20    -0.64564   -0.646467 0.000428522
          21   -0.646208   -0.646454 0.000408293
          22   -0.646896   -0.646475 0.000390228
          23   -0.646912   -0.646494 0.000373724
          24   -0.646736   -0.646504 0.000358289
          25   -0.644504   -0.646424 0.000352773
          26   -0.646136   -0.646413 0.000339378
          27    -0.64636   -0.646411 0.000326814
          28   -0.646224   -0.646404  0.00031521
          29   -0.642352   -0.646264 0.000333876
          30   -0.647216   -0.646296  0.00032425
          31    -0.64644   -0.646301 0.000313824
          32   -0.646344   -0.646302  0.00030402
          33   -0.651336   -0.646455 0.000330872
          34    -0.64696   -0.646469 0.000321474
          35   -0.647384   -0.646496 0.000313349
          36    -0.64408   -0.646428 0.000311746
          37    -0.64612    -0.64642 0.000303432
          38   -0.643152   -0.646334 0.000307394
          39   -0.648456   -0.646389 0.000304289
          40   -0.649296   -0.646461  0.00030524
