           1    0.066692    0.066692           0
           2     0.06738    0.067036 0.000243245
           3    0.059516   0.0645293   0.0020531
           4    0.058564    0.063038  0.00200975
           5    0.059316   0.0622936  0.00174021
           6     0.07988   0.0652247   0.0030434
           7    0.078384   0.0671046  0.00313594
           8    0.091384   0.0701395  0.00394825
           9    0.067308   0.0698249  0.00352207
          10     0.07574   0.0704164  0.00321915
          11      0.0741   0.0707513  0.00294387
          12    0.064564   0.0702357  0.00274333
          13    0.069156   0.0701526  0.00253356
          14    0.069096   0.0700771  0.00235371
          15    0.067736   0.0699211  0.00220197
          16    0.058692   0.0692193  0.00217331
          17    0.089232   0.0703965  0.00234271
          18    0.061436   0.0698987  0.00226483
          19    0.074736   0.0701533  0.00215989
          20    0.061684   0.0697298  0.00209299
           0        -nan        -nan        -nan
           1           0           0           0
           2           0           0           0
           3           0           0           0
           4           0           0           0
           5           0           0           0
           6           0           0           0
           7           0           0           0
           8           0           0           0
           9           0           0           0
          10           0           0           0
          11           0           0           0
          12           0           0           0
          13           0           0           0
          14           0           0           0
          15           0           0           0
          16           0           0           0
          17           0           0           0
          18           0           0           0
          19           0           0           0
          20           0           0           0
           0        -nan        -nan        -nan
           1           0           0           0
           2           0           0           0
           3           0           0           0
           4           0           0           0
           5           0           0           0
           6           0           0           0
           7           0           0           0
           8           0           0           0
           9           0           0           0
          10           0           0           0
          11           0           0           0
          12           0           0           0
          13           0           0           0
          14           0           0           0
          15           0           0           0
          16           0           0           0
          17           0           0           0
          18           0           0           0
          19           0           0           0
          20           0           0           0
           0        -nan        -nan        -nan
           1    0.059516    0.059516           0
           2    0.058564     0.05904 0.000336583
           3    0.059316    0.059132 0.000236628
           4     0.07988    0.064319  0.00449558
           5    0.078384    0.067132  0.00438918
           6    0.091384    0.071174   0.0051955
           7    0.067308   0.0706217  0.00448254
           8     0.07574   0.0712615  0.00396762
           9      0.0741   0.0715769  0.00353929
          10    0.064564   0.0708756  0.00325409
          11    0.069156   0.0707193  0.00296202
          12    0.069096    0.070584  0.00271827
          13    0.067736   0.0703649  0.00251799
          14    0.058692   0.0695311  0.00247232
          15    0.089232   0.0708445  0.00263336
          16    0.061436   0.0702565  0.00253358
          17    0.074736     0.07052  0.00239821
          18    0.061684   0.0700291  0.00231467
          19     0.05664   0.0693244  0.00229761
          20    0.045564   0.0681364  0.00247086
           0        -nan        -nan        -nan
           1    0.139272    0.139272           0
           2    0.294804    0.217038   0.0549889
           3    0.275644    0.236573    0.039979
           4    0.361632    0.267838   0.0404001
           5    0.468688    0.308008   0.0483269
           6    0.211024    0.291844   0.0428905
           7    0.321032    0.296014   0.0369654
           8    0.206064     0.28477   0.0340118
           9     0.27762    0.283976    0.030242
          10    0.398568    0.295435   0.0293085
          11     0.33634    0.299153    0.026879
          12     0.42928    0.309997   0.0267371
          13    0.217596     0.30289   0.0256078
          14    0.519172    0.318338   0.0280542
          15    0.393912    0.323377   0.0266325
          16    0.466856    0.332344   0.0264346
          17     0.31932    0.331578   0.0248908
          18    0.383276     0.33445   0.0236731
          19    0.275248    0.331334   0.0226312
          20    0.248484    0.327192   0.0218755
           0        -nan        -nan        -nan
           1    0.024704    0.024704           0
           2    0.035432    0.030068  0.00379292
           3     0.02084    0.026992  0.00356395
           4     0.04212    0.030774  0.00422757
           5      0.0276   0.0301392  0.00342939
           6    0.053424     0.03402  0.00455167
           7    0.036396   0.0343594  0.00391406
           8    0.037856   0.0347965  0.00344912
           9    0.022512   0.0334316  0.00332501
          10    0.041132   0.0342016  0.00308039
          11    0.008732   0.0318862  0.00356592
          12    0.047164   0.0331593  0.00348864
          13     0.02554   0.0325732  0.00326915
          14    0.052056   0.0339649  0.00331864
          15    0.032332    0.033856  0.00309918
          16    0.037332   0.0340732  0.00291309
          17    0.019312   0.0332049  0.00286822
          18     0.03772   0.0334558  0.00271982
          19     0.04704   0.0341707  0.00266899
          20    0.021208   0.0335226  0.00261305
           0        -nan        -nan        -nan
           1    0.059516    0.059516           0
           2    0.058564     0.05904 0.000336583
           3    0.059316    0.059132 0.000236628
           4     0.07988    0.064319  0.00449558
           5    0.078384    0.067132  0.00438918
           6    0.091384    0.071174   0.0051955
           7    0.067308   0.0706217  0.00448254
           8     0.07574   0.0712615  0.00396762
           9      0.0741   0.0715769  0.00353929
          10    0.064564   0.0708756  0.00325409
          11    0.069156   0.0707193  0.00296202
          12    0.069096    0.070584  0.00271827
          13    0.067736   0.0703649  0.00251799
          14    0.058692   0.0695311  0.00247232
          15    0.089232   0.0708445  0.00263336
          16    0.061436   0.0702565  0.00253358
          17    0.074736     0.07052  0.00239821
          18    0.061684   0.0700291  0.00231467
          19     0.05664   0.0693244  0.00229761
          20    0.045564   0.0681364  0.00247086
           0        -nan        -nan        -nan
           1    0.059516    0.059516           0
           2    0.058564     0.05904 0.000336583
           3    0.059316    0.059132 0.000236628
           4     0.07988    0.064319  0.00449558
           5    0.078384    0.067132  0.00438918
           6    0.091384    0.071174   0.0051955
           7    0.067308   0.0706217  0.00448254
           8     0.07574   0.0712615  0.00396762
           9      0.0741   0.0715769  0.00353929
          10    0.064564   0.0708756  0.00325409
          11    0.069156   0.0707193  0.00296202
          12    0.069096    0.070584  0.00271827
          13    0.067736   0.0703649  0.00251799
          14    0.058692   0.0695311  0.00247232
          15    0.089232   0.0708445  0.00263336
          16    0.061436   0.0702565  0.00253358
          17    0.074736     0.07052  0.00239821
          18    0.061684   0.0700291  0.00231467
          19     0.05664   0.0693244  0.00229761
          20    0.045564   0.0681364  0.00247086
           0        -nan        -nan        -nan
           1    0.058564    0.058564           0
           2    0.059316     0.05894 0.000265872
           3     0.07988     0.06592   0.0057019
           4    0.078384    0.069036  0.00505667
           5    0.091384   0.0735056  0.00568741
           6    0.067308   0.0724727   0.0048324
           7     0.07574   0.0729394  0.00416453
           8      0.0741   0.0730845  0.00364649
           9    0.064564   0.0721378  0.00336198
          10    0.069156   0.0718396  0.00303897
          11    0.069096   0.0715902  0.00277292
          12    0.067736    0.071269  0.00256038
          13    0.058692   0.0703015  0.00253964
          14    0.089232   0.0716537  0.00269426
          15    0.061436   0.0709725  0.00259933
          16    0.074736   0.0712078  0.00244749
          17    0.061684   0.0706475  0.00236677
          18     0.05664   0.0698693  0.00235975
          19    0.045564   0.0685901  0.00255891
          20    0.074616   0.0688914  0.00244863
           0        -nan        -nan        -nan
           1    0.059316    0.059316           0
           2     0.07988    0.069598  0.00727047
           3    0.078384   0.0725267  0.00540475
           4    0.091384    0.077241  0.00575326
           5    0.067308   0.0752544  0.00493369
           6     0.07574   0.0753353  0.00411207
           7      0.0741   0.0751589  0.00352842
           8    0.064564   0.0738345  0.00332664
           9    0.069156   0.0733147  0.00299735
          10    0.069096   0.0728928  0.00272714
          11    0.067736    0.072424  0.00251919
          12    0.058692   0.0712797  0.00255598
          13    0.089232   0.0726606  0.00270683
          14    0.061436   0.0718589  0.00262955
          15    0.074736   0.0720507  0.00246123
          16    0.061684   0.0714028  0.00239117
          17     0.05664   0.0705344  0.00240303
          18    0.045564   0.0691471  0.00263975
          19    0.074616   0.0694349  0.00251646
          20    0.052312   0.0685788  0.00253209
           0        -nan        -nan        -nan
           1    0.058228    0.058228           0
           2    0.056796    0.057512 0.000506288
           3    0.074348    0.063124  0.00459459
           4      0.0603    0.062418  0.00349977
           5    0.074208    0.064776  0.00350529
           6    0.058456   0.0637227  0.00307527
           7    0.080424   0.0661086  0.00343912
           8    0.043952    0.063339  0.00397079
           9    0.071016    0.064192  0.00362005
          10    0.079712    0.065744  0.00357529
          11    0.067196    0.065876   0.0032527
          12    0.074128   0.0665637  0.00305347
          13    0.082756   0.0678092  0.00306211
          14    0.045884   0.0662431  0.00321905
          15    0.043632   0.0647357  0.00333879
          16    0.064532    0.064723  0.00313014
          17    0.061616   0.0645402  0.00295134
          18    0.042636   0.0633233  0.00302788
          19     0.08324   0.0643716  0.00304457
          20    0.071296   0.0647178  0.00291196
          21    0.079756   0.0654339  0.00285999
          22    0.068148   0.0655573  0.00273265
          23    0.104532   0.0672518  0.00309497
          24    0.051812   0.0666085  0.00303213
          25    0.073824   0.0668971  0.00292455
          26    0.086156   0.0676378  0.00290436
          27    0.073788   0.0678656  0.00280571
          28    0.086756   0.0685403  0.00278544
          29    0.089816   0.0692739  0.00278433
          30    0.066984   0.0691976  0.00269256
          31    0.073396    0.069333  0.00260911
          32    0.078488   0.0696191  0.00254321
          33    0.074452   0.0697656  0.00247036
          34    0.052488   0.0692574  0.00244941
          35     0.07992   0.0695621   0.0023983
          36    0.069624   0.0695638  0.00233168
          37    0.071648   0.0696201  0.00226934
          38    0.059128    0.069344  0.00222635
          39    0.086536   0.0697848  0.00221248
          40    0.073224   0.0698708  0.00215884
