           1    0.437041    0.437041           0
           2    0.432089    0.434565  0.00175103
           3    0.411862    0.426998  0.00628819
           4    0.472789    0.438445   0.0109786
           5    0.416778    0.434112  0.00960017
           6    0.420001     0.43176   0.0082832
           7    0.412646    0.429029  0.00753654
           8    0.439936    0.430393  0.00671665
           9    0.451075    0.432691  0.00635131
          10    0.406669    0.430089  0.00622645
          11    0.422817    0.429427   0.0056954
          12    0.436483    0.430015  0.00525104
          13    0.421145    0.429333  0.00489125
          14     0.44785    0.430656  0.00471731
          15    0.407121    0.429087  0.00465644
          16    0.406834    0.427696   0.0045684
          17    0.447874    0.428883  0.00445119
          18     0.43645    0.429303  0.00422371
          19    0.443208    0.430035  0.00406431
          20    0.463002    0.431683  0.00418201
           1    0.437041    0.437041           0
           2    0.432089    0.434565  0.00175103
           3    0.411862    0.426998  0.00628819
           4    0.472789    0.438445   0.0109786
           5    0.416778    0.434112  0.00960017
           6    0.420001     0.43176   0.0082832
           7    0.412646    0.429029  0.00753654
           8    0.439936    0.430393  0.00671665
           9    0.451075    0.432691  0.00635131
          10    0.406669    0.430089  0.00622645
          11    0.422817    0.429427   0.0056954
          12    0.436483    0.430015  0.00525104
          13    0.421145    0.429333  0.00489125
          14     0.44785    0.430656  0.00471731
          15    0.407121    0.429087  0.00465644
          16    0.406834    0.427696   0.0045684
          17    0.447874    0.428883  0.00445119
          18     0.43645    0.429303  0.00422371
          19    0.443208    0.430035  0.00406431
          20    0.463002    0.431683  0.00418201
           0        -nan        -nan        -nan
           1    0.432089    0.432089           0
           2    0.411862    0.421976   0.0071511
           3    0.472789    0.438913   0.0146282
           4    0.416778    0.433379   0.0119722
           5    0.420001    0.430704  0.00987226
           6    0.412646    0.427694  0.00867352
           7    0.439936    0.429443  0.00760872
           8    0.451075    0.432147   0.0071219
           9    0.406669    0.429316  0.00687019
          10    0.422817    0.428666  0.00621384
          11    0.436483    0.429377  0.00568943
          12    0.421145    0.428691   0.0052565
          13     0.44785    0.430164  0.00505454
          14    0.407121    0.428518  0.00495426
          15    0.406834    0.427073  0.00483028
          16    0.447874    0.428373  0.00470009
          17     0.43645    0.428848  0.00444757
          18    0.443208    0.429646  0.00427143
          19    0.463002    0.431401   0.0043926
          20    0.417526    0.430708   0.0042274
           0        -nan        -nan        -nan
           1    0.432089    0.432089           0
           2    0.411862    0.421976   0.0071511
           3    0.472789    0.438913   0.0146282
           4    0.416778    0.433379   0.0119722
           5    0.420001    0.430704  0.00987226
           6    0.412646    0.427694  0.00867352
           7    0.439936    0.429443  0.00760872
           8    0.451075    0.432147   0.0071219
           9    0.406669    0.429316  0.00687019
          10    0.422817    0.428666  0.00621384
          11    0.436483    0.429377  0.00568943
          12    0.421145    0.428691   0.0052565
          13     0.44785    0.430164  0.00505454
          14    0.407121    0.428518  0.00495426
          15    0.406834    0.427073  0.00483028
          16    0.447874    0.428373  0.00470009
          17     0.43645    0.428848  0.00444757
          18    0.443208    0.429646  0.00427143
          19    0.463002    0.431401   0.0043926
          20    0.417526    0.430708   0.0042274
           0        -nan        -nan        -nan
           1    0.432089    0.432089           0
           2    0.411862    0.421976   0.0071511
           3    0.472789    0.438913   0.0146282
           4    0.416778    0.433379   0.0119722
           5    0.420001    0.430704  0.00987226
           6    0.412646    0.427694  0.00867352
           7    0.439936    0.429443  0.00760872
           8    0.451075    0.432147   0.0071219
           9    0.406669    0.429316  0.00687019
          10    0.422817    0.428666  0.00621384
          11    0.436483    0.429377  0.00568943
          12    0.421145    0.428691   0.0052565
          13     0.44785    0.430164  0.00505454
          14    0.407121    0.428518  0.00495426
          15    0.406834    0.427073  0.00483028
          16    0.447874    0.428373  0.00470009
          17     0.43645    0.428848  0.00444757
          18    0.443208    0.429646  0.00427143
          19    0.463002    0.431401   0.0043926
          20    0.417526    0.430708   0.0042274
           0        -nan        -nan        -nan
           1  0.00952226  0.00952226           0
           2 0.000391602  0.00495693  0.00322818
           3 0.000456823  0.00345689  0.00247622
           4  0.00195331    0.003081  0.00188548
           5 6.52996e-05  0.00247786  0.00160195
           6    0.017033  0.00490371  0.00258575
           7           0  0.00420318   0.0023093
           8 0.000652408  0.00375934  0.00206285
           9 0.000522031  0.00339964  0.00186474
          10 0.000913006  0.00315097  0.00169477
          11  0.00736003  0.00353361   0.0015833
          12 0.000522031  0.00328265  0.00147112
          13 0.000522031  0.00307029   0.0013732
          14  0.00498985   0.0032074  0.00128194
          15 0.000652408  0.00303707  0.00120774
          16  0.00518269  0.00317117  0.00113967
          17 0.000326367  0.00300383  0.00108485
          18  0.00960804  0.00337073  0.00108485
          19 0.000978122   0.0032448  0.00103504
          20 6.52996e-05  0.00308583  0.00099542
           0        -nan        -nan        -nan
           1    0.432089    0.432089           0
           2    0.411862    0.421976   0.0071511
           3    0.472789    0.438913   0.0146282
           4    0.416778    0.433379   0.0119722
           5    0.420001    0.430704  0.00987226
           6    0.412646    0.427694  0.00867352
           7    0.439936    0.429443  0.00760872
           8    0.451075    0.432147   0.0071219
           9    0.406669    0.429316  0.00687019
          10    0.422817    0.428666  0.00621384
          11    0.436483    0.429377  0.00568943
          12    0.421145    0.428691   0.0052565
          13     0.44785    0.430164  0.00505454
          14    0.407121    0.428518  0.00495426
          15    0.406834    0.427073  0.00483028
          16    0.447874    0.428373  0.00470009
          17     0.43645    0.428848  0.00444757
          18    0.443208    0.429646  0.00427143
          19    0.463002    0.431401   0.0043926
          20    0.417526    0.430708   0.0042274
           0        -nan        -nan        -nan
           1    0.432089    0.432089           0
           2    0.411862    0.421976   0.0071511
           3    0.472789    0.438913   0.0146282
           4    0.416778    0.433379   0.0119722
           5    0.420001    0.430704  0.00987226
           6    0.412646    0.427694  0.00867352
           7    0.439936    0.429443  0.00760872
           8    0.451075    0.432147   0.0071219
           9    0.406669    0.429316  0.00687019
          10    0.422817    0.428666  0.00621384
          11    0.436483    0.429377  0.00568943
          12    0.421145    0.428691   0.0052565
          13     0.44785    0.430164  0.00505454
          14    0.407121    0.428518  0.00495426
          15    0.406834    0.427073  0.00483028
          16    0.447874    0.428373  0.00470009
          17     0.43645    0.428848  0.00444757
          18    0.443208    0.429646  0.00427143
          19    0.463002    0.431401   0.0043926
          20    0.417526    0.430708   0.0042274
           0        -nan        -nan        -nan
           1    0.432089    0.432089           0
           2    0.411862    0.421976   0.0071511
           3    0.472789    0.438913   0.0146282
           4    0.416778    0.433379   0.0119722
           5    0.420001    0.430704  0.00987226
           6    0.412646    0.427694  0.00867352
           7    0.439936    0.429443  0.00760872
           8    0.451075    0.432147   0.0071219
           9    0.406669    0.429316  0.00687019
          10    0.422817    0.428666  0.00621384
          11    0.436483    0.429377  0.00568943
          12    0.421145    0.428691   0.0052565
          13     0.44785    0.430164  0.00505454
          14    0.407121    0.428518  0.00495426
          15    0.406834    0.427073  0.00483028
          16    0.447874    0.428373  0.00470009
          17     0.43645    0.428848  0.00444757
          18    0.443208    0.429646  0.00427143
          19    0.463002    0.431401   0.0043926
          20    0.417526    0.430708   0.0042274
           0        -nan        -nan        -nan
           1    0.411862    0.411862           0
           2    0.472789    0.442326   0.0215407
           3    0.416778     0.43381   0.0159553
           4    0.420001    0.430357   0.0123343
           5    0.412646    0.426815   0.0103636
           6    0.439936    0.429002  0.00886405
           7    0.451075    0.432155  0.00813931
           8    0.406669    0.428969  0.00772021
           9    0.422817    0.428286  0.00689262
          10    0.436483    0.429105  0.00625191
          11    0.421145    0.428382  0.00572528
          12     0.44785    0.430004   0.0054732
          13    0.407121    0.428244  0.00532774
          14    0.406834    0.426715    0.005162
          15    0.447874    0.428125   0.0050069
          16     0.43645    0.428646  0.00472093
          17    0.443208    0.429502  0.00452027
          18    0.463002    0.431363  0.00463646
          19    0.417526    0.430635  0.00444927
          20    0.420667    0.430137  0.00425463
           0        -nan        -nan        -nan
           1    0.411862    0.411862           0
           2    0.472789    0.442326   0.0215407
           3    0.416778     0.43381   0.0159553
           4    0.420001    0.430357   0.0123343
           5    0.412646    0.426815   0.0103636
           6    0.439936    0.429002  0.00886405
           7    0.451075    0.432155  0.00813931
           8    0.406669    0.428969  0.00772021
           9    0.422817    0.428286  0.00689262
          10    0.436483    0.429105  0.00625191
          11    0.421145    0.428382  0.00572528
          12     0.44785    0.430004   0.0054732
          13    0.407121    0.428244  0.00532774
          14    0.406834    0.426715    0.005162
          15    0.447874    0.428125   0.0050069
          16     0.43645    0.428646  0.00472093
          17    0.443208    0.429502  0.00452027
          18    0.463002    0.431363  0.00463646
          19    0.417526    0.430635  0.00444927
          20    0.420667    0.430137  0.00425463
           0        -nan        -nan        -nan
           1    0.411862    0.411862           0
           2    0.472789    0.442326   0.0215407
           3    0.416778     0.43381   0.0159553
           4    0.420001    0.430357   0.0123343
           5    0.412646    0.426815   0.0103636
           6    0.439936    0.429002  0.00886405
           7    0.451075    0.432155  0.00813931
           8    0.406669    0.428969  0.00772021
           9    0.422817    0.428286  0.00689262
          10    0.436483    0.429105  0.00625191
          11    0.421145    0.428382  0.00572528
          12     0.44785    0.430004   0.0054732
          13    0.407121    0.428244  0.00532774
          14    0.406834    0.426715    0.005162
          15    0.447874    0.428125   0.0050069
          16     0.43645    0.428646  0.00472093
          17    0.443208    0.429502  0.00452027
          18    0.463002    0.431363  0.00463646
          19    0.417526    0.430635  0.00444927
          20    0.420667    0.430137  0.00425463
          21    0.425388     0.42991  0.00405803
          22    0.418244     0.42938  0.00390807
          23    0.395199    0.427894  0.00401079
          24    0.434967    0.428189  0.00385449
          25    0.414307    0.427633  0.00374009
          26    0.421385    0.427393  0.00360395
          27    0.439076    0.427826  0.00349635
          28    0.436254    0.428127  0.00338441
          29      0.3664    0.425998  0.00387973
          30    0.446635    0.426686  0.00381089
          31    0.443395    0.427225  0.00372589
          32    0.452519    0.428016  0.00369234
          33    0.405105    0.427321  0.00364514
          34    0.450245    0.427996  0.00359975
          35    0.470832    0.429219  0.00369911
          36    0.449061    0.429771  0.00363719
          37    0.426817    0.429691  0.00353976
          38    0.461022    0.430515  0.00354133
          39    0.440002    0.430759  0.00345887
          40    0.438177    0.430944  0.00337737
           0        -nan        -nan        -nan
           1    0.411862    0.411862           0
           2    0.472789    0.442326   0.0215407
           3    0.416778     0.43381   0.0159553
           4    0.420001    0.430357   0.0123343
           5    0.412646    0.426815   0.0103636
           6    0.439936    0.429002  0.00886405
           7    0.451075    0.432155  0.00813931
           8    0.406669    0.428969  0.00772021
           9    0.422817    0.428286  0.00689262
          10    0.436483    0.429105  0.00625191
          11    0.421145    0.428382  0.00572528
          12     0.44785    0.430004   0.0054732
          13    0.407121    0.428244  0.00532774
          14    0.406834    0.426715    0.005162
          15    0.447874    0.428125   0.0050069
          16     0.43645    0.428646  0.00472093
          17    0.443208    0.429502  0.00452027
          18    0.463002    0.431363  0.00463646
          19    0.417526    0.430635  0.00444927
          20    0.420667    0.430137  0.00425463
          21    0.425388     0.42991  0.00405803
          22    0.418244     0.42938  0.00390807
          23    0.395199    0.427894  0.00401079
          24    0.434967    0.428189  0.00385449
          25    0.414307    0.427633  0.00374009
          26    0.421385    0.427393  0.00360395
          27    0.439076    0.427826  0.00349635
          28    0.436254    0.428127  0.00338441
          29      0.3664    0.425998  0.00387973
          30    0.446635    0.426686  0.00381089
          31    0.443395    0.427225  0.00372589
          32    0.452519    0.428016  0.00369234
          33    0.405105    0.427321  0.00364514
          34    0.450245    0.427996  0.00359975
          35    0.470832    0.429219  0.00369911
          36    0.449061    0.429771  0.00363719
          37    0.426817    0.429691  0.00353976
          38    0.461022    0.430515  0.00354133
          39    0.440002    0.430759  0.00345887
          40    0.438177    0.430944  0.00337737
          41     0.44682    0.431331  0.00331712
          42    0.446805      0.4317  0.00325854
          43      0.4195    0.431416  0.00319508
          44    0.423384    0.431233  0.00312768
          45    0.448548    0.431618  0.00308175
          46    0.426995    0.431518  0.00301639
          47    0.412233    0.431107  0.00297999
          48    0.422877    0.430936  0.00292284
          49    0.446791    0.431259  0.00288104
          50    0.424389    0.431122   0.0028267
          51    0.438555    0.431268  0.00277503
          52    0.428058    0.431206  0.00272235
          53    0.424279    0.431075  0.00267412
          54    0.412693    0.430735  0.00264618
          55    0.410735    0.430371  0.00262293
          56    0.411317    0.430031  0.00259807
          57    0.426694    0.429972  0.00255315
          58    0.435349    0.430065  0.00251081
          59    0.422443    0.429936  0.00247158
          60    0.429393    0.429927   0.0024304
          61    0.429573    0.429921  0.00239056
          62    0.428239    0.429894  0.00235216
          63    0.445362     0.43014   0.0023276
          64    0.407521    0.429786  0.00231791
          65    0.432802    0.429832  0.00228271
          66    0.442891     0.43003  0.00225669
          67    0.468195      0.4306  0.00229377
          68    0.419586    0.430438  0.00226575
          69    0.421026    0.430302  0.00223701
          70    0.438648    0.430421  0.00220823
          71    0.424359    0.430335  0.00217878
          72    0.442915     0.43051  0.00215551
          73    0.422545    0.430401  0.00212874
          74    0.395159    0.429925  0.00215259
          75    0.463168    0.430368  0.00216904
          76    0.426833    0.430322    0.002141
          77    0.414679    0.430118  0.00212281
          78    0.490465    0.430892  0.00223213
          79     0.40933    0.430619   0.0022205
          80    0.446762    0.430821   0.0022019
          81    0.422358    0.430716  0.00217719
          82    0.447985    0.430927   0.0021608
          83    0.439375    0.431029  0.00213716
          84    0.410465    0.430784  0.00212569
          85    0.434792    0.430831  0.00210121
          86    0.426644    0.430782  0.00207734
          87    0.401163    0.430442  0.00208117
          88    0.469627    0.430887  0.00210462
          89    0.405624    0.430603  0.00210003
          90    0.417612    0.430459  0.00208165
          91    0.445252    0.430622  0.00206511
          92     0.45351     0.43087   0.0020576
          93    0.466621    0.431255  0.00207107
          94    0.418348    0.431118  0.00205358
          95    0.398856    0.430778  0.00205985
          96     0.43444    0.430816  0.00203875
          97    0.410273    0.430604   0.0020287
          98    0.425974    0.430557  0.00200855
          99    0.404016    0.430289  0.00200607
         100    0.423434     0.43022  0.00198718
           0        -nan        -nan        -nan
           1    0.411862    0.411862           0
           2    0.472789    0.442326   0.0215407
           3    0.416778     0.43381   0.0159553
           4    0.420001    0.430357   0.0123343
           5    0.412646    0.426815   0.0103636
           6    0.439936    0.429002  0.00886405
           7    0.451075    0.432155  0.00813931
           8    0.406669    0.428969  0.00772021
           9    0.422817    0.428286  0.00689262
          10    0.436483    0.429105  0.00625191
          11    0.421145    0.428382  0.00572528
          12     0.44785    0.430004   0.0054732
          13    0.407121    0.428244  0.00532774
          14    0.406834    0.426715    0.005162
          15    0.447874    0.428125   0.0050069
          16     0.43645    0.428646  0.00472093
          17    0.443208    0.429502  0.00452027
          18    0.463002    0.431363  0.00463646
          19    0.417526    0.430635  0.00444927
          20    0.420667    0.430137  0.00425463
          21    0.425388     0.42991  0.00405803
          22    0.418244     0.42938  0.00390807
          23    0.395199    0.427894  0.00401079
          24    0.434967    0.428189  0.00385449
          25    0.414307    0.427633  0.00374009
          26    0.421385    0.427393  0.00360395
          27    0.439076    0.427826  0.00349635
          28    0.436254    0.428127  0.00338441
          29      0.3664    0.425998  0.00387973
          30    0.446635    0.426686  0.00381089
          31    0.443395    0.427225  0.00372589
          32    0.452519    0.428016  0.00369234
          33    0.405105    0.427321  0.00364514
          34    0.450245    0.427996  0.00359975
          35    0.470832    0.429219  0.00369911
          36    0.449061    0.429771  0.00363719
          37    0.426817    0.429691  0.00353976
          38    0.461022    0.430515  0.00354133
          39    0.440002    0.430759  0.00345887
          40    0.438177    0.430944  0.00337737
