           1     10.0296     10.0296           0
           2     10.7645     10.3971    0.259816
           3     10.5933     10.4625    0.181259
           4     10.5728     10.4901    0.138025
           5     11.1316     10.6184    0.159261
           6     9.86644      10.493    0.175219
           7     9.64281     10.3716    0.187622
           8     9.26386     10.2331    0.209112
           9     11.1055     10.3301    0.207128
          10     10.4316     10.3402    0.186664
          11     9.98094     10.3075    0.172528
          12     10.8434     10.3522    0.163826
          13     9.35287     10.2753    0.168296
          14     10.7144     10.3067     0.15917
          15     10.8356     10.3419    0.152414
          16     10.7155     10.3653    0.144665
          17     11.0489     10.4055    0.141634
          18     10.2516      10.397    0.134023
          19     10.3389     10.3939    0.127004
          20     9.57423     10.3529    0.127094
           1     10.0296     10.0296           0
           2     10.7645     10.3971    0.259816
           3     10.5933     10.4625    0.181259
           4     10.5728     10.4901    0.138025
           5     11.1316     10.6184    0.159261
           6     9.86644      10.493    0.175219
           7     9.64281     10.3716    0.187622
           8     9.26386     10.2331    0.209112
           9     11.1055     10.3301    0.207128
          10     10.4316     10.3402    0.186664
          11     9.98094     10.3075    0.172528
          12     10.8434     10.3522    0.163826
          13     9.35287     10.2753    0.168296
          14     10.7144     10.3067     0.15917
          15     10.8356     10.3419    0.152414
          16     10.7155     10.3653    0.144665
          17     11.0489     10.4055    0.141634
          18     10.2516      10.397    0.134023
          19     10.3389     10.3939    0.127004
          20     9.57423     10.3529    0.127094
           0        -nan        -nan        -nan
           1     10.7645     10.7645           0
           2     10.5933     10.6789   0.0605221
           3     10.5728     10.6435   0.0496264
           4     11.1316     10.7656    0.112039
           5     9.86644     10.5857    0.184126
           6     9.64281     10.4286    0.210058
           7     9.26386     10.2622    0.236956
           8     11.1055     10.3676    0.229589
           9     10.4316     10.3747     0.20419
          10     9.98094     10.3353    0.187529
          11     10.8434     10.3815    0.176076
          12     9.35287     10.2958    0.181071
          13     10.7144      10.328    0.169981
          14     10.8356     10.3643     0.16166
          15     10.7155     10.3877    0.152569
          16     11.0489      10.429    0.148525
          17     10.2516     10.4186    0.140154
          18     10.3389     10.4141    0.132438
          19     9.57423     10.3699     0.13264
          20     11.1214     10.4075    0.131222
           0        -nan        -nan        -nan
           1     10.7645     10.7645           0
           2     10.5933     10.6789   0.0605221
           3     10.5728     10.6435   0.0496264
           4     11.1316     10.7656    0.112039
           5     9.86644     10.5857    0.184126
           6     9.64281     10.4286    0.210058
           7     9.26386     10.2622    0.236956
           8     11.1055     10.3676    0.229589
           9     10.4316     10.3747     0.20419
          10     9.98094     10.3353    0.187529
          11     10.8434     10.3815    0.176076
          12     9.35287     10.2958    0.181071
          13     10.7144      10.328    0.169981
          14     10.8356     10.3643     0.16166
          15     10.7155     10.3877    0.152569
          16     11.0489      10.429    0.148525
          17     10.2516     10.4186    0.140154
          18     10.3389     10.4141    0.132438
          19     9.57423     10.3699     0.13264
          20     11.1214     10.4075    0.131222
           0        -nan        -nan        -nan
           1     10.7645     10.7645           0
           2     10.5933     10.6789   0.0605221
           3     10.5728     10.6435   0.0496264
           4     11.1316     10.7656    0.112039
           5     9.86644     10.5857    0.184126
           6     9.64281     10.4286    0.210058
           7     9.26386     10.2622    0.236956
           8     11.1055     10.3676    0.229589
           9     10.4316     10.3747     0.20419
          10     9.98094     10.3353    0.187529
          11     10.8434     10.3815    0.176076
          12     9.35287     10.2958    0.181071
          13     10.7144      10.328    0.169981
          14     10.8356     10.3643     0.16166
          15     10.7155     10.3877    0.152569
          16     11.0489      10.429    0.148525
          17     10.2516     10.4186    0.140154
          18     10.3389     10.4141    0.132438
          19     9.57423     10.3699     0.13264
          20     11.1214     10.4075    0.131222
           0        -nan        -nan        -nan
           1     51.4134     51.4134           0
           2     45.3235     48.3684     2.15311
           3      52.476     49.7376     1.81939
           4      48.231      49.361     1.40299
           5     46.0013      48.689     1.27317
           6     47.7435     48.5315     1.07068
           7     45.0646     48.0362      1.0259
           8     51.1546      48.426    0.968892
           9     51.1694     48.7308    0.907922
          10     49.3688     48.7946    0.819368
          11     50.4078     48.9413     0.75789
          12     52.2343     49.2157    0.742755
          13     47.7941     49.1063    0.693623
          14     49.7562     49.1527     0.64563
          15     50.1962     49.2223    0.606324
          16     48.0192     49.1471    0.573072
          17     52.4942      49.344    0.572186
          18     49.1962     49.3358    0.540457
          19     52.8497     49.5207    0.542732
          20     51.1428     49.6018     0.52162
           0        -nan        -nan        -nan
           1     10.7645     10.7645           0
           2     10.5933     10.6789   0.0605221
           3     10.5728     10.6435   0.0496264
           4     11.1316     10.7656    0.112039
           5     9.86644     10.5857    0.184126
           6     9.64281     10.4286    0.210058
           7     9.26386     10.2622    0.236956
           8     11.1055     10.3676    0.229589
           9     10.4316     10.3747     0.20419
          10     9.98094     10.3353    0.187529
          11     10.8434     10.3815    0.176076
          12     9.35287     10.2958    0.181071
          13     10.7144      10.328    0.169981
          14     10.8356     10.3643     0.16166
          15     10.7155     10.3877    0.152569
          16     11.0489      10.429    0.148525
          17     10.2516     10.4186    0.140154
          18     10.3389     10.4141    0.132438
          19     9.57423     10.3699     0.13264
          20     11.1214     10.4075    0.131222
           0        -nan        -nan        -nan
           1     10.7645     10.7645           0
           2     10.5933     10.6789   0.0605221
           3     10.5728     10.6435   0.0496264
           4     11.1316     10.7656    0.112039
           5     9.86644     10.5857    0.184126
           6     9.64281     10.4286    0.210058
           7     9.26386     10.2622    0.236956
           8     11.1055     10.3676    0.229589
           9     10.4316     10.3747     0.20419
          10     9.98094     10.3353    0.187529
          11     10.8434     10.3815    0.176076
          12     9.35287     10.2958    0.181071
          13     10.7144      10.328    0.169981
          14     10.8356     10.3643     0.16166
          15     10.7155     10.3877    0.152569
          16     11.0489      10.429    0.148525
          17     10.2516     10.4186    0.140154
          18     10.3389     10.4141    0.132438
          19     9.57423     10.3699     0.13264
          20     11.1214     10.4075    0.131222
           0        -nan        -nan        -nan
           1     10.7645     10.7645           0
           2     10.5933     10.6789   0.0605221
           3     10.5728     10.6435   0.0496264
           4     11.1316     10.7656    0.112039
           5     9.86644     10.5857    0.184126
           6     9.64281     10.4286    0.210058
           7     9.26386     10.2622    0.236956
           8     11.1055     10.3676    0.229589
           9     10.4316     10.3747     0.20419
          10     9.98094     10.3353    0.187529
          11     10.8434     10.3815    0.176076
          12     9.35287     10.2958    0.181071
          13     10.7144      10.328    0.169981
          14     10.8356     10.3643     0.16166
          15     10.7155     10.3877    0.152569
          16     11.0489      10.429    0.148525
          17     10.2516     10.4186    0.140154
          18     10.3389     10.4141    0.132438
          19     9.57423     10.3699     0.13264
          20     11.1214     10.4075    0.131222
           0        -nan        -nan        -nan
           1     10.5933     10.5933           0
           2     10.5728      10.583   0.0072722
           3     11.1316     10.7659    0.149385
           4     9.86644      10.541    0.224668
           5     9.64281     10.3614    0.241086
           6     9.26386     10.1785    0.261241
           7     11.1055     10.3109     0.25529
           8     10.4316      10.326    0.223824
           9     9.98094     10.2876    0.202212
          10     10.8434     10.3432    0.189472
          11     9.35287     10.2532    0.192453
          12     10.7144     10.2916    0.180212
          13     10.8356     10.3335    0.171138
          14     10.7155     10.3607    0.161075
          15     11.0489     10.4066    0.156733
          16     10.2516     10.3969    0.147236
          17     10.3389     10.3935    0.138615
          18     9.57423      10.348    0.138185
          19     11.1214     10.3887    0.136777
          20      10.172     10.3779    0.130366
           0        -nan        -nan        -nan
           1     10.5933     10.5933           0
           2     10.5728      10.583   0.0072722
           3     11.1316     10.7659    0.149385
           4     9.86644      10.541    0.224668
           5     9.64281     10.3614    0.241086
           6     9.26386     10.1785    0.261241
           7     11.1055     10.3109     0.25529
           8     10.4316      10.326    0.223824
           9     9.98094     10.2876    0.202212
          10     10.8434     10.3432    0.189472
          11     9.35287     10.2532    0.192453
          12     10.7144     10.2916    0.180212
          13     10.8356     10.3335    0.171138
          14     10.7155     10.3607    0.161075
          15     11.0489     10.4066    0.156733
          16     10.2516     10.3969    0.147236
          17     10.3389     10.3935    0.138615
          18     9.57423      10.348    0.138185
          19     11.1214     10.3887    0.136777
          20      10.172     10.3779    0.130366
           0        -nan        -nan        -nan
           1     10.5933     10.5933           0
           2     10.5728      10.583   0.0072722
           3     11.1316     10.7659    0.149385
           4     9.86644      10.541    0.224668
           5     9.64281     10.3614    0.241086
           6     9.26386     10.1785    0.261241
           7     11.1055     10.3109     0.25529
           8     10.4316      10.326    0.223824
           9     9.98094     10.2876    0.202212
          10     10.8434     10.3432    0.189472
          11     9.35287     10.2532    0.192453
          12     10.7144     10.2916    0.180212
          13     10.8356     10.3335    0.171138
          14     10.7155     10.3607    0.161075
          15     11.0489     10.4066    0.156733
          16     10.2516     10.3969    0.147236
          17     10.3389     10.3935    0.138615
          18     9.57423      10.348    0.138185
          19     11.1214     10.3887    0.136777
          20      10.172     10.3779    0.130366
          21     10.6109      10.389     0.12463
          22     10.3026      10.385    0.119027
          23     10.6582     10.3969    0.114443
          24     10.7336      10.411    0.110531
          25     11.0992     10.4385    0.109485
          26     9.72794     10.4112    0.108631
          27     9.10023     10.3626    0.114947
          28     9.85059     10.3443    0.112287
          29     9.74496     10.3237    0.110301
          30     9.91401       10.31    0.107466
          31     9.51082     10.2842    0.107047
          32     10.9244     10.3042    0.105555
          33     10.5136     10.3106    0.102546
          34     10.7045     10.3222    0.100183
          35     10.5233     10.3279   0.0974851
          36     11.2833     10.3544   0.0983235
          37     10.7194     10.3643   0.0961597
          38     11.3021      10.389   0.0967442
          39     10.9494     10.4034   0.0953248
          40     9.34784      10.377   0.0965249
           0        -nan        -nan        -nan
           1     10.5933     10.5933           0
           2     10.5728      10.583   0.0072722
           3     11.1316     10.7659    0.149385
           4     9.86644      10.541    0.224668
           5     9.64281     10.3614    0.241086
           6     9.26386     10.1785    0.261241
           7     11.1055     10.3109     0.25529
           8     10.4316      10.326    0.223824
           9     9.98094     10.2876    0.202212
          10     10.8434     10.3432    0.189472
          11     9.35287     10.2532    0.192453
          12     10.7144     10.2916    0.180212
          13     10.8356     10.3335    0.171138
          14     10.7155     10.3607    0.161075
          15     11.0489     10.4066    0.156733
          16     10.2516     10.3969    0.147236
          17     10.3389     10.3935    0.138615
          18     9.57423      10.348    0.138185
          19     11.1214     10.3887    0.136777
          20      10.172     10.3779    0.130366
          21     10.6109      10.389     0.12463
          22     10.3026      10.385    0.119027
          23     10.6582     10.3969    0.114443
          24     10.7336      10.411    0.110531
          25     11.0992     10.4385    0.109485
          26     9.72794     10.4112    0.108631
          27     9.10023     10.3626    0.114947
          28     9.85059     10.3443    0.112287
          29     9.74496     10.3237    0.110301
          30     9.91401       10.31    0.107466
          31     9.51082     10.2842    0.107047
          32     10.9244     10.3042    0.105555
          33     10.5136     10.3106    0.102546
          34     10.7045     10.3222    0.100183
          35     10.5233     10.3279   0.0974851
          36     11.2833     10.3544   0.0983235
          37     10.7194     10.3643   0.0961597
          38     11.3021      10.389   0.0967442
          39     10.9494     10.4034   0.0953248
          40     9.34784      10.377   0.0965249
          41     9.70613     10.3606   0.0955473
          42     10.0505     10.3532   0.0935572
          43     9.18884     10.3261   0.0952195
          44     9.88161      10.316   0.0935899
          45     10.3875     10.3176   0.0915236
          46     9.21901     10.2937   0.0925976
          47     10.1976     10.2917   0.0906501
          48     10.4636     10.2953   0.0888322
          49     10.8291     10.3062   0.0876847
          50     10.1652     10.3034   0.0859763
          51     10.4727     10.3067   0.0843546
          52     10.0535     10.3018   0.0828729
          53     10.8511     10.3122   0.0819548
          54       10.41      10.314   0.0804572
          55     10.1035     10.3102   0.0790853
          56     9.82514     10.3015   0.0781458
          57      9.3555     10.2849   0.0785174
          58     10.2176     10.2837   0.0771723
          59     10.0896     10.2805   0.0759343
          60     10.4842     10.2838   0.0747447
          61     10.1787     10.2821   0.0735393
          62     10.2375     10.2814   0.0723567
          63     9.82377     10.2741   0.0715718
          64     10.1575     10.2723   0.0704767
          65     10.2024     10.2712   0.0694006
          66      10.341     10.2723   0.0683572
          67     9.92516     10.2671    0.067533
          68      9.6155     10.2575   0.0672163
          69     10.3181     10.2584   0.0662478
          70     11.6305      10.278   0.0681396
          71     9.81172     10.2714   0.0674956
          72     10.2644     10.2713   0.0665583
          73     9.67779     10.2632   0.0661413
          74     10.8061     10.2706   0.0656531
          75      10.023     10.2673   0.0648606
          76     10.5129     10.2705   0.0640877
          77     10.5512     10.2741   0.0633589
          78     9.45897     10.2637   0.0634027
          79     10.6957     10.2691   0.0628355
          80     10.6142     10.2735    0.062198
          81     9.66413     10.2659   0.0618833
          82     9.94436      10.262   0.0612528
          83     9.99272     10.2588   0.0606007
          84     10.1752     10.2578   0.0598874
          85     11.5469     10.2729    0.061073
          86     8.38037     10.2509   0.0642054
          87     10.8107     10.2574    0.063789
          88     9.76875     10.2518   0.0633053
          89     10.0106     10.2491    0.062652
          90     10.7642     10.2548   0.0622167
          91     10.0112     10.2522   0.0615906
          92     10.4504     10.2543   0.0609588
          93     10.0473     10.2521   0.0603439
          94      9.7525     10.2468   0.0599356
          95      10.742      10.252   0.0595309
          96     10.6542     10.2562   0.0590581
          97     11.1457     10.2653   0.0591569
          98     10.2546     10.2652   0.0585533
          99     10.7669     10.2703   0.0581807
         100     9.05589     10.2582   0.0588527
           0        -nan        -nan        -nan
           1     10.5933     10.5933           0
           2     10.5728      10.583   0.0072722
           3     11.1316     10.7659    0.149385
           4     9.86644      10.541    0.224668
           5     9.64281     10.3614    0.241086
           6     9.26386     10.1785    0.261241
           7     11.1055     10.3109     0.25529
           8     10.4316      10.326    0.223824
           9     9.98094     10.2876    0.202212
          10     10.8434     10.3432    0.189472
          11     9.35287     10.2532    0.192453
          12     10.7144     10.2916    0.180212
          13     10.8356     10.3335    0.171138
          14     10.7155     10.3607    0.161075
          15     11.0489     10.4066    0.156733
          16     10.2516     10.3969    0.147236
          17     10.3389     10.3935    0.138615
          18     9.57423      10.348    0.138185
          19     11.1214     10.3887    0.136777
          20      10.172     10.3779    0.130366
          21     10.6109      10.389     0.12463
          22     10.3026      10.385    0.119027
          23     10.6582     10.3969    0.114443
          24     10.7336      10.411    0.110531
          25     11.0992     10.4385    0.109485
          26     9.72794     10.4112    0.108631
          27     9.10023     10.3626    0.114947
          28     9.85059     10.3443    0.112287
          29     9.74496     10.3237    0.110301
          30     9.91401       10.31    0.107466
          31     9.51082     10.2842    0.107047
          32     10.9244     10.3042    0.105555
          33     10.5136     10.3106    0.102546
          34     10.7045     10.3222    0.100183
          35     10.5233     10.3279   0.0974851
          36     11.2833     10.3544   0.0983235
          37     10.7194     10.3643   0.0961597
          38     11.3021      10.389   0.0967442
          39     10.9494     10.4034   0.0953248
          40     9.34784      10.377   0.0965249
