           1   -0.937296   -0.937296           0
           2   -0.941248   -0.939272  0.00139724
           3   -0.943304   -0.940616  0.00143941
           4   -0.932328   -0.938544  0.00209412
           5   -0.928352   -0.936506  0.00247602
           6   -0.926712   -0.934873  0.00254512
           7   -0.924272   -0.933359  0.00259327
           8   -0.930536   -0.933006    0.002293
           9   -0.934288   -0.933148  0.00204264
          10   -0.934272   -0.933261  0.00184146
          11   -0.935584   -0.933472  0.00168612
          12   -0.937664   -0.933821  0.00158139
          13   -0.931024   -0.933606  0.00147431
          14   -0.931288   -0.933441  0.00137827
          15   -0.936456   -0.933642  0.00130096
          16   -0.929136    -0.93336  0.00124976
          17   -0.936696   -0.933556  0.00119155
          18      -0.938   -0.933803  0.00115064
          19    -0.94316   -0.934296  0.00119081
          20   -0.935808   -0.934371  0.00113367
           1   -0.937296   -0.937296           0
           2   -0.941248   -0.939272  0.00139724
           3   -0.943304   -0.940616  0.00143941
           4   -0.932328   -0.938544  0.00209412
           5   -0.928352   -0.936506  0.00247602
           6   -0.926712   -0.934873  0.00254512
           7   -0.924272   -0.933359  0.00259327
           8   -0.930536   -0.933006    0.002293
           9   -0.934288   -0.933148  0.00204264
          10   -0.934272   -0.933261  0.00184146
          11   -0.935584   -0.933472  0.00168612
          12   -0.937664   -0.933821  0.00158139
          13   -0.931024   -0.933606  0.00147431
          14   -0.931288   -0.933441  0.00137827
          15   -0.936456   -0.933642  0.00130096
          16   -0.929136    -0.93336  0.00124976
          17   -0.936696   -0.933556  0.00119155
          18      -0.938   -0.933803  0.00115064
          19    -0.94316   -0.934296  0.00119081
          20   -0.935808   -0.934371  0.00113367
           0        -nan        -nan        -nan
           1   -0.941248   -0.941248           0
           2   -0.943304   -0.942276 0.000726906
           3   -0.932328    -0.93896  0.00275053
           4   -0.928352   -0.936308  0.00308713
           5   -0.926712   -0.934389  0.00300767
           6   -0.924272   -0.932703   0.0029413
           7   -0.930536   -0.932393  0.00253734
           8   -0.934288    -0.93263   0.0022312
           9   -0.934272   -0.932812  0.00199074
          10   -0.935584    -0.93309  0.00181085
          11   -0.937664   -0.933505  0.00169331
          12   -0.931024   -0.933299  0.00156477
          13   -0.931288   -0.933144  0.00145203
          14   -0.936456   -0.933381  0.00136745
          15   -0.929136   -0.933098  0.00130524
          16   -0.936696   -0.933323  0.00124288
          17      -0.938   -0.933598  0.00119984
          18    -0.94316   -0.934129  0.00124525
          19   -0.935808   -0.934217  0.00118284
          20   -0.930816   -0.934047  0.00113586
           0        -nan        -nan        -nan
           1   -0.941248   -0.941248           0
           2   -0.943304   -0.942276 0.000726906
           3   -0.932328    -0.93896  0.00275053
           4   -0.928352   -0.936308  0.00308713
           5   -0.926712   -0.934389  0.00300767
           6   -0.924272   -0.932703   0.0029413
           7   -0.930536   -0.932393  0.00253734
           8   -0.934288    -0.93263   0.0022312
           9   -0.934272   -0.932812  0.00199074
          10   -0.935584    -0.93309  0.00181085
          11   -0.937664   -0.933505  0.00169331
          12   -0.931024   -0.933299  0.00156477
          13   -0.931288   -0.933144  0.00145203
          14   -0.936456   -0.933381  0.00136745
          15   -0.929136   -0.933098  0.00130524
          16   -0.936696   -0.933323  0.00124288
          17      -0.938   -0.933598  0.00119984
          18    -0.94316   -0.934129  0.00124525
          19   -0.935808   -0.934217  0.00118284
          20   -0.930816   -0.934047  0.00113586
           0        -nan        -nan        -nan
           1   -0.941248   -0.941248           0
           2   -0.943304   -0.942276 0.000726906
           3   -0.932328    -0.93896  0.00275053
           4   -0.928352   -0.936308  0.00308713
           5   -0.926712   -0.934389  0.00300767
           6   -0.924272   -0.932703   0.0029413
           7   -0.930536   -0.932393  0.00253734
           8   -0.934288    -0.93263   0.0022312
           9   -0.934272   -0.932812  0.00199074
          10   -0.935584    -0.93309  0.00181085
          11   -0.937664   -0.933505  0.00169331
          12   -0.931024   -0.933299  0.00156477
          13   -0.931288   -0.933144  0.00145203
          14   -0.936456   -0.933381  0.00136745
          15   -0.929136   -0.933098  0.00130524
          16   -0.936696   -0.933323  0.00124288
          17      -0.938   -0.933598  0.00119984
          18    -0.94316   -0.934129  0.00124525
          19   -0.935808   -0.934217  0.00118284
          20   -0.930816   -0.934047  0.00113586
           0        -nan        -nan        -nan
           1   -0.999976   -0.999976           0
           2          -1   -0.999988 8.48528e-06
           3    -0.99996   -0.999979 9.49074e-06
           4   -0.999808   -0.999936 3.76298e-05
           5          -1   -0.999949 3.22073e-05
           6          -1   -0.999957  2.7947e-05
           7          -1   -0.999963 2.46103e-05
           8          -1   -0.999968 2.19545e-05
           9   -0.999984    -0.99997  1.9587e-05
          10   -0.999984   -0.999971 1.76798e-05
          11          -1   -0.999974 1.62653e-05
          12          -1   -0.999976 1.50555e-05
          13          -1   -0.999978 1.40101e-05
          14   -0.999976   -0.999978   1.301e-05
          15          -1   -0.999979 1.22272e-05
          16   -0.999936   -0.999976 1.17573e-05
          17   -0.999984   -0.999977  1.1074e-05
          18          -1   -0.999978 1.05326e-05
          19          -1   -0.999979 1.00404e-05
          20          -1    -0.99998 9.59125e-06
           0        -nan        -nan        -nan
           1   -0.941248   -0.941248           0
           2   -0.943304   -0.942276 0.000726906
           3   -0.932328    -0.93896  0.00275053
           4   -0.928352   -0.936308  0.00308713
           5   -0.926712   -0.934389  0.00300767
           6   -0.924272   -0.932703   0.0029413
           7   -0.930536   -0.932393  0.00253734
           8   -0.934288    -0.93263   0.0022312
           9   -0.934272   -0.932812  0.00199074
          10   -0.935584    -0.93309  0.00181085
          11   -0.937664   -0.933505  0.00169331
          12   -0.931024   -0.933299  0.00156477
          13   -0.931288   -0.933144  0.00145203
          14   -0.936456   -0.933381  0.00136745
          15   -0.929136   -0.933098  0.00130524
          16   -0.936696   -0.933323  0.00124288
          17      -0.938   -0.933598  0.00119984
          18    -0.94316   -0.934129  0.00124525
          19   -0.935808   -0.934217  0.00118284
          20   -0.930816   -0.934047  0.00113586
           0        -nan        -nan        -nan
           1   -0.941248   -0.941248           0
           2   -0.943304   -0.942276 0.000726906
           3   -0.932328    -0.93896  0.00275053
           4   -0.928352   -0.936308  0.00308713
           5   -0.926712   -0.934389  0.00300767
           6   -0.924272   -0.932703   0.0029413
           7   -0.930536   -0.932393  0.00253734
           8   -0.934288    -0.93263   0.0022312
           9   -0.934272   -0.932812  0.00199074
          10   -0.935584    -0.93309  0.00181085
          11   -0.937664   -0.933505  0.00169331
          12   -0.931024   -0.933299  0.00156477
          13   -0.931288   -0.933144  0.00145203
          14   -0.936456   -0.933381  0.00136745
          15   -0.929136   -0.933098  0.00130524
          16   -0.936696   -0.933323  0.00124288
          17      -0.938   -0.933598  0.00119984
          18    -0.94316   -0.934129  0.00124525
          19   -0.935808   -0.934217  0.00118284
          20   -0.930816   -0.934047  0.00113586
           0        -nan        -nan        -nan
           1   -0.941248   -0.941248           0
           2   -0.943304   -0.942276 0.000726906
           3   -0.932328    -0.93896  0.00275053
           4   -0.928352   -0.936308  0.00308713
           5   -0.926712   -0.934389  0.00300767
           6   -0.924272   -0.932703   0.0029413
           7   -0.930536   -0.932393  0.00253734
           8   -0.934288    -0.93263   0.0022312
           9   -0.934272   -0.932812  0.00199074
          10   -0.935584    -0.93309  0.00181085
          11   -0.937664   -0.933505  0.00169331
          12   -0.931024   -0.933299  0.00156477
          13   -0.931288   -0.933144  0.00145203
          14   -0.936456   -0.933381  0.00136745
          15   -0.929136   -0.933098  0.00130524
          16   -0.936696   -0.933323  0.00124288
          17      -0.938   -0.933598  0.00119984
          18    -0.94316   -0.934129  0.00124525
          19   -0.935808   -0.934217  0.00118284
          20   -0.930816   -0.934047  0.00113586
           0        -nan        -nan        -nan
           1   -0.943304   -0.943304           0
           2   -0.932328   -0.937816   0.0038806
           3   -0.928352   -0.934661  0.00365069
           4   -0.926712   -0.932674  0.00323402
           5   -0.924272   -0.930994   0.0029921
           6   -0.930536   -0.930917  0.00249439
           7   -0.934288   -0.931399  0.00218403
           8   -0.934272   -0.931758  0.00194033
           9   -0.935584   -0.932183   0.0017707
          10   -0.937664   -0.932731  0.00167631
          11   -0.931024   -0.932576  0.00153108
          12   -0.931288   -0.932469  0.00140725
          13   -0.936456   -0.932775  0.00133201
          14   -0.929136   -0.932515  0.00126197
          15   -0.936696   -0.932794  0.00120823
          16      -0.938    -0.93312  0.00117571
          17    -0.94316    -0.93371   0.0012461
          18   -0.935808   -0.933827  0.00118231
          19   -0.930816   -0.933668  0.00113065
          20   -0.927872   -0.933378  0.00111064
           0        -nan        -nan        -nan
           1   -0.943304   -0.943304           0
           2   -0.932328   -0.937816   0.0038806
           3   -0.928352   -0.934661  0.00365069
           4   -0.926712   -0.932674  0.00323402
           5   -0.924272   -0.930994   0.0029921
           6   -0.930536   -0.930917  0.00249439
           7   -0.934288   -0.931399  0.00218403
           8   -0.934272   -0.931758  0.00194033
           9   -0.935584   -0.932183   0.0017707
          10   -0.937664   -0.932731  0.00167631
          11   -0.931024   -0.932576  0.00153108
          12   -0.931288   -0.932469  0.00140725
          13   -0.936456   -0.932775  0.00133201
          14   -0.929136   -0.932515  0.00126197
          15   -0.936696   -0.932794  0.00120823
          16      -0.938    -0.93312  0.00117571
          17    -0.94316    -0.93371   0.0012461
          18   -0.935808   -0.933827  0.00118231
          19   -0.930816   -0.933668  0.00113065
          20   -0.927872   -0.933378  0.00111064
           0        -nan        -nan        -nan
           1   -0.943304   -0.943304           0
           2   -0.932328   -0.937816   0.0038806
           3   -0.928352   -0.934661  0.00365069
           4   -0.926712   -0.932674  0.00323402
           5   -0.924272   -0.930994   0.0029921
           6   -0.930536   -0.930917  0.00249439
           7   -0.934288   -0.931399  0.00218403
           8   -0.934272   -0.931758  0.00194033
           9   -0.935584   -0.932183   0.0017707
          10   -0.937664   -0.932731  0.00167631
          11   -0.931024   -0.932576  0.00153108
          12   -0.931288   -0.932469  0.00140725
          13   -0.936456   -0.932775  0.00133201
          14   -0.929136   -0.932515  0.00126197
          15   -0.936696   -0.932794  0.00120823
          16      -0.938    -0.93312  0.00117571
          17    -0.94316    -0.93371   0.0012461
          18   -0.935808   -0.933827  0.00118231
          19   -0.930816   -0.933668  0.00113065
          20   -0.927872   -0.933378  0.00111064
          21   -0.936968   -0.933549  0.00107082
          22   -0.935776   -0.933651  0.00102692
          23   -0.934736   -0.933698 0.000983356
          24   -0.940104   -0.933965 0.000977941
          25    -0.93224   -0.933896 0.000941253
          26   -0.930656   -0.933771 0.000913261
          27   -0.927608   -0.933543 0.000907515
          28   -0.934744   -0.933586 0.000876117
          29   -0.937528   -0.933722 0.000856387
          30    -0.94264   -0.934019 0.000877923
          31   -0.932944   -0.933984 0.000850288
          32   -0.936424   -0.934061 0.000827127
          33   -0.928304   -0.933886 0.000820251
          34   -0.934072   -0.933892 0.000796144
          35   -0.938664   -0.934028 0.000784987
          36    -0.93348   -0.934013  0.00076333
          37   -0.939832    -0.93417 0.000758729
          38   -0.935904   -0.934216 0.000740134
          39   -0.942848   -0.934437 0.000753527
          40   -0.925512   -0.934214 0.000767012
           0        -nan        -nan        -nan
           1   -0.943304   -0.943304           0
           2   -0.932328   -0.937816   0.0038806
           3   -0.928352   -0.934661  0.00365069
           4   -0.926712   -0.932674  0.00323402
           5   -0.924272   -0.930994   0.0029921
           6   -0.930536   -0.930917  0.00249439
           7   -0.934288   -0.931399  0.00218403
           8   -0.934272   -0.931758  0.00194033
           9   -0.935584   -0.932183   0.0017707
          10   -0.937664   -0.932731  0.00167631
          11   -0.931024   -0.932576  0.00153108
          12   -0.931288   -0.932469  0.00140725
          13   -0.936456   -0.932775  0.00133201
          14   -0.929136   -0.932515  0.00126197
          15   -0.936696   -0.932794  0.00120823
          16      -0.938    -0.93312  0.00117571
          17    -0.94316    -0.93371   0.0012461
          18   -0.935808   -0.933827  0.00118231
          19   -0.930816   -0.933668  0.00113065
          20   -0.927872   -0.933378  0.00111064
          21   -0.936968   -0.933549  0.00107082
          22   -0.935776   -0.933651  0.00102692
          23   -0.934736   -0.933698 0.000983356
          24   -0.940104   -0.933965 0.000977941
          25    -0.93224   -0.933896 0.000941253
          26   -0.930656   -0.933771 0.000913261
          27   -0.927608   -0.933543 0.000907515
          28   -0.934744   -0.933586 0.000876117
          29   -0.937528   -0.933722 0.000856387
          30    -0.94264   -0.934019 0.000877923
          31   -0.932944   -0.933984 0.000850288
          32   -0.936424   -0.934061 0.000827127
          33   -0.928304   -0.933886 0.000820251
          34   -0.934072   -0.933892 0.000796144
          35   -0.938664   -0.934028 0.000784987
          36    -0.93348   -0.934013  0.00076333
          37   -0.939832    -0.93417 0.000758729
          38   -0.935904   -0.934216 0.000740134
          39   -0.942848   -0.934437 0.000753527
          40   -0.925512   -0.934214 0.000767012
          41   -0.935696    -0.93425 0.000749156
          42   -0.937512   -0.934328 0.000735334
          43   -0.930008   -0.934227 0.000725062
          44   -0.928024   -0.934086  0.00072216
          45   -0.934272    -0.93409 0.000706123
          46   -0.935776   -0.934127 0.000691723
          47   -0.939096   -0.934233 0.000685038
          48    -0.93656   -0.934281  0.00067248
          49   -0.929864   -0.934191  0.00066477
          50   -0.934816   -0.934204 0.000651592
          51   -0.941688    -0.93435 0.000655134
          52   -0.935096   -0.934365 0.000642692
          53   -0.936784    -0.93441 0.000632185
          54    -0.93016   -0.934332 0.000625358
          55    -0.93972    -0.93443 0.000621615
          56   -0.929528   -0.934342 0.000616646
          57   -0.937544   -0.934398 0.000608381
          58   -0.928336   -0.934294 0.000606804
          59   -0.925952   -0.934152 0.000612769
          60   -0.936688   -0.934195 0.000604012
          61   -0.933576   -0.934184 0.000594195
          62   -0.929536   -0.934109 0.000589322
          63   -0.934568   -0.934117 0.000580013
          64   -0.934584   -0.934124 0.000570996
          65   -0.932336   -0.934096 0.000562874
          66   -0.935104   -0.934112 0.000554552
          67   -0.935416   -0.934131 0.000546617
          68   -0.939648   -0.934212 0.000544566
          69   -0.935392   -0.934229 0.000536942
          70   -0.933808   -0.934223 0.000529305
          71     -0.9358   -0.934246 0.000522316
          72   -0.932608   -0.934223 0.000515556
          73   -0.948288   -0.934416 0.000543305
          74   -0.937848   -0.934462 0.000537939
          75   -0.941488   -0.934556 0.000538862
          76   -0.930216   -0.934499 0.000534789
          77   -0.936792   -0.934528 0.000528672
          78   -0.929368   -0.934462 0.000526017
          79   -0.929168   -0.934395  0.00052361
          80   -0.935384   -0.934408 0.000517211
          81   -0.934896   -0.934414 0.000510861
          82   -0.933672   -0.934404 0.000504711
          83   -0.937416   -0.934441 0.000499933
          84   -0.935784   -0.934457 0.000494237
          85   -0.934312   -0.934455 0.000488425
          86   -0.929544   -0.934398 0.000486073
          87   -0.929728   -0.934344  0.00048344
          88   -0.935528   -0.934358 0.000478134
          89   -0.940528   -0.934427 0.000477761
          90   -0.936288   -0.934448   0.0004729
          91   -0.934008   -0.934443 0.000467728
          92   -0.931376    -0.93441 0.000463831
          93   -0.935448   -0.934421 0.000458977
          94   -0.935472   -0.934432 0.000454231
          95   -0.941368   -0.934505  0.00045528
          96    -0.92364   -0.934392 0.000464391
          97   -0.929096   -0.934337 0.000462802
          98   -0.931768   -0.934311 0.000458821
          99   -0.935208    -0.93432 0.000454276
         100   -0.931496   -0.934292  0.00045061
           0        -nan        -nan        -nan
           1   -0.943304   -0.943304           0
           2   -0.932328   -0.937816   0.0038806
           3   -0.928352   -0.934661  0.00365069
           4   -0.926712   -0.932674  0.00323402
           5   -0.924272   -0.930994   0.0029921
           6   -0.930536   -0.930917  0.00249439
           7   -0.934288   -0.931399  0.00218403
           8   -0.934272   -0.931758  0.00194033
           9   -0.935584   -0.932183   0.0017707
          10   -0.937664   -0.932731  0.00167631
          11   -0.931024   -0.932576  0.00153108
          12   -0.931288   -0.932469  0.00140725
          13   -0.936456   -0.932775  0.00133201
          14   -0.929136   -0.932515  0.00126197
          15   -0.936696   -0.932794  0.00120823
          16      -0.938    -0.93312  0.00117571
          17    -0.94316    -0.93371   0.0012461
          18   -0.935808   -0.933827  0.00118231
          19   -0.930816   -0.933668  0.00113065
          20   -0.927872   -0.933378  0.00111064
          21   -0.936968   -0.933549  0.00107082
          22   -0.935776   -0.933651  0.00102692
          23   -0.934736   -0.933698 0.000983356
          24   -0.940104   -0.933965 0.000977941
          25    -0.93224   -0.933896 0.000941253
          26   -0.930656   -0.933771 0.000913261
          27   -0.927608   -0.933543 0.000907515
          28   -0.934744   -0.933586 0.000876117
          29   -0.937528   -0.933722 0.000856387
          30    -0.94264   -0.934019 0.000877923
          31   -0.932944   -0.933984 0.000850288
          32   -0.936424   -0.934061 0.000827127
          33   -0.928304   -0.933886 0.000820251
          34   -0.934072   -0.933892 0.000796144
          35   -0.938664   -0.934028 0.000784987
          36    -0.93348   -0.934013  0.00076333
          37   -0.939832    -0.93417 0.000758729
          38   -0.935904   -0.934216 0.000740134
          39   -0.942848   -0.934437 0.000753527
          40   -0.925512   -0.934214 0.000767012
