           1    0.037452    0.037452           0
           2    0.039584    0.038518 0.000753776
           3    0.029816   0.0356173  0.00242111
           4    0.030468     0.03433  0.00213077
           5    0.038924   0.0352488  0.00189237
           6    0.045576     0.03697  0.00222612
           7    0.048316   0.0385909  0.00242749
           8    0.035796   0.0382415  0.00214905
           9    0.041196   0.0385698  0.00193518
          10    0.037252    0.038438  0.00174614
          11     0.02954   0.0376291  0.00176485
          12    0.040996   0.0379097  0.00163993
          13    0.030852   0.0373668  0.00160112
          14     0.03466   0.0371734  0.00149839
          15    0.041876   0.0374869  0.00143091
          16     0.03566   0.0373728  0.00134603
          17    0.044608   0.0377984  0.00133244
          18    0.034268   0.0376022  0.00127277
          19    0.033396   0.0373808  0.00122488
          20    0.036068   0.0373152   0.0011654
           0        -nan        -nan        -nan
           1           0           0           0
           2           0           0           0
           3           0           0           0
           4           0           0           0
           5           0           0           0
           6           0           0           0
           7           0           0           0
           8           0           0           0
           9           0           0           0
          10           0           0           0
          11           0           0           0
          12           0           0           0
          13           0           0           0
          14           0           0           0
          15           0           0           0
          16           0           0           0
          17           0           0           0
          18           0           0           0
          19           0           0           0
          20           0           0           0
           0        -nan        -nan        -nan
           1           0           0           0
           2           0           0           0
           3           0           0           0
           4           0           0           0
           5           0           0           0
           6           0           0           0
           7           0           0           0
           8           0           0           0
           9           0           0           0
          10           0           0           0
          11           0           0           0
          12           0           0           0
          13           0           0           0
          14           0           0           0
          15           0           0           0
          16           0           0           0
          17           0           0           0
          18           0           0           0
          19           0           0           0
          20           0           0           0
           0        -nan        -nan        -nan
           1    0.029816    0.029816           0
           2    0.030468    0.030142 0.000230517
           3    0.038924   0.0330693  0.00239509
           4    0.045576    0.036196  0.00324943
           5    0.048316     0.03862    0.003385
           6    0.035796   0.0381493  0.00285337
           7    0.041196   0.0385846  0.00247872
           8    0.037252    0.038418  0.00217447
           9     0.02954   0.0374316  0.00214497
          10    0.040996    0.037788  0.00195987
          11    0.030852   0.0371575   0.0018804
          12     0.03466   0.0369493  0.00173518
          13    0.041876   0.0373283  0.00164256
          14     0.03566   0.0372091  0.00152956
          15    0.044608   0.0377024  0.00150502
          16    0.034268   0.0374878  0.00142618
          17    0.033396   0.0372471  0.00136245
          18    0.036068   0.0371816  0.00128833
          19    0.036232   0.0371316  0.00122149
          20    0.053244   0.0379372  0.00140112
           0        -nan        -nan        -nan
           1     0.20428     0.20428           0
           2    0.158928    0.181604   0.0160344
           3      0.1195    0.160903   0.0199991
           4    0.111816    0.148631   0.0183827
           5    0.135236    0.145952   0.0149001
           6    0.092268    0.137005   0.0148623
           7     0.15724    0.139895   0.0130172
           8    0.091768     0.13388   0.0127044
           9      0.0753    0.127371   0.0128524
          10    0.118732    0.126507   0.0115962
          11    0.165148     0.13002   0.0110613
          12     0.06086    0.124256   0.0115437
          13    0.162016    0.127161   0.0110151
          14    0.120844     0.12671   0.0102375
          15    0.087848    0.124119   0.0098774
          16      0.1509    0.125793  0.00940082
          17    0.157572    0.127662  0.00903178
          18    0.051184    0.123413  0.00947684
          19     0.09842    0.122098  0.00906889
          20    0.106888    0.121337  0.00864727
           0        -nan        -nan        -nan
           1    0.015528    0.015528           0
           2      0.0165    0.016014 0.000343654
           3    0.017076    0.016368 0.000368825
           4     0.02752    0.019156  0.00243027
           5    0.020468   0.0194184  0.00195833
           6    0.016468   0.0189267  0.00169256
           7    0.014848    0.018344  0.00154781
           8    0.035804   0.0205265  0.00244992
           9    0.004528   0.0187489  0.00274795
          10    0.028128   0.0196868  0.00262834
          11    0.012592   0.0190418  0.00246727
          12    0.013088   0.0185457  0.00231101
          13    0.022376   0.0188403  0.00215194
          14     0.02012   0.0189317  0.00200017
          15     0.02846   0.0195669  0.00196511
          16    0.028972   0.0201547   0.0019282
          17    0.019532   0.0201181  0.00181513
          18    0.033708   0.0208731  0.00186471
          19    0.022408   0.0209539  0.00176831
          20     0.03108   0.0214602  0.00175088
           0        -nan        -nan        -nan
           1    0.029816    0.029816           0
           2    0.030468    0.030142 0.000230517
           3    0.038924   0.0330693  0.00239509
           4    0.045576    0.036196  0.00324943
           5    0.048316     0.03862    0.003385
           6    0.035796   0.0381493  0.00285337
           7    0.041196   0.0385846  0.00247872
           8    0.037252    0.038418  0.00217447
           9     0.02954   0.0374316  0.00214497
          10    0.040996    0.037788  0.00195987
          11    0.030852   0.0371575   0.0018804
          12     0.03466   0.0369493  0.00173518
          13    0.041876   0.0373283  0.00164256
          14     0.03566   0.0372091  0.00152956
          15    0.044608   0.0377024  0.00150502
          16    0.034268   0.0374878  0.00142618
          17    0.033396   0.0372471  0.00136245
          18    0.036068   0.0371816  0.00128833
          19    0.036232   0.0371316  0.00122149
          20    0.053244   0.0379372  0.00140112
           0        -nan        -nan        -nan
           1    0.029816    0.029816           0
           2    0.030468    0.030142 0.000230517
           3    0.038924   0.0330693  0.00239509
           4    0.045576    0.036196  0.00324943
           5    0.048316     0.03862    0.003385
           6    0.035796   0.0381493  0.00285337
           7    0.041196   0.0385846  0.00247872
           8    0.037252    0.038418  0.00217447
           9     0.02954   0.0374316  0.00214497
          10    0.040996    0.037788  0.00195987
          11    0.030852   0.0371575   0.0018804
          12     0.03466   0.0369493  0.00173518
          13    0.041876   0.0373283  0.00164256
          14     0.03566   0.0372091  0.00152956
          15    0.044608   0.0377024  0.00150502
          16    0.034268   0.0374878  0.00142618
          17    0.033396   0.0372471  0.00136245
          18    0.036068   0.0371816  0.00128833
          19    0.036232   0.0371316  0.00122149
          20    0.053244   0.0379372  0.00140112
           0        -nan        -nan        -nan
           1    0.030468    0.030468           0
           2    0.038924    0.034696  0.00298965
           3    0.045576   0.0383227  0.00356944
           4    0.048316    0.040821  0.00344209
           5    0.035796    0.039816  0.00289668
           6    0.041196    0.040046  0.00242301
           7    0.037252   0.0396469  0.00210949
           8     0.02954   0.0383835   0.0021917
           9    0.040996   0.0386738  0.00196731
          10    0.030852   0.0378916  0.00191978
          11     0.03466   0.0375978  0.00176759
          12    0.041876   0.0379543  0.00165586
          13     0.03566   0.0377778  0.00153786
          14    0.044608   0.0382657  0.00150341
          15    0.034268   0.0379992  0.00142661
          16    0.033396   0.0377115  0.00136615
          17    0.036068   0.0376148   0.0012892
          18    0.036232    0.037538  0.00121986
          19    0.053244   0.0383646  0.00140816
          20    0.037272     0.03831  0.00133881
           0        -nan        -nan        -nan
           1    0.038924    0.038924           0
           2    0.045576     0.04225  0.00235184
           3    0.048316    0.044272  0.00227683
           4    0.035796    0.042153  0.00250671
           5    0.041196   0.0419616  0.00201266
           6    0.037252   0.0411767  0.00182387
           7     0.02954   0.0395143  0.00219378
           8    0.040996   0.0396995  0.00192736
           9    0.030852   0.0387164  0.00194785
          10     0.03466   0.0383108   0.0017948
          11    0.041876   0.0386349  0.00166065
          12     0.03566    0.038387  0.00154065
          13    0.044608   0.0388655  0.00149461
          14    0.034268   0.0385371  0.00142348
          15    0.033396   0.0381944  0.00136922
          16    0.036068   0.0380615  0.00129008
          17    0.036232   0.0379539  0.00121867
          18    0.053244   0.0388033   0.0014164
          19    0.037272   0.0387227  0.00134415
          20    0.032948    0.038434  0.00130758
           0        -nan        -nan        -nan
           1    0.030492    0.030492           0
           2    0.037924    0.034208  0.00262761
           3    0.045344     0.03792  0.00350065
           4    0.042472    0.039058  0.00280437
           5    0.040252   0.0392968  0.00225364
           6     0.03926   0.0392907  0.00187804
           7    0.045408   0.0401646  0.00180164
           8    0.034084   0.0394045  0.00172935
           9     0.03008   0.0383684  0.00182129
          10      0.0354   0.0380716  0.00166318
          11    0.040076   0.0382538  0.00152193
          12    0.030436   0.0376023  0.00152819
          13    0.033256    0.037268  0.00144675
          14    0.033844   0.0370234  0.00136393
          15    0.046748   0.0376717  0.00141873
          16    0.045496   0.0381608  0.00141183
          17    0.031576   0.0377734  0.00138089
          18     0.03162   0.0374316  0.00134582
          19    0.047868   0.0379808  0.00138255
          20    0.035068   0.0378352  0.00132107
          21    0.045456   0.0381981  0.00130706
          22     0.03512   0.0380582  0.00125511
          23     0.03148   0.0377722   0.0012327
          24    0.030928    0.037487  0.00121387
          25     0.04088   0.0376227  0.00117288
          26    0.030432   0.0373462  0.00115992
          27    0.040168   0.0374507  0.00112166
          28    0.037144   0.0374397  0.00108165
          29    0.038312   0.0374698  0.00104477
          30     0.05152   0.0379381  0.00110996
          31    0.041908   0.0380662  0.00108152
          32    0.043556   0.0382378  0.00106124
          33    0.043656   0.0384019  0.00104171
          34    0.035024   0.0383026   0.0010158
          35    0.046996    0.038551  0.00101669
          36    0.028592   0.0382743  0.00102539
          37    0.032508   0.0381185  0.00100945
          38     0.03796   0.0381143 0.000982896
          39    0.037356   0.0380949 0.000957886
          40    0.043224   0.0382231 0.000942483
           0        -nan        -nan        -nan
           1     0.04414     0.04414           0
           2    0.042988    0.043564 0.000407294
           3    0.033744   0.0402907  0.00268642
           4    0.034924    0.038949  0.00232584
           5    0.045548   0.0402688  0.00220354
           6     0.04988   0.0418707  0.00234739
           7     0.04198   0.0418863   0.0020121
           8    0.046552   0.0424695  0.00184318
           9    0.048928   0.0431871  0.00177258
          10    0.041124   0.0429808  0.00160728
          11     0.05126   0.0437335  0.00162788
          12    0.047496    0.044047  0.00152212
          13    0.030812   0.0430289  0.00171198
          14    0.042328   0.0429789  0.00159043
          15    0.040156   0.0427907  0.00149549
          16    0.036952   0.0424257  0.00144586
          17    0.033988   0.0419294  0.00144349
          18     0.03388   0.0414822  0.00143089
          19    0.044744   0.0416539  0.00136584
          20    0.037368   0.0414396  0.00131425
          21    0.047708   0.0417381  0.00128512
          22    0.031148   0.0412567  0.00131377
          23    0.038348   0.0411303  0.00126272
          24    0.039936   0.0410805  0.00121109
          25    0.039988   0.0410368  0.00116343
          26    0.042812   0.0411051  0.00112068
          27     0.04782   0.0413538  0.00110643
          28     0.05514   0.0418461  0.00117135
          29    0.030148   0.0414428  0.00119841
          30    0.043888   0.0415243  0.00116123
          31    0.041844   0.0415346  0.00112382
          32    0.032992   0.0412676  0.00111996
          33     0.03606   0.0411098  0.00109708
          34    0.049476   0.0413559  0.00109206
          35    0.028456   0.0409873  0.00112133
          36    0.033888   0.0407901  0.00110739
          37    0.036824   0.0406829  0.00108263
          38    0.047144   0.0408529  0.00106741
          39    0.040132   0.0408345   0.0010402
          40    0.036956   0.0407375   0.0010187
          41    0.043352   0.0408013 0.000995852
          42     0.03106   0.0405693 0.000998785
          43    0.025944   0.0402292  0.00103185
          44    0.038936   0.0401998  0.00100881
          45    0.038584   0.0401639 0.000987034
          46     0.04006   0.0401617  0.00096558
          47    0.025524   0.0398502 0.000993993
          48    0.041036   0.0398749 0.000973592
          49    0.045384   0.0399873 0.000960193
          50    0.027916   0.0397459 0.000970866
          51    0.038748   0.0397264 0.000952027
          52    0.040804   0.0397471 0.000933944
          53    0.045596   0.0398574 0.000922819
          54    0.044908    0.039951 0.000910457
          55      0.0382   0.0399191  0.00089446
          56    0.046548   0.0400375 0.000886286
          57    0.046792    0.040156 0.000878623
          58    0.040524   0.0401623 0.000863497
          59    0.025708   0.0399174 0.000882932
          60    0.038116   0.0398873 0.000868727
          61    0.038124   0.0398584 0.000854966
          62    0.038316   0.0398335 0.000841538
          63    0.040584   0.0398455 0.000828265
          64     0.04146   0.0398707 0.000815707
          65     0.04646   0.0399721 0.000809432
          66    0.043636   0.0400276  0.00079907
          67    0.046116   0.0401184 0.000792294
          68    0.036152   0.0400601 0.000782786
          69    0.033064   0.0399587 0.000777981
          70    0.041416   0.0399795 0.000767145
          71    0.053704   0.0401728 0.000780314
          72    0.035692   0.0401106 0.000771954
          73    0.029012   0.0399586 0.000776207
          74    0.036044   0.0399057 0.000767518
          75    0.034732   0.0398367 0.000760378
          76     0.03366   0.0397554 0.000754704
          77      0.0408    0.039769 0.000745024
          78    0.037984   0.0397461 0.000735824
          79    0.037184   0.0397137 0.000727224
          80    0.033676   0.0396382  0.00072204
          81    0.041868   0.0396657  0.00071365
          82    0.030284   0.0395513 0.000714059
          83     0.03922   0.0395473 0.000705467
          84    0.029528    0.039428 0.000707081
          85    0.038868   0.0394215 0.000698793
          86     0.03964    0.039424 0.000690672
          87    0.039596    0.039426 0.000682736
          88    0.038464    0.039415 0.000675065
          89    0.039172   0.0394123 0.000667485
          90     0.03836   0.0394006 0.000660171
          91    0.047652   0.0394913 0.000659114
          92    0.045788   0.0395597 0.000655494
          93    0.048332   0.0396541 0.000655197
          94    0.030888   0.0395608  0.00065483
          95    0.052616   0.0396982   0.0006622
          96    0.052064    0.039827 0.000667713
          97    0.040564   0.0398346 0.000660872
          98    0.041944   0.0398562 0.000654479
          99    0.045196   0.0399101 0.000650087
         100     0.05628   0.0400738 0.000663877
           0        -nan        -nan        -nan
           1    0.030492    0.030492           0
           2    0.037924    0.034208  0.00262761
           3    0.045344     0.03792  0.00350065
           4    0.042472    0.039058  0.00280437
           5    0.040252   0.0392968  0.00225364
           6     0.03926   0.0392907  0.00187804
           7    0.045408   0.0401646  0.00180164
           8    0.034084   0.0394045  0.00172935
           9     0.03008   0.0383684  0.00182129
          10      0.0354   0.0380716  0.00166318
          11    0.040076   0.0382538  0.00152193
          12    0.030436   0.0376023  0.00152819
          13    0.033256    0.037268  0.00144675
          14    0.033844   0.0370234  0.00136393
          15    0.046748   0.0376717  0.00141873
          16    0.045496   0.0381608  0.00141183
          17    0.031576   0.0377734  0.00138089
          18     0.03162   0.0374316  0.00134582
          19    0.047868   0.0379808  0.00138255
          20    0.035068   0.0378352  0.00132107
          21    0.045456   0.0381981  0.00130706
          22     0.03512   0.0380582  0.00125511
          23     0.03148   0.0377722   0.0012327
          24    0.030928    0.037487  0.00121387
          25     0.04088   0.0376227  0.00117288
          26    0.030432   0.0373462  0.00115992
          27    0.040168   0.0374507  0.00112166
          28    0.037144   0.0374397  0.00108165
          29    0.038312   0.0374698  0.00104477
          30     0.05152   0.0379381  0.00110996
          31    0.041908   0.0380662  0.00108152
          32    0.043556   0.0382378  0.00106124
          33    0.043656   0.0384019  0.00104171
          34    0.035024   0.0383026   0.0010158
          35    0.046996    0.038551  0.00101669
          36    0.028592   0.0382743  0.00102539
          37    0.032508   0.0381185  0.00100945
          38     0.03796   0.0381143 0.000982896
          39    0.037356   0.0380949 0.000957886
          40    0.043224   0.0382231 0.000942483
