           1    0.358713    0.358713           0
           2    0.383469    0.371091   0.0087525
           3    0.364549     0.36891  0.00610062
           4    0.378034    0.371191   0.0049837
           5    0.369983     0.37095  0.00399281
           6    0.371084    0.370972  0.00332741
           7    0.355288    0.368731  0.00352668
           8    0.360058    0.367647  0.00324823
           9    0.359767    0.366772  0.00300299
          10    0.368212    0.366916  0.00270615
          11    0.368854    0.367092  0.00246587
          12    0.349444    0.365621  0.00266306
          13    0.369704    0.365935  0.00247666
          14    0.362444    0.365686  0.00231228
          15    0.358719    0.365221  0.00220429
          16    0.370334    0.365541  0.00208955
          17    0.373473    0.366008  0.00201805
          18    0.373212    0.366408  0.00194523
          19    0.370817     0.36664  0.00185664
          20    0.362705    0.366443   0.0017742
           1    0.358713    0.358713           0
           2    0.383469    0.371091   0.0087525
           3    0.364549     0.36891  0.00610062
           4    0.378034    0.371191   0.0049837
           5    0.369983     0.37095  0.00399281
           6    0.371084    0.370972  0.00332741
           7    0.355288    0.368731  0.00352668
           8    0.360058    0.367647  0.00324823
           9    0.359767    0.366772  0.00300299
          10    0.368212    0.366916  0.00270615
          11    0.368854    0.367092  0.00246587
          12    0.349444    0.365621  0.00266306
          13    0.369704    0.365935  0.00247666
          14    0.362444    0.365686  0.00231228
          15    0.358719    0.365221  0.00220429
          16    0.370334    0.365541  0.00208955
          17    0.373473    0.366008  0.00201805
          18    0.373212    0.366408  0.00194523
          19    0.370817     0.36664  0.00185664
          20    0.362705    0.366443   0.0017742
           0        -nan        -nan        -nan
           1    0.383469    0.383469           0
           2    0.364549    0.374009  0.00668922
           3    0.378034    0.375351   0.0045921
           4    0.369983    0.374009  0.00363487
           5    0.371084    0.373424  0.00295458
           6    0.355288    0.370401  0.00369812
           7    0.360058    0.368923  0.00345242
           8    0.359767    0.367779  0.00320497
           9    0.368212    0.367827  0.00284922
          10    0.368854     0.36793  0.00256615
          11    0.349444    0.366249  0.00283013
          12    0.369704    0.366537  0.00260889
          13    0.362444    0.366222  0.00242713
          14    0.358719    0.365686  0.00231219
          15    0.370334    0.365996  0.00217871
          16    0.373473    0.366464  0.00209205
          17    0.373212     0.36686   0.0020063
          18    0.370817     0.36708  0.00190684
          19    0.362705     0.36685  0.00182033
          20    0.374862    0.367251  0.00177285
           0        -nan        -nan        -nan
           1    0.383469    0.383469           0
           2    0.364549    0.374009  0.00668922
           3    0.378034    0.375351   0.0045921
           4    0.369983    0.374009  0.00363487
           5    0.371084    0.373424  0.00295458
           6    0.355288    0.370401  0.00369812
           7    0.360058    0.368923  0.00345242
           8    0.359767    0.367779  0.00320497
           9    0.368212    0.367827  0.00284922
          10    0.368854     0.36793  0.00256615
          11    0.349444    0.366249  0.00283013
          12    0.369704    0.366537  0.00260889
          13    0.362444    0.366222  0.00242713
          14    0.358719    0.365686  0.00231219
          15    0.370334    0.365996  0.00217871
          16    0.373473    0.366464  0.00209205
          17    0.373212     0.36686   0.0020063
          18    0.370817     0.36708  0.00190684
          19    0.362705     0.36685  0.00182033
          20    0.374862    0.367251  0.00177285
           0        -nan        -nan        -nan
           1    0.383469    0.383469           0
           2    0.364549    0.374009  0.00668922
           3    0.378034    0.375351   0.0045921
           4    0.369983    0.374009  0.00363487
           5    0.371084    0.373424  0.00295458
           6    0.355288    0.370401  0.00369812
           7    0.360058    0.368923  0.00345242
           8    0.359767    0.367779  0.00320497
           9    0.368212    0.367827  0.00284922
          10    0.368854     0.36793  0.00256615
          11    0.349444    0.366249  0.00283013
          12    0.369704    0.366537  0.00260889
          13    0.362444    0.366222  0.00242713
          14    0.358719    0.365686  0.00231219
          15    0.370334    0.365996  0.00217871
          16    0.373473    0.366464  0.00209205
          17    0.373212     0.36686   0.0020063
          18    0.370817     0.36708  0.00190684
          19    0.362705     0.36685  0.00182033
          20    0.374862    0.367251  0.00177285
           0        -nan        -nan        -nan
           1    0.105924    0.105924           0
           2    0.107299    0.106611 0.000486149
           3    0.101234    0.104819  0.00149894
           4    0.102867    0.104331  0.00120102
           5     0.12228    0.107921  0.00335155
           6    0.111633    0.108539   0.0028495
           7     0.09759    0.106975  0.00283948
           8    0.102023    0.106356  0.00255113
           9    0.104394    0.106138  0.00227697
          10    0.118056     0.10733  0.00234049
          11    0.098855    0.106559  0.00225096
          12    0.110358    0.106876  0.00208552
          13   0.0934646    0.105844  0.00216527
          14    0.108842    0.106058  0.00202117
          15    0.095413    0.105349  0.00200716
          16    0.112654    0.105805  0.00193295
          17    0.102261    0.105597  0.00183045
          18    0.106553     0.10565  0.00172953
          19    0.105279     0.10563  0.00163862
          20    0.104916    0.105595  0.00155707
           0        -nan        -nan        -nan
           1    0.383469    0.383469           0
           2    0.364549    0.374009  0.00668922
           3    0.378034    0.375351   0.0045921
           4    0.369983    0.374009  0.00363487
           5    0.371084    0.373424  0.00295458
           6    0.355288    0.370401  0.00369812
           7    0.360058    0.368923  0.00345242
           8    0.359767    0.367779  0.00320497
           9    0.368212    0.367827  0.00284922
          10    0.368854     0.36793  0.00256615
          11    0.349444    0.366249  0.00283013
          12    0.369704    0.366537  0.00260889
          13    0.362444    0.366222  0.00242713
          14    0.358719    0.365686  0.00231219
          15    0.370334    0.365996  0.00217871
          16    0.373473    0.366464  0.00209205
          17    0.373212     0.36686   0.0020063
          18    0.370817     0.36708  0.00190684
          19    0.362705     0.36685  0.00182033
          20    0.374862    0.367251  0.00177285
           0        -nan        -nan        -nan
           1    0.383469    0.383469           0
           2    0.364549    0.374009  0.00668922
           3    0.378034    0.375351   0.0045921
           4    0.369983    0.374009  0.00363487
           5    0.371084    0.373424  0.00295458
           6    0.355288    0.370401  0.00369812
           7    0.360058    0.368923  0.00345242
           8    0.359767    0.367779  0.00320497
           9    0.368212    0.367827  0.00284922
          10    0.368854     0.36793  0.00256615
          11    0.349444    0.366249  0.00283013
          12    0.369704    0.366537  0.00260889
          13    0.362444    0.366222  0.00242713
          14    0.358719    0.365686  0.00231219
          15    0.370334    0.365996  0.00217871
          16    0.373473    0.366464  0.00209205
          17    0.373212     0.36686   0.0020063
          18    0.370817     0.36708  0.00190684
          19    0.362705     0.36685  0.00182033
          20    0.374862    0.367251  0.00177285
           0        -nan        -nan        -nan
           1    0.383469    0.383469           0
           2    0.364549    0.374009  0.00668922
           3    0.378034    0.375351   0.0045921
           4    0.369983    0.374009  0.00363487
           5    0.371084    0.373424  0.00295458
           6    0.355288    0.370401  0.00369812
           7    0.360058    0.368923  0.00345242
           8    0.359767    0.367779  0.00320497
           9    0.368212    0.367827  0.00284922
          10    0.368854     0.36793  0.00256615
          11    0.349444    0.366249  0.00283013
          12    0.369704    0.366537  0.00260889
          13    0.362444    0.366222  0.00242713
          14    0.358719    0.365686  0.00231219
          15    0.370334    0.365996  0.00217871
          16    0.373473    0.366464  0.00209205
          17    0.373212     0.36686   0.0020063
          18    0.370817     0.36708  0.00190684
          19    0.362705     0.36685  0.00182033
          20    0.374862    0.367251  0.00177285
           0        -nan        -nan        -nan
           1    0.364549    0.364549           0
           2    0.378034    0.371292  0.00476788
           3    0.369983    0.370855  0.00319848
           4    0.371084    0.370913  0.00239937
           5    0.355288    0.367788  0.00339071
           6    0.360058    0.366499  0.00306057
           7    0.359767    0.365538  0.00277032
           8    0.368212    0.365872  0.00244412
           9    0.368854    0.366203   0.0021949
          10    0.349444    0.364527  0.00253576
          11    0.369704    0.364998   0.0023485
          12    0.362444    0.364785  0.00216242
          13    0.358719    0.364319  0.00204581
          14    0.370334    0.364748  0.00194428
          15    0.373473     0.36533  0.00189967
          16    0.373212    0.365822  0.00184372
          17    0.370817    0.366116  0.00175852
          18    0.362705    0.365927    0.001671
          19    0.374862    0.366397  0.00164791
          20    0.376072    0.366881  0.00163497
           0        -nan        -nan        -nan
           1    0.364549    0.364549           0
           2    0.378034    0.371292  0.00476788
           3    0.369983    0.370855  0.00319848
           4    0.371084    0.370913  0.00239937
           5    0.355288    0.367788  0.00339071
           6    0.360058    0.366499  0.00306057
           7    0.359767    0.365538  0.00277032
           8    0.368212    0.365872  0.00244412
           9    0.368854    0.366203   0.0021949
          10    0.349444    0.364527  0.00253576
          11    0.369704    0.364998   0.0023485
          12    0.362444    0.364785  0.00216242
          13    0.358719    0.364319  0.00204581
          14    0.370334    0.364748  0.00194428
          15    0.373473     0.36533  0.00189967
          16    0.373212    0.365822  0.00184372
          17    0.370817    0.366116  0.00175852
          18    0.362705    0.365927    0.001671
          19    0.374862    0.366397  0.00164791
          20    0.376072    0.366881  0.00163497
           0        -nan        -nan        -nan
           1    0.364549    0.364549           0
           2    0.378034    0.371292  0.00476788
           3    0.369983    0.370855  0.00319848
           4    0.371084    0.370913  0.00239937
           5    0.355288    0.367788  0.00339071
           6    0.360058    0.366499  0.00306057
           7    0.359767    0.365538  0.00277032
           8    0.368212    0.365872  0.00244412
           9    0.368854    0.366203   0.0021949
          10    0.349444    0.364527  0.00253576
          11    0.369704    0.364998   0.0023485
          12    0.362444    0.364785  0.00216242
          13    0.358719    0.364319  0.00204581
          14    0.370334    0.364748  0.00194428
          15    0.373473     0.36533  0.00189967
          16    0.373212    0.365822  0.00184372
          17    0.370817    0.366116  0.00175852
          18    0.362705    0.365927    0.001671
          19    0.374862    0.366397  0.00164791
          20    0.376072    0.366881  0.00163497
          21    0.361048    0.366603  0.00158053
          22    0.369659    0.366742  0.00151478
          23    0.389007     0.36771  0.00173082
          24     0.36327    0.367525  0.00166855
          25    0.359522    0.367205  0.00163223
          26    0.352774     0.36665  0.00166115
          27    0.374899    0.366955  0.00162748
          28    0.377025    0.367315  0.00160859
          29    0.386875    0.367989  0.00168862
          30    0.361309    0.367767  0.00164696
          31    0.358463    0.367467  0.00162094
          32    0.368694    0.367505  0.00157074
          33    0.364502    0.367414  0.00152578
          34    0.369747    0.367483  0.00148244
          35    0.372255    0.367619  0.00144634
          36     0.37641    0.367863  0.00142663
          37    0.375809    0.368078  0.00140414
          38    0.366728    0.368042  0.00136764
          39    0.376459    0.368258  0.00134949
          40    0.367962    0.368251  0.00131577
