           1    0.414324    0.414324           0
           2    0.465092    0.439708   0.0179492
           3    0.333676    0.404364   0.0312408
           4    0.493344    0.426609   0.0303335
           5     0.47474    0.436235    0.025749
           6    0.420552    0.433621   0.0215897
           7    0.347468    0.421314   0.0217323
           8    0.423968    0.421645   0.0190183
           9    0.370632    0.415977   0.0177297
          10    0.395904     0.41397   0.0160699
          11    0.418964    0.414424   0.0146154
          12    0.390984    0.412471   0.0135274
          13    0.375972    0.409663   0.0127749
          14    0.514316    0.417138   0.0138782
          15    0.476396    0.421089   0.0135035
          16    0.433644    0.421874   0.0126823
          17     0.41804    0.421648   0.0119383
          18    0.493968    0.425666    0.011932
          19    0.498288    0.429488   0.0119005
          20    0.434464    0.429737    0.011308
           0        -nan        -nan        -nan
           1           0           0           0
           2           0           0           0
           3           0           0           0
           4           0           0           0
           5           0           0           0
           6           0           0           0
           7           0           0           0
           8           0           0           0
           9           0           0           0
          10           0           0           0
          11           0           0           0
          12           0           0           0
          13           0           0           0
          14           0           0           0
          15           0           0           0
          16           0           0           0
          17           0           0           0
          18           0           0           0
          19           0           0           0
          20           0           0           0
           0        -nan        -nan        -nan
           1           0           0           0
           2           0           0           0
           3           0           0           0
           4           0           0           0
           5           0           0           0
           6           0           0           0
           7           0           0           0
           8           0           0           0
           9           0           0           0
          10           0           0           0
          11           0           0           0
          12           0           0           0
          13           0           0           0
          14           0           0           0
          15           0           0           0
          16           0           0           0
          17           0           0           0
          18           0           0           0
          19           0           0           0
          20           0           0           0
           0        -nan        -nan        -nan
           1    0.333676    0.333676           0
           2    0.493344     0.41351   0.0564512
           3     0.47474     0.43392   0.0411587
           4    0.420552    0.430578   0.0310044
           5    0.347468    0.413956   0.0289179
           6    0.423968    0.415625   0.0241464
           7    0.370632    0.409197   0.0215354
           8    0.395904    0.407536   0.0189075
           9    0.418964    0.408805   0.0168492
          10    0.390984    0.407023   0.0152583
          11    0.375972      0.4042   0.0141298
          12    0.514316    0.413377   0.0156509
          13    0.476396    0.418224   0.0151792
          14    0.433644    0.419326   0.0141349
          15     0.41804     0.41924   0.0131928
          16    0.493968    0.423911    0.013169
          17    0.498288    0.428286    0.013101
          18    0.434464    0.428629   0.0123777
          19    0.476052    0.431125   0.0119752
          20    0.446604    0.431899   0.0114015
           0        -nan        -nan        -nan
           1    0.999384    0.999384           0
           2           1    0.999692 0.000217789
           3    0.999852    0.999745 0.000151582
           4    0.999212    0.999612 0.000162043
           5    0.999952     0.99968 0.000143193
           6    0.999632    0.999672 0.000119551
           7    0.999736    0.999681 0.000102821
           8    0.999828      0.9997 9.15927e-05
           9     0.98974    0.998593  0.00104649
          10    0.999948    0.998728 0.000950579
          11    0.999564    0.998804 0.000867192
          12    0.998636     0.99879  0.00079504
          13    0.996292    0.998598 0.000756754
          14    0.999892    0.998691  0.00070832
          15    0.996332    0.998533 0.000678327
          16    0.999628    0.998602 0.000639373
          17    0.999988    0.998683  0.00060694
          18    0.999968    0.998755 0.000577402
          19    0.999744    0.998807 0.000549356
          20    0.996104    0.998672 0.000538253
           0        -nan        -nan        -nan
           1    0.250288    0.250288           0
           2    0.327936    0.289112   0.0274527
           3    0.152528    0.243584   0.0414346
           4    0.211712    0.235616   0.0318328
           5    0.351312    0.258755   0.0328157
           6    0.220104    0.252313   0.0279715
           7     0.18864    0.243217   0.0254116
           8    0.165192    0.233464   0.0240341
           9    0.236816    0.233836   0.0213665
          10    0.266556    0.237108   0.0194788
          11    0.317028    0.244374   0.0190147
          12    0.212988    0.241758   0.0176091
          13    0.264132    0.243479   0.0163385
          14    0.312192    0.248387   0.0158915
          15    0.222756    0.246679   0.0149237
          16    0.260908    0.247568   0.0140174
          17    0.410704    0.257164   0.0161469
          18    0.217668     0.25497   0.0153982
          19     0.21048    0.252628   0.0147648
          20    0.031832    0.241589   0.0176784
           0        -nan        -nan        -nan
           1    0.333676    0.333676           0
           2    0.493344     0.41351   0.0564512
           3     0.47474     0.43392   0.0411587
           4    0.420552    0.430578   0.0310044
           5    0.347468    0.413956   0.0289179
           6    0.423968    0.415625   0.0241464
           7    0.370632    0.409197   0.0215354
           8    0.395904    0.407536   0.0189075
           9    0.418964    0.408805   0.0168492
          10    0.390984    0.407023   0.0152583
          11    0.375972      0.4042   0.0141298
          12    0.514316    0.413377   0.0156509
          13    0.476396    0.418224   0.0151792
          14    0.433644    0.419326   0.0141349
          15     0.41804     0.41924   0.0131928
          16    0.493968    0.423911    0.013169
          17    0.498288    0.428286    0.013101
          18    0.434464    0.428629   0.0123777
          19    0.476052    0.431125   0.0119752
          20    0.446604    0.431899   0.0114015
           0        -nan        -nan        -nan
           1    0.333676    0.333676           0
           2    0.493344     0.41351   0.0564512
           3     0.47474     0.43392   0.0411587
           4    0.420552    0.430578   0.0310044
           5    0.347468    0.413956   0.0289179
           6    0.423968    0.415625   0.0241464
           7    0.370632    0.409197   0.0215354
           8    0.395904    0.407536   0.0189075
           9    0.418964    0.408805   0.0168492
          10    0.390984    0.407023   0.0152583
          11    0.375972      0.4042   0.0141298
          12    0.514316    0.413377   0.0156509
          13    0.476396    0.418224   0.0151792
          14    0.433644    0.419326   0.0141349
          15     0.41804     0.41924   0.0131928
          16    0.493968    0.423911    0.013169
          17    0.498288    0.428286    0.013101
          18    0.434464    0.428629   0.0123777
          19    0.476052    0.431125   0.0119752
          20    0.446604    0.431899   0.0114015
           0        -nan        -nan        -nan
           1    0.493344    0.493344           0
           2     0.47474    0.484042  0.00657751
           3    0.420552    0.462879   0.0178275
           4    0.347468    0.434026   0.0283396
           5    0.423968    0.432014   0.0227429
           6    0.370632    0.421784   0.0211285
           7    0.395904    0.418087   0.0184308
           8    0.418964    0.418196   0.0161272
           9    0.390984    0.415173    0.014616
          10    0.375972    0.411253     0.01367
          11    0.514316    0.420622    0.015305
          12    0.476396     0.42527   0.0147184
          13    0.433644    0.425914   0.0136003
          14     0.41804    0.425352   0.0126405
          15    0.493968    0.429926   0.0125983
          16    0.498288    0.434199   0.0125145
          17    0.434464    0.434214   0.0117783
          18    0.476052    0.436539    0.011351
          19    0.446604    0.437068   0.0107659
          20     0.46142    0.438286   0.0102963
           0        -nan        -nan        -nan
           1     0.47474     0.47474           0
           2    0.420552    0.447646   0.0191584
           3    0.347468    0.414253   0.0301083
           4    0.423968    0.416682    0.022679
           5    0.370632    0.407472   0.0199257
           6    0.395904    0.405544   0.0166978
           7    0.418964    0.407461    0.014422
           8    0.390984    0.405402   0.0127655
           9    0.375972    0.402132   0.0117585
          10    0.514316     0.41335   0.0150087
          11    0.476396    0.419081   0.0146979
          12    0.433644    0.420295   0.0135231
          13     0.41804    0.420122    0.012484
          14    0.493968    0.425396   0.0126576
          15    0.498288    0.430256   0.0127124
          16    0.434464    0.430519   0.0119206
          17    0.476052    0.433197   0.0115164
          18    0.446604    0.433942   0.0109006
          19     0.46142    0.435388   0.0104224
          20    0.396224     0.43343   0.0100836
           0        -nan        -nan        -nan
           1     0.50534     0.50534           0
           2     0.44276     0.47405   0.0221254
           3     0.37954    0.442547   0.0296515
           4    0.497388    0.456257   0.0252098
           5    0.359544    0.436914   0.0265716
           6     0.50376    0.448055   0.0243669
           7    0.422436    0.444395    0.021159
           8    0.425812    0.442073   0.0186412
           9    0.330632     0.42969   0.0202694
          10    0.436576    0.430379   0.0182542
          11    0.465944    0.433612   0.0168786
          12    0.430356    0.433341   0.0154742
          13    0.462424    0.435578   0.0144447
          14    0.436652    0.435655   0.0134132
          15    0.424628    0.434919   0.0125391
          16    0.403244     0.43294   0.0119106
          17     0.47928    0.435666   0.0115177
          18     0.46496    0.437293   0.0109922
          19      0.4617    0.438578   0.0104885
          20    0.445196    0.438909  0.00996927
          21    0.416916    0.437861  0.00954939
          22    0.402788    0.436267  0.00924745
          23    0.423516    0.435713  0.00886199
          24    0.422832    0.435176  0.00850897
          25    0.368224    0.432498  0.00857971
          26      0.4104    0.431648  0.00829172
          27    0.537812     0.43558  0.00886804
          28    0.520572    0.438615  0.00905593
          29    0.517756    0.441344   0.0091456
          30    0.519964    0.443965  0.00920857
          31    0.550084    0.447388  0.00952656
          32    0.522584    0.449738  0.00951426
          33    0.354372    0.446848  0.00965487
          34    0.467652     0.44746  0.00939027
          35     0.46708    0.448021  0.00913869
          36     0.42244     0.44731  0.00891242
          37    0.368164    0.445171  0.00892456
          38    0.433252    0.444857  0.00869521
          39    0.463888    0.445345  0.00848594
          40    0.494508    0.446574  0.00836232
           0        -nan        -nan        -nan
           1    0.489824    0.489824           0
           2    0.420532    0.455178   0.0244984
           3    0.449336    0.453231   0.0164095
           4     0.43432    0.448503   0.0129703
           5      0.5647    0.471742   0.0232319
           6    0.512412    0.478521   0.0203247
           7    0.456328     0.47535   0.0176667
           8    0.446144    0.471699   0.0158311
           9    0.474164    0.471973   0.0140745
          10    0.461044     0.47088   0.0127094
          11    0.497856    0.473333   0.0117882
          12    0.393868    0.466711   0.0125285
          13    0.430276    0.463908   0.0118741
          14    0.449728    0.462895   0.0110691
          15    0.496932    0.465164   0.0105612
          16    0.408836    0.461644   0.0104714
          17    0.527764    0.465533   0.0105531
          18    0.455032     0.46495  0.00998294
          19    0.451392    0.464236  0.00948299
          20      0.4926    0.465654  0.00911427
          21    0.392424    0.462167  0.00932353
          22    0.486512    0.463274  0.00896516
          23    0.350056    0.458351  0.00983436
          24    0.490056    0.459672   0.0095129
          25    0.515072    0.461888  0.00938694
          26    0.451268     0.46148  0.00903479
          27    0.586224      0.4661  0.00981061
          28    0.488684    0.466907  0.00949333
          29    0.430392    0.465647   0.0092491
          30    0.425484    0.464309  0.00903717
          31     0.43726    0.463436  0.00878767
          32    0.455728    0.463195  0.00851635
          33     0.28556    0.457812  0.00981309
          34    0.406088    0.456291  0.00964167
          35     0.35158    0.453299  0.00981939
          36    0.515976     0.45504  0.00969974
          37    0.489696    0.455977   0.0094827
          38    0.477996    0.456556  0.00925084
          39      0.4096    0.455352  0.00909166
          40     0.33152    0.452257  0.00937664
          41      0.3722    0.450304  0.00934904
          42    0.512496    0.451785  0.00924297
          43    0.538044    0.453791  0.00924314
          44    0.475272    0.454279  0.00904595
          45    0.441028    0.453985  0.00884972
          46    0.495572    0.454889  0.00870339
          47    0.365976    0.452997  0.00872139
          48     0.36256    0.451113  0.00874083
          49      0.5652    0.453441  0.00886713
          50     0.44466    0.453265  0.00869152
          51    0.417072    0.452556  0.00855003
          52     0.43928      0.4523  0.00838941
          53     0.53666    0.453892  0.00838075
          54    0.460972    0.454023  0.00822658
          55    0.507972    0.455004  0.00813527
          56    0.420316    0.454385  0.00801355
          57    0.496844     0.45513  0.00790751
          58    0.370844    0.453676  0.00790357
          59    0.467988    0.453919  0.00777333
          60    0.474516    0.454262  0.00765136
          61    0.524928    0.455421  0.00761312
          62    0.368236    0.454015  0.00761909
          63    0.411228    0.453335  0.00752836
          64    0.362684    0.451919   0.0075428
          65    0.401668    0.451146  0.00746627
          66     0.46264     0.45132  0.00735517
          67     0.44898    0.451285  0.00724548
          68    0.487696    0.451821  0.00715868
          69    0.407848    0.451183  0.00708324
          70    0.402288    0.450485  0.00701641
          71    0.449492    0.450471   0.0069176
          72    0.498476    0.451137  0.00685358
          73    0.457352    0.451223  0.00676022
          74    0.395672    0.450472  0.00671042
          75    0.449964    0.450465  0.00662095
          76    0.355192    0.449212  0.00665145
          77    0.369544    0.448177  0.00664505
          78    0.572012    0.449765  0.00674685
          79    0.492704    0.450308  0.00668331
          80    0.390472     0.44956  0.00664149
          81    0.587768    0.451266  0.00677513
          82    0.393184    0.450558  0.00672943
          83    0.389728    0.449825  0.00668814
          84    0.470036    0.450066  0.00661285
          85     0.38452    0.449295  0.00657986
          86    0.523316    0.450155   0.0065594
          87    0.570156    0.451535  0.00662744
          88     0.46838    0.451726  0.00655489
          89      0.4271    0.451449  0.00648708
          90    0.448952    0.451422  0.00641506
          91    0.407384    0.450938  0.00636279
          92    0.462712    0.451066  0.00629492
          93    0.524648    0.451857  0.00627676
          94    0.441744    0.451749   0.0062109
          95    0.458604    0.451822  0.00614595
          96    0.490228    0.452222  0.00609493
          97    0.532656    0.453051  0.00608824
          98    0.456064    0.453082   0.0060262
          99    0.482436    0.453378  0.00597262
         100    0.367108    0.452515  0.00597487
           0        -nan        -nan        -nan
           1     0.50534     0.50534           0
           2     0.44276     0.47405   0.0221254
           3     0.37954    0.442547   0.0296515
           4    0.497388    0.456257   0.0252098
           5    0.359544    0.436914   0.0265716
           6     0.50376    0.448055   0.0243669
           7    0.422436    0.444395    0.021159
           8    0.425812    0.442073   0.0186412
           9    0.330632     0.42969   0.0202694
          10    0.436576    0.430379   0.0182542
          11    0.465944    0.433612   0.0168786
          12    0.430356    0.433341   0.0154742
          13    0.462424    0.435578   0.0144447
          14    0.436652    0.435655   0.0134132
          15    0.424628    0.434919   0.0125391
          16    0.403244     0.43294   0.0119106
          17     0.47928    0.435666   0.0115177
          18     0.46496    0.437293   0.0109922
          19      0.4617    0.438578   0.0104885
          20    0.445196    0.438909  0.00996927
          21    0.416916    0.437861  0.00954939
          22    0.402788    0.436267  0.00924745
          23    0.423516    0.435713  0.00886199
          24    0.422832    0.435176  0.00850897
          25    0.368224    0.432498  0.00857971
          26      0.4104    0.431648  0.00829172
          27    0.537812     0.43558  0.00886804
          28    0.520572    0.438615  0.00905593
          29    0.517756    0.441344   0.0091456
          30    0.519964    0.443965  0.00920857
          31    0.550084    0.447388  0.00952656
          32    0.522584    0.449738  0.00951426
          33    0.354372    0.446848  0.00965487
          34    0.467652     0.44746  0.00939027
          35     0.46708    0.448021  0.00913869
          36     0.42244     0.44731  0.00891242
          37    0.368164    0.445171  0.00892456
          38    0.433252    0.444857  0.00869521
          39    0.463888    0.445345  0.00848594
          40    0.494508    0.446574  0.00836232
