           1     3.62292     3.62292           0
           2     3.50866     3.56579   0.0403965
           3     3.56762      3.5664   0.0269356
           4     3.59303     3.57306   0.0210083
           5     3.58682     3.57581   0.0169862
           6     3.45796     3.55617   0.0228446
           7     3.52849     3.55221   0.0199203
           8     3.47391     3.54243   0.0196887
           9       3.391      3.5256   0.0236201
          10     3.33109     3.50615   0.0281499
          11     3.75052     3.52836   0.0332196
          12     3.60134     3.53445   0.0310028
          13     3.54469     3.53523    0.028628
          14     3.62402     3.54158   0.0272766
          15     3.38111     3.53088   0.0274758
          16     3.77574     3.54618   0.0297165
          17     3.67617     3.55383   0.0289354
          18     3.44398     3.54772   0.0279641
          19     3.75826     3.55881   0.0286035
          20     3.52652     3.55719   0.0272189
           1     3.62292     3.62292           0
           2     3.50866     3.56579   0.0403965
           3     3.56762      3.5664   0.0269356
           4     3.59303     3.57306   0.0210083
           5     3.58682     3.57581   0.0169862
           6     3.45796     3.55617   0.0228446
           7     3.52849     3.55221   0.0199203
           8     3.47391     3.54243   0.0196887
           9       3.391      3.5256   0.0236201
          10     3.33109     3.50615   0.0281499
          11     3.75052     3.52836   0.0332196
          12     3.60134     3.53445   0.0310028
          13     3.54469     3.53523    0.028628
          14     3.62402     3.54158   0.0272766
          15     3.38111     3.53088   0.0274758
          16     3.77574     3.54618   0.0297165
          17     3.67617     3.55383   0.0289354
          18     3.44398     3.54772   0.0279641
          19     3.75826     3.55881   0.0286035
          20     3.52652     3.55719   0.0272189
           0        -nan        -nan        -nan
           1     3.50866     3.50866           0
           2     3.56762     3.53814   0.0208455
           3     3.59303     3.55643   0.0204034
           4     3.58682     3.56403   0.0166571
           5     3.45796     3.54282    0.023187
           6     3.52849     3.54043    0.019445
           7     3.47391     3.53093   0.0188468
           8       3.391     3.51344   0.0232299
           9     3.33109     3.49318   0.0281294
          10     3.75052     3.51891   0.0351702
          11     3.60134      3.5264   0.0327614
          12     3.54469     3.52793   0.0300667
          13     3.62402     3.53532   0.0286481
          14     3.38111      3.5243   0.0286411
          15     3.77574     3.54107   0.0312541
          16     3.67617     3.54951     0.03042
          17     3.44398      3.5433   0.0292571
          18     3.75826     3.55524     0.02997
          19     3.52652     3.55373   0.0284308
          20     3.56971     3.55453   0.0270204
           0        -nan        -nan        -nan
           1     3.50866     3.50866           0
           2     3.56762     3.53814   0.0208455
           3     3.59303     3.55643   0.0204034
           4     3.58682     3.56403   0.0166571
           5     3.45796     3.54282    0.023187
           6     3.52849     3.54043    0.019445
           7     3.47391     3.53093   0.0188468
           8       3.391     3.51344   0.0232299
           9     3.33109     3.49318   0.0281294
          10     3.75052     3.51891   0.0351702
          11     3.60134      3.5264   0.0327614
          12     3.54469     3.52793   0.0300667
          13     3.62402     3.53532   0.0286481
          14     3.38111      3.5243   0.0286411
          15     3.77574     3.54107   0.0312541
          16     3.67617     3.54951     0.03042
          17     3.44398      3.5433   0.0292571
          18     3.75826     3.55524     0.02997
          19     3.52652     3.55373   0.0284308
          20     3.56971     3.55453   0.0270204
           0        -nan        -nan        -nan
           1     3.50866     3.50866           0
           2     3.56762     3.53814   0.0208455
           3     3.59303     3.55643   0.0204034
           4     3.58682     3.56403   0.0166571
           5     3.45796     3.54282    0.023187
           6     3.52849     3.54043    0.019445
           7     3.47391     3.53093   0.0188468
           8       3.391     3.51344   0.0232299
           9     3.33109     3.49318   0.0281294
          10     3.75052     3.51891   0.0351702
          11     3.60134      3.5264   0.0327614
          12     3.54469     3.52793   0.0300667
          13     3.62402     3.53532   0.0286481
          14     3.38111      3.5243   0.0286411
          15     3.77574     3.54107   0.0312541
          16     3.67617     3.54951     0.03042
          17     3.44398      3.5433   0.0292571
          18     3.75826     3.55524     0.02997
          19     3.52652     3.55373   0.0284308
          20     3.56971     3.55453   0.0270204
           0        -nan        -nan        -nan
           1     17.1573     17.1573           0
           2      19.443     18.3001    0.808119
           3     14.9637      17.188     1.05585
           4     15.9849     16.8872    0.833631
           5     17.4787     17.0055    0.675246
           6      14.713     16.6234    0.662036
           7     14.6875     16.3469    0.622548
           8     14.8068     16.1544    0.573722
           9     18.5863     16.4246    0.570068
          10     14.0533     16.1874    0.560212
          11     18.1252     16.3636    0.536266
          12     15.5229     16.2935    0.496133
          13     15.0556     16.1983    0.467019
          14     17.0807     16.2613    0.437892
          15      15.315     16.1983    0.413219
          16     16.1055     16.1925    0.387433
          17     19.4954     16.3868    0.410479
          18     16.0573     16.3684    0.388083
          19     15.7676     16.3368    0.368944
          20     15.7596      16.308    0.351623
           0        -nan        -nan        -nan
           1     3.50866     3.50866           0
           2     3.56762     3.53814   0.0208455
           3     3.59303     3.55643   0.0204034
           4     3.58682     3.56403   0.0166571
           5     3.45796     3.54282    0.023187
           6     3.52849     3.54043    0.019445
           7     3.47391     3.53093   0.0188468
           8       3.391     3.51344   0.0232299
           9     3.33109     3.49318   0.0281294
          10     3.75052     3.51891   0.0351702
          11     3.60134      3.5264   0.0327614
          12     3.54469     3.52793   0.0300667
          13     3.62402     3.53532   0.0286481
          14     3.38111      3.5243   0.0286411
          15     3.77574     3.54107   0.0312541
          16     3.67617     3.54951     0.03042
          17     3.44398      3.5433   0.0292571
          18     3.75826     3.55524     0.02997
          19     3.52652     3.55373   0.0284308
          20     3.56971     3.55453   0.0270204
           0        -nan        -nan        -nan
           1     3.50866     3.50866           0
           2     3.56762     3.53814   0.0208455
           3     3.59303     3.55643   0.0204034
           4     3.58682     3.56403   0.0166571
           5     3.45796     3.54282    0.023187
           6     3.52849     3.54043    0.019445
           7     3.47391     3.53093   0.0188468
           8       3.391     3.51344   0.0232299
           9     3.33109     3.49318   0.0281294
          10     3.75052     3.51891   0.0351702
          11     3.60134      3.5264   0.0327614
          12     3.54469     3.52793   0.0300667
          13     3.62402     3.53532   0.0286481
          14     3.38111      3.5243   0.0286411
          15     3.77574     3.54107   0.0312541
          16     3.67617     3.54951     0.03042
          17     3.44398      3.5433   0.0292571
          18     3.75826     3.55524     0.02997
          19     3.52652     3.55373   0.0284308
          20     3.56971     3.55453   0.0270204
           0        -nan        -nan        -nan
           1     3.50866     3.50866           0
           2     3.56762     3.53814   0.0208455
           3     3.59303     3.55643   0.0204034
           4     3.58682     3.56403   0.0166571
           5     3.45796     3.54282    0.023187
           6     3.52849     3.54043    0.019445
           7     3.47391     3.53093   0.0188468
           8       3.391     3.51344   0.0232299
           9     3.33109     3.49318   0.0281294
          10     3.75052     3.51891   0.0351702
          11     3.60134      3.5264   0.0327614
          12     3.54469     3.52793   0.0300667
          13     3.62402     3.53532   0.0286481
          14     3.38111      3.5243   0.0286411
          15     3.77574     3.54107   0.0312541
          16     3.67617     3.54951     0.03042
          17     3.44398      3.5433   0.0292571
          18     3.75826     3.55524     0.02997
          19     3.52652     3.55373   0.0284308
          20     3.56971     3.55453   0.0270204
           0        -nan        -nan        -nan
           1     3.56762     3.56762           0
           2     3.59303     3.58032  0.00898352
           3     3.58682     3.58249  0.00624495
           4     3.45796     3.55136    0.027366
           5     3.52849     3.54678   0.0222716
           6     3.47391     3.53464   0.0216195
           7       3.391     3.51412   0.0265384
           8     3.33109     3.49124   0.0315789
           9     3.75052     3.52005   0.0390596
          10     3.60134     3.52818   0.0359895
          11     3.54469     3.52968    0.032749
          12     3.62402     3.53754   0.0309492
          13     3.38111     3.52551    0.030819
          14     3.77574     3.54338   0.0334007
          15     3.67617     3.55223   0.0323258
          16     3.44398     3.54547   0.0310055
          17     3.75826     3.55798   0.0316074
          18     3.52652     3.55624   0.0298998
          19     3.56971     3.55695   0.0283345
          20     3.33393     3.54579   0.0290292
           0        -nan        -nan        -nan
           1     3.56762     3.56762           0
           2     3.59303     3.58032  0.00898352
           3     3.58682     3.58249  0.00624495
           4     3.45796     3.55136    0.027366
           5     3.52849     3.54678   0.0222716
           6     3.47391     3.53464   0.0216195
           7       3.391     3.51412   0.0265384
           8     3.33109     3.49124   0.0315789
           9     3.75052     3.52005   0.0390596
          10     3.60134     3.52818   0.0359895
          11     3.54469     3.52968    0.032749
          12     3.62402     3.53754   0.0309492
          13     3.38111     3.52551    0.030819
          14     3.77574     3.54338   0.0334007
          15     3.67617     3.55223   0.0323258
          16     3.44398     3.54547   0.0310055
          17     3.75826     3.55798   0.0316074
          18     3.52652     3.55624   0.0298998
          19     3.56971     3.55695   0.0283345
          20     3.33393     3.54579   0.0290292
           0        -nan        -nan        -nan
           1     3.56762     3.56762           0
           2     3.59303     3.58032  0.00898352
           3     3.58682     3.58249  0.00624495
           4     3.45796     3.55136    0.027366
           5     3.52849     3.54678   0.0222716
           6     3.47391     3.53464   0.0216195
           7       3.391     3.51412   0.0265384
           8     3.33109     3.49124   0.0315789
           9     3.75052     3.52005   0.0390596
          10     3.60134     3.52818   0.0359895
          11     3.54469     3.52968    0.032749
          12     3.62402     3.53754   0.0309492
          13     3.38111     3.52551    0.030819
          14     3.77574     3.54338   0.0334007
          15     3.67617     3.55223   0.0323258
          16     3.44398     3.54547   0.0310055
          17     3.75826     3.55798   0.0316074
          18     3.52652     3.55624   0.0298998
          19     3.56971     3.55695   0.0283345
          20     3.33393     3.54579   0.0290292
          21     3.70237     3.55325   0.0285883
          22     3.34911     3.54397   0.0287553
          23       3.605     3.54662   0.0276272
          24     3.67321      3.5519   0.0269749
          25     3.64832     3.55576   0.0261701
          26     3.53668     3.55502   0.0251739
          27     3.46894     3.55183   0.0244426
          28     3.58129     3.55289   0.0235923
          29     3.47036     3.55004   0.0229497
          30     3.53609     3.54958   0.0221894
          31     3.53108     3.54898   0.0214817
          32     3.48367     3.54694   0.0209071
          33     3.55525     3.54719    0.020275
          34     3.64811     3.55016   0.0198948
          35     3.51724     3.54922   0.0193486
          36     3.37596      3.5444   0.0194004
          37     3.68852      3.5483   0.0192632
          38     3.34247     3.54288   0.0195029
          39      3.6451      3.5455   0.0191781
          40     3.69274     3.54919   0.0190486
