           1    0.218581    0.218581           0
           2    0.211898     0.21524  0.00236296
           3    0.218812     0.21643  0.00185117
           4    0.210098    0.214847  0.00195122
           5    0.216729    0.215224  0.00159686
           6    0.212051    0.214695  0.00141556
           7    0.212891    0.214437  0.00123656
           8    0.203095    0.213019  0.00171157
           9       0.215    0.213239  0.00153547
          10    0.212663    0.213182    0.001383
          11    0.207193    0.212637  0.00136022
          12    0.207453    0.212205  0.00131368
          13    0.220725    0.212861  0.00136635
          14    0.209986    0.212655  0.00128409
          15    0.210618     0.21252  0.00120565
          16    0.216114    0.212744  0.00115103
          17    0.209197    0.212536  0.00110207
          18    0.214764    0.212659  0.00104778
          19    0.211995    0.212624 0.000993214
          20     0.21735    0.212861 0.000971257
           1    0.218581    0.218581           0
           2    0.211898     0.21524  0.00236296
           3    0.218812     0.21643  0.00185117
           4    0.210098    0.214847  0.00195122
           5    0.216729    0.215224  0.00159686
           6    0.212051    0.214695  0.00141556
           7    0.212891    0.214437  0.00123656
           8    0.203095    0.213019  0.00171157
           9       0.215    0.213239  0.00153547
          10    0.212663    0.213182    0.001383
          11    0.207193    0.212637  0.00136022
          12    0.207453    0.212205  0.00131368
          13    0.220725    0.212861  0.00136635
          14    0.209986    0.212655  0.00128409
          15    0.210618     0.21252  0.00120565
          16    0.216114    0.212744  0.00115103
          17    0.209197    0.212536  0.00110207
          18    0.214764    0.212659  0.00104778
          19    0.211995    0.212624 0.000993214
          20     0.21735    0.212861 0.000971257
           0        -nan        -nan        -nan
           1    0.211898    0.211898           0
           2    0.218812    0.215355  0.00244445
           3    0.210098    0.213603  0.00216859
           4    0.216729    0.214384  0.00176167
           5    0.212051    0.213918  0.00146984
           6    0.212891    0.213746  0.00123478
           7    0.203095    0.212225  0.00176202
           8       0.215    0.212572  0.00157554
           9    0.212663    0.212582  0.00140051
          10    0.207193    0.212043  0.00136019
          11    0.207453    0.211626  0.00129896
          12    0.220725    0.212384  0.00139457
          13    0.209986      0.2122  0.00129944
          14    0.210618    0.212087  0.00121152
          15    0.216114    0.212355  0.00116012
          16    0.209197    0.212158  0.00110427
          17    0.214764    0.212311  0.00104991
          18    0.211995    0.212293 0.000991725
          19     0.21735     0.21256  0.00097459
          20    0.215065    0.212685 0.000933877
           0        -nan        -nan        -nan
           1    0.211898    0.211898           0
           2    0.218812    0.215355  0.00244445
           3    0.210098    0.213603  0.00216859
           4    0.216729    0.214384  0.00176167
           5    0.212051    0.213918  0.00146984
           6    0.212891    0.213746  0.00123478
           7    0.203095    0.212225  0.00176202
           8       0.215    0.212572  0.00157554
           9    0.212663    0.212582  0.00140051
          10    0.207193    0.212043  0.00136019
          11    0.207453    0.211626  0.00129896
          12    0.220725    0.212384  0.00139457
          13    0.209986      0.2122  0.00129944
          14    0.210618    0.212087  0.00121152
          15    0.216114    0.212355  0.00116012
          16    0.209197    0.212158  0.00110427
          17    0.214764    0.212311  0.00104991
          18    0.211995    0.212293 0.000991725
          19     0.21735     0.21256  0.00097459
          20    0.215065    0.212685 0.000933877
           0        -nan        -nan        -nan
           1    0.108338    0.108338           0
           2    0.101762     0.10505  0.00232499
           3    0.111454    0.107185   0.0023324
           4    0.112154    0.108427  0.00205367
           5    0.104797    0.107701  0.00176663
           6     0.10832    0.107804   0.0014752
           7   0.0986327    0.106494   0.0017522
           8    0.110888    0.107043  0.00161699
           9    0.107385    0.107081  0.00143777
          10     0.11329    0.107702  0.00142177
          11    0.108183    0.107746  0.00129319
          12    0.104955    0.107513  0.00120616
          13    0.105682    0.107372  0.00112157
          14     0.10756    0.107386  0.00104153
          15    0.105052     0.10723 0.000983653
          16    0.113169    0.107601 0.000989729
          17    0.104662    0.107428 0.000946492
          18    0.106213    0.107361 0.000896314
          19    0.105102    0.107242  0.00085699
          20    0.106136    0.107187 0.000815921
           0        -nan        -nan        -nan
           1    0.211898    0.211898           0
           2    0.218812    0.215355  0.00244445
           3    0.210098    0.213603  0.00216859
           4    0.216729    0.214384  0.00176167
           5    0.212051    0.213918  0.00146984
           6    0.212891    0.213746  0.00123478
           7    0.203095    0.212225  0.00176202
           8       0.215    0.212572  0.00157554
           9    0.212663    0.212582  0.00140051
          10    0.207193    0.212043  0.00136019
          11    0.207453    0.211626  0.00129896
          12    0.220725    0.212384  0.00139457
          13    0.209986      0.2122  0.00129944
          14    0.210618    0.212087  0.00121152
          15    0.216114    0.212355  0.00116012
          16    0.209197    0.212158  0.00110427
          17    0.214764    0.212311  0.00104991
          18    0.211995    0.212293 0.000991725
          19     0.21735     0.21256  0.00097459
          20    0.215065    0.212685 0.000933877
           0        -nan        -nan        -nan
           1    0.211898    0.211898           0
           2    0.218812    0.215355  0.00244445
           3    0.210098    0.213603  0.00216859
           4    0.216729    0.214384  0.00176167
           5    0.212051    0.213918  0.00146984
           6    0.212891    0.213746  0.00123478
           7    0.203095    0.212225  0.00176202
           8       0.215    0.212572  0.00157554
           9    0.212663    0.212582  0.00140051
          10    0.207193    0.212043  0.00136019
          11    0.207453    0.211626  0.00129896
          12    0.220725    0.212384  0.00139457
          13    0.209986      0.2122  0.00129944
          14    0.210618    0.212087  0.00121152
          15    0.216114    0.212355  0.00116012
          16    0.209197    0.212158  0.00110427
          17    0.214764    0.212311  0.00104991
          18    0.211995    0.212293 0.000991725
          19     0.21735     0.21256  0.00097459
          20    0.215065    0.212685 0.000933877
           0        -nan        -nan        -nan
           1    0.211898    0.211898           0
           2    0.218812    0.215355  0.00244445
           3    0.210098    0.213603  0.00216859
           4    0.216729    0.214384  0.00176167
           5    0.212051    0.213918  0.00146984
           6    0.212891    0.213746  0.00123478
           7    0.203095    0.212225  0.00176202
           8       0.215    0.212572  0.00157554
           9    0.212663    0.212582  0.00140051
          10    0.207193    0.212043  0.00136019
          11    0.207453    0.211626  0.00129896
          12    0.220725    0.212384  0.00139457
          13    0.209986      0.2122  0.00129944
          14    0.210618    0.212087  0.00121152
          15    0.216114    0.212355  0.00116012
          16    0.209197    0.212158  0.00110427
          17    0.214764    0.212311  0.00104991
          18    0.211995    0.212293 0.000991725
          19     0.21735     0.21256  0.00097459
          20    0.215065    0.212685 0.000933877
           0        -nan        -nan        -nan
           1    0.218812    0.218812           0
           2    0.210098    0.214455  0.00308083
           3    0.216729    0.215213  0.00214512
           4    0.212051    0.214422  0.00174843
           5    0.212891    0.214116  0.00142531
           6    0.203095    0.212279  0.00205485
           7       0.215    0.212668  0.00179767
           8    0.212663    0.212667  0.00157296
           9    0.207193    0.212059  0.00151123
          10    0.207453    0.211599  0.00142857
          11    0.220725    0.212428  0.00152065
          12    0.209986    0.212225  0.00140749
          13    0.210618    0.212101  0.00130463
          14    0.216114    0.212388  0.00124252
          15    0.209197    0.212175  0.00117776
          16    0.214764    0.212337  0.00111521
          17    0.211995    0.212317  0.00104979
          18     0.21735    0.212596  0.00102804
          19    0.215065    0.212726 0.000982109
          20    0.208202      0.2125 0.000958699
           0        -nan        -nan        -nan
           1    0.218812    0.218812           0
           2    0.210098    0.214455  0.00308083
           3    0.216729    0.215213  0.00214512
           4    0.212051    0.214422  0.00174843
           5    0.212891    0.214116  0.00142531
           6    0.203095    0.212279  0.00205485
           7       0.215    0.212668  0.00179767
           8    0.212663    0.212667  0.00157296
           9    0.207193    0.212059  0.00151123
          10    0.207453    0.211599  0.00142857
          11    0.220725    0.212428  0.00152065
          12    0.209986    0.212225  0.00140749
          13    0.210618    0.212101  0.00130463
          14    0.216114    0.212388  0.00124252
          15    0.209197    0.212175  0.00117776
          16    0.214764    0.212337  0.00111521
          17    0.211995    0.212317  0.00104979
          18     0.21735    0.212596  0.00102804
          19    0.215065    0.212726 0.000982109
          20    0.208202      0.2125 0.000958699
           0        -nan        -nan        -nan
           1    0.218812    0.218812           0
           2    0.210098    0.214455  0.00308083
           3    0.216729    0.215213  0.00214512
           4    0.212051    0.214422  0.00174843
           5    0.212891    0.214116  0.00142531
           6    0.203095    0.212279  0.00205485
           7       0.215    0.212668  0.00179767
           8    0.212663    0.212667  0.00157296
           9    0.207193    0.212059  0.00151123
          10    0.207453    0.211599  0.00142857
          11    0.220725    0.212428  0.00152065
          12    0.209986    0.212225  0.00140749
          13    0.210618    0.212101  0.00130463
          14    0.216114    0.212388  0.00124252
          15    0.209197    0.212175  0.00117776
          16    0.214764    0.212337  0.00111521
          17    0.211995    0.212317  0.00104979
          18     0.21735    0.212596  0.00102804
          19    0.215065    0.212726 0.000982109
          20    0.208202      0.2125 0.000958699
          21    0.212844    0.212516 0.000913186
          22    0.217663     0.21275 0.000901148
          23    0.211958    0.212716 0.000862626
          24    0.221184    0.213069 0.000895946
          25    0.211978    0.213025  0.00086117
          26    0.213853    0.213057 0.000828637
          27    0.214084    0.213095 0.000798819
          28    0.207676    0.212902 0.000793386
          29    0.210619    0.212823  0.00076992
          30    0.209683    0.212718 0.000751338
          31    0.211712    0.212686 0.000727803
          32    0.213197    0.212702 0.000705234
          33    0.204011    0.212438 0.000731389
          34     0.21005    0.212368 0.000713242
          35    0.215054    0.212445 0.000696979
          36    0.214084     0.21249 0.000679104
          37    0.215292    0.212566 0.000664959
          38    0.217634    0.212699 0.000660702
          39    0.210875    0.212653 0.000645415
          40    0.214053    0.212688 0.000630228
           0        -nan        -nan        -nan
           1    0.218812    0.218812           0
           2    0.210098    0.214455  0.00308083
           3    0.216729    0.215213  0.00214512
           4    0.212051    0.214422  0.00174843
           5    0.212891    0.214116  0.00142531
           6    0.203095    0.212279  0.00205485
           7       0.215    0.212668  0.00179767
           8    0.212663    0.212667  0.00157296
           9    0.207193    0.212059  0.00151123
          10    0.207453    0.211599  0.00142857
          11    0.220725    0.212428  0.00152065
          12    0.209986    0.212225  0.00140749
          13    0.210618    0.212101  0.00130463
          14    0.216114    0.212388  0.00124252
          15    0.209197    0.212175  0.00117776
          16    0.214764    0.212337  0.00111521
          17    0.211995    0.212317  0.00104979
          18     0.21735    0.212596  0.00102804
          19    0.215065    0.212726 0.000982109
          20    0.208202      0.2125 0.000958699
          21    0.212844    0.212516 0.000913186
          22    0.217663     0.21275 0.000901148
          23    0.211958    0.212716 0.000862626
          24    0.221184    0.213069 0.000895946
          25    0.211978    0.213025  0.00086117
          26    0.213853    0.213057 0.000828637
          27    0.214084    0.213095 0.000798819
          28    0.207676    0.212902 0.000793386
          29    0.210619    0.212823  0.00076992
          30    0.209683    0.212718 0.000751338
          31    0.211712    0.212686 0.000727803
          32    0.213197    0.212702 0.000705234
          33    0.204011    0.212438 0.000731389
          34     0.21005    0.212368 0.000713242
          35    0.215054    0.212445 0.000696979
          36    0.214084     0.21249 0.000679104
          37    0.215292    0.212566 0.000664959
          38    0.217634    0.212699 0.000660702
          39    0.210875    0.212653 0.000645415
          40    0.214053    0.212688 0.000630228
          41    0.217999    0.212817 0.000628028
          42    0.207995    0.212702 0.000623484
          43    0.212973    0.212709 0.000609016
          44    0.206639    0.212571 0.000610597
          45    0.216287    0.212653 0.000602586
          46    0.215421    0.212713 0.000592482
          47     0.21326    0.212725  0.00057999
          48    0.209933    0.212667 0.000570817
          49    0.211732    0.212648 0.000559487
          50    0.215517    0.212705 0.000551232
          51     0.21158    0.212683 0.000540866
          52    0.204268    0.212521 0.000554145
          53    0.210327     0.21248 0.000545234
          54     0.20574    0.212355 0.000549237
          55    0.216389    0.212428 0.000544127
          56    0.211969     0.21242 0.000534472
          57    0.215983    0.212483 0.000528738
          58    0.217955    0.212577 0.000527971
          59    0.208229    0.212503 0.000524142
          60    0.214671     0.21254 0.000516649
          61      0.2155    0.212588 0.000510453
          62    0.210425    0.212553 0.000503411
          63    0.205927    0.212448 0.000506289
          64    0.215499    0.212496 0.000500617
          65    0.211713    0.212484  0.00049306
          66    0.208679    0.212426 0.000488947
          67    0.216282    0.212484 0.000485025
          68    0.221227    0.212612 0.000494642
          69    0.213584    0.212626 0.000487674
          70    0.212308    0.212622 0.000480729
          71    0.210707    0.212595 0.000474713
          72    0.212279     0.21259 0.000468141
          73    0.209724    0.212551 0.000463372
          74    0.205237    0.212452 0.000467533
          75    0.215268     0.21249 0.000462804
          76    0.215996    0.212536 0.000459008
          77    0.215028    0.212568 0.000454186
          78    0.213072    0.212575 0.000448409
          79    0.208616    0.212525 0.000445524
          80    0.208981     0.21248 0.000442152
          81    0.210091    0.212451 0.000437676
          82    0.208409    0.212401 0.000435106
          83     0.20792    0.212347 0.000433201
          84    0.214768    0.212376 0.000429001
          85    0.212565    0.212379  0.00042396
          86    0.210401    0.212356 0.000419653
          87    0.217743    0.212417 0.000419374
          88    0.209218    0.212381 0.000416182
          89    0.213681    0.212396 0.000411762
          90    0.217382    0.212451 0.000410897
          91     0.21217    0.212448 0.000406393
          92    0.216472    0.212492 0.000404323
          93    0.207859    0.212442 0.000403033
          94     0.21038     0.21242 0.000399342
          95    0.214469    0.212442  0.00039572
          96    0.208986    0.212406 0.000393232
          97    0.212242    0.212404 0.000389181
          98    0.206989    0.212349 0.000389112
          99    0.211118    0.212336  0.00038538
         100    0.208999    0.212303 0.000382969
           0        -nan        -nan        -nan
           1    0.218812    0.218812           0
           2    0.210098    0.214455  0.00308083
           3    0.216729    0.215213  0.00214512
           4    0.212051    0.214422  0.00174843
           5    0.212891    0.214116  0.00142531
           6    0.203095    0.212279  0.00205485
           7       0.215    0.212668  0.00179767
           8    0.212663    0.212667  0.00157296
           9    0.207193    0.212059  0.00151123
          10    0.207453    0.211599  0.00142857
          11    0.220725    0.212428  0.00152065
          12    0.209986    0.212225  0.00140749
          13    0.210618    0.212101  0.00130463
          14    0.216114    0.212388  0.00124252
          15    0.209197    0.212175  0.00117776
          16    0.214764    0.212337  0.00111521
          17    0.211995    0.212317  0.00104979
          18     0.21735    0.212596  0.00102804
          19    0.215065    0.212726 0.000982109
          20    0.208202      0.2125 0.000958699
          21    0.212844    0.212516 0.000913186
          22    0.217663     0.21275 0.000901148
          23    0.211958    0.212716 0.000862626
          24    0.221184    0.213069 0.000895946
          25    0.211978    0.213025  0.00086117
          26    0.213853    0.213057 0.000828637
          27    0.214084    0.213095 0.000798819
          28    0.207676    0.212902 0.000793386
          29    0.210619    0.212823  0.00076992
          30    0.209683    0.212718 0.000751338
          31    0.211712    0.212686 0.000727803
          32    0.213197    0.212702 0.000705234
          33    0.204011    0.212438 0.000731389
          34     0.21005    0.212368 0.000713242
          35    0.215054    0.212445 0.000696979
          36    0.214084     0.21249 0.000679104
          37    0.215292    0.212566 0.000664959
          38    0.217634    0.212699 0.000660702
          39    0.210875    0.212653 0.000645415
          40    0.214053    0.212688 0.000630228
