           1   -0.682104   -0.682104           0
           2   -0.687328   -0.684716  0.00184696
           3   -0.683944   -0.684459  0.00124911
           4   -0.677816   -0.682798  0.00171639
           5   -0.681064   -0.682451  0.00140772
           6   -0.683016   -0.682545  0.00117624
           7   -0.683304   -0.682654  0.00101319
           8    -0.68324   -0.682727 0.000889184
           9   -0.682936    -0.68275 0.000790689
          10   -0.683144    -0.68279   0.0007126
          11    -0.68272   -0.682783 0.000647846
          12   -0.680088   -0.682559 0.000631595
          13   -0.682008   -0.682516  0.00058443
          14   -0.684456   -0.682655 0.000558866
          15   -0.681904   -0.682605 0.000523846
          16   -0.684864   -0.682746  0.00050978
          17    -0.68068   -0.682624 0.000494067
          18   -0.680536   -0.682508 0.000480049
          19    -0.68468   -0.682623 0.000468191
          20   -0.684544   -0.682719  0.00045453
           1   -0.682104   -0.682104           0
           2   -0.687328   -0.684716  0.00184696
           3   -0.683944   -0.684459  0.00124911
           4   -0.677816   -0.682798  0.00171639
           5   -0.681064   -0.682451  0.00140772
           6   -0.683016   -0.682545  0.00117624
           7   -0.683304   -0.682654  0.00101319
           8    -0.68324   -0.682727 0.000889184
           9   -0.682936    -0.68275 0.000790689
          10   -0.683144    -0.68279   0.0007126
          11    -0.68272   -0.682783 0.000647846
          12   -0.680088   -0.682559 0.000631595
          13   -0.682008   -0.682516  0.00058443
          14   -0.684456   -0.682655 0.000558866
          15   -0.681904   -0.682605 0.000523846
          16   -0.684864   -0.682746  0.00050978
          17    -0.68068   -0.682624 0.000494067
          18   -0.680536   -0.682508 0.000480049
          19    -0.68468   -0.682623 0.000468191
          20   -0.684544   -0.682719  0.00045453
           0        -nan        -nan        -nan
           1   -0.687328   -0.687328           0
           2   -0.683944   -0.685636  0.00119642
           3   -0.677816   -0.683029  0.00227288
           4   -0.681064   -0.682538  0.00175697
           5   -0.683016   -0.682634  0.00140817
           6   -0.683304   -0.682745   0.0011779
           7    -0.68324   -0.682816  0.00101175
           8   -0.682936   -0.682831  0.00088539
           9   -0.683144   -0.682866 0.000787696
          10    -0.68272   -0.682851 0.000709061
          11   -0.680088     -0.6826 0.000687659
          12   -0.682008   -0.682551 0.000632122
          13   -0.684456   -0.682697 0.000600248
          14   -0.681904   -0.682641 0.000560041
          15   -0.684864   -0.682789 0.000541966
          16    -0.68068   -0.682657 0.000523874
          17   -0.680536   -0.682532 0.000507697
          18    -0.68468   -0.682652 0.000493314
          19   -0.684544   -0.682751 0.000477299
          20   -0.684016   -0.682814 0.000457605
           0        -nan        -nan        -nan
           1   -0.687328   -0.687328           0
           2   -0.683944   -0.685636  0.00119642
           3   -0.677816   -0.683029  0.00227288
           4   -0.681064   -0.682538  0.00175697
           5   -0.683016   -0.682634  0.00140817
           6   -0.683304   -0.682745   0.0011779
           7    -0.68324   -0.682816  0.00101175
           8   -0.682936   -0.682831  0.00088539
           9   -0.683144   -0.682866 0.000787696
          10    -0.68272   -0.682851 0.000709061
          11   -0.680088     -0.6826 0.000687659
          12   -0.682008   -0.682551 0.000632122
          13   -0.684456   -0.682697 0.000600248
          14   -0.681904   -0.682641 0.000560041
          15   -0.684864   -0.682789 0.000541966
          16    -0.68068   -0.682657 0.000523874
          17   -0.680536   -0.682532 0.000507697
          18    -0.68468   -0.682652 0.000493314
          19   -0.684544   -0.682751 0.000477299
          20   -0.684016   -0.682814 0.000457605
           0        -nan        -nan        -nan
           1   -0.687328   -0.687328           0
           2   -0.683944   -0.685636  0.00119642
           3   -0.677816   -0.683029  0.00227288
           4   -0.681064   -0.682538  0.00175697
           5   -0.683016   -0.682634  0.00140817
           6   -0.683304   -0.682745   0.0011779
           7    -0.68324   -0.682816  0.00101175
           8   -0.682936   -0.682831  0.00088539
           9   -0.683144   -0.682866 0.000787696
          10    -0.68272   -0.682851 0.000709061
          11   -0.680088     -0.6826 0.000687659
          12   -0.682008   -0.682551 0.000632122
          13   -0.684456   -0.682697 0.000600248
          14   -0.681904   -0.682641 0.000560041
          15   -0.684864   -0.682789 0.000541966
          16    -0.68068   -0.682657 0.000523874
          17   -0.680536   -0.682532 0.000507697
          18    -0.68468   -0.682652 0.000493314
          19   -0.684544   -0.682751 0.000477299
          20   -0.684016   -0.682814 0.000457605
           0        -nan        -nan        -nan
           1   -0.941248   -0.941248           0
           2   -0.943304   -0.942276 0.000726906
           3   -0.932328    -0.93896  0.00275053
           4   -0.928352   -0.936308  0.00308713
           5   -0.926712   -0.934389  0.00300767
           6   -0.924272   -0.932703   0.0029413
           7   -0.930536   -0.932393  0.00253734
           8   -0.934288    -0.93263   0.0022312
           9   -0.934272   -0.932812  0.00199074
          10   -0.935584    -0.93309  0.00181085
          11   -0.937664   -0.933505  0.00169331
          12   -0.931024   -0.933299  0.00156477
          13   -0.931288   -0.933144  0.00145203
          14   -0.936456   -0.933381  0.00136745
          15   -0.929136   -0.933098  0.00130524
          16   -0.936696   -0.933323  0.00124288
          17      -0.938   -0.933598  0.00119984
          18    -0.94316   -0.934129  0.00124525
          19   -0.935808   -0.934217  0.00118284
          20   -0.930816   -0.934047  0.00113586
           0        -nan        -nan        -nan
           1   -0.687328   -0.687328           0
           2   -0.683944   -0.685636  0.00119642
           3   -0.677816   -0.683029  0.00227288
           4   -0.681064   -0.682538  0.00175697
           5   -0.683016   -0.682634  0.00140817
           6   -0.683304   -0.682745   0.0011779
           7    -0.68324   -0.682816  0.00101175
           8   -0.682936   -0.682831  0.00088539
           9   -0.683144   -0.682866 0.000787696
          10    -0.68272   -0.682851 0.000709061
          11   -0.680088     -0.6826 0.000687659
          12   -0.682008   -0.682551 0.000632122
          13   -0.684456   -0.682697 0.000600248
          14   -0.681904   -0.682641 0.000560041
          15   -0.684864   -0.682789 0.000541966
          16    -0.68068   -0.682657 0.000523874
          17   -0.680536   -0.682532 0.000507697
          18    -0.68468   -0.682652 0.000493314
          19   -0.684544   -0.682751 0.000477299
          20   -0.684016   -0.682814 0.000457605
           0        -nan        -nan        -nan
           1   -0.687328   -0.687328           0
           2   -0.683944   -0.685636  0.00119642
           3   -0.677816   -0.683029  0.00227288
           4   -0.681064   -0.682538  0.00175697
           5   -0.683016   -0.682634  0.00140817
           6   -0.683304   -0.682745   0.0011779
           7    -0.68324   -0.682816  0.00101175
           8   -0.682936   -0.682831  0.00088539
           9   -0.683144   -0.682866 0.000787696
          10    -0.68272   -0.682851 0.000709061
          11   -0.680088     -0.6826 0.000687659
          12   -0.682008   -0.682551 0.000632122
          13   -0.684456   -0.682697 0.000600248
          14   -0.681904   -0.682641 0.000560041
          15   -0.684864   -0.682789 0.000541966
          16    -0.68068   -0.682657 0.000523874
          17   -0.680536   -0.682532 0.000507697
          18    -0.68468   -0.682652 0.000493314
          19   -0.684544   -0.682751 0.000477299
          20   -0.684016   -0.682814 0.000457605
           0        -nan        -nan        -nan
           1   -0.687328   -0.687328           0
           2   -0.683944   -0.685636  0.00119642
           3   -0.677816   -0.683029  0.00227288
           4   -0.681064   -0.682538  0.00175697
           5   -0.683016   -0.682634  0.00140817
           6   -0.683304   -0.682745   0.0011779
           7    -0.68324   -0.682816  0.00101175
           8   -0.682936   -0.682831  0.00088539
           9   -0.683144   -0.682866 0.000787696
          10    -0.68272   -0.682851 0.000709061
          11   -0.680088     -0.6826 0.000687659
          12   -0.682008   -0.682551 0.000632122
          13   -0.684456   -0.682697 0.000600248
          14   -0.681904   -0.682641 0.000560041
          15   -0.684864   -0.682789 0.000541966
          16    -0.68068   -0.682657 0.000523874
          17   -0.680536   -0.682532 0.000507697
          18    -0.68468   -0.682652 0.000493314
          19   -0.684544   -0.682751 0.000477299
          20   -0.684016   -0.682814 0.000457605
           0        -nan        -nan        -nan
           1   -0.683944   -0.683944           0
           2   -0.677816    -0.68088  0.00216658
           3   -0.681064   -0.680941  0.00144525
           4   -0.683016    -0.68146  0.00117332
           5   -0.683304   -0.681829 0.000994931
           6    -0.68324   -0.682064 0.000856459
           7   -0.682936   -0.682189 0.000743112
           8   -0.683144   -0.682308  0.00065975
           9    -0.68272   -0.682354  0.00058803
          10   -0.680088   -0.682127 0.000571214
          11   -0.682008   -0.682116 0.000519388
          12   -0.684456   -0.682311 0.000511392
          13   -0.681904    -0.68228 0.000473013
          14   -0.684864   -0.682465 0.000473871
          15    -0.68068   -0.682346  0.00045697
          16   -0.680536   -0.682232 0.000442184
          17    -0.68468   -0.682376 0.000438986
          18   -0.684544   -0.682497 0.000430797
          19   -0.684016   -0.682577 0.000415477
          20   -0.682624   -0.682579  0.00039471
           0        -nan        -nan        -nan
           1   -0.683944   -0.683944           0
           2   -0.677816    -0.68088  0.00216658
           3   -0.681064   -0.680941  0.00144525
           4   -0.683016    -0.68146  0.00117332
           5   -0.683304   -0.681829 0.000994931
           6    -0.68324   -0.682064 0.000856459
           7   -0.682936   -0.682189 0.000743112
           8   -0.683144   -0.682308  0.00065975
           9    -0.68272   -0.682354  0.00058803
          10   -0.680088   -0.682127 0.000571214
          11   -0.682008   -0.682116 0.000519388
          12   -0.684456   -0.682311 0.000511392
          13   -0.681904    -0.68228 0.000473013
          14   -0.684864   -0.682465 0.000473871
          15    -0.68068   -0.682346  0.00045697
          16   -0.680536   -0.682232 0.000442184
          17    -0.68468   -0.682376 0.000438986
          18   -0.684544   -0.682497 0.000430797
          19   -0.684016   -0.682577 0.000415477
          20   -0.682624   -0.682579  0.00039471
           0        -nan        -nan        -nan
           1   -0.683944   -0.683944           0
           2   -0.677816    -0.68088  0.00216658
           3   -0.681064   -0.680941  0.00144525
           4   -0.683016    -0.68146  0.00117332
           5   -0.683304   -0.681829 0.000994931
           6    -0.68324   -0.682064 0.000856459
           7   -0.682936   -0.682189 0.000743112
           8   -0.683144   -0.682308  0.00065975
           9    -0.68272   -0.682354  0.00058803
          10   -0.680088   -0.682127 0.000571214
          11   -0.682008   -0.682116 0.000519388
          12   -0.684456   -0.682311 0.000511392
          13   -0.681904    -0.68228 0.000473013
          14   -0.684864   -0.682465 0.000473871
          15    -0.68068   -0.682346  0.00045697
          16   -0.680536   -0.682232 0.000442184
          17    -0.68468   -0.682376 0.000438986
          18   -0.684544   -0.682497 0.000430797
          19   -0.684016   -0.682577 0.000415477
          20   -0.682624   -0.682579  0.00039471
          21   -0.683824   -0.682638 0.000380339
          22    -0.68352   -0.682679 0.000365155
          23   -0.684504   -0.682758   0.0003578
          24   -0.684144   -0.682816 0.000347522
          25   -0.676848   -0.682577 0.000407437
          26   -0.683768   -0.682623 0.000394333
          27   -0.685744   -0.682738  0.00039631
          28   -0.683288   -0.682758 0.000382642
          29   -0.681016   -0.682698 0.000374133
          30   -0.685992   -0.682808 0.000377431
          31   -0.680312   -0.682727 0.000373743
          32   -0.685232   -0.682805  0.00037017
          33   -0.684264    -0.68285 0.000361581
          34   -0.681856    -0.68282 0.000352126
          35   -0.682832   -0.682821 0.000342065
          36    -0.68272   -0.682818 0.000332575
          37   -0.682952   -0.682822 0.000323606
          38    -0.68144   -0.682785 0.000317126
          39    -0.68352   -0.682804 0.000309554
          40   -0.685408   -0.682869 0.000308584
           0        -nan        -nan        -nan
           1   -0.683944   -0.683944           0
           2   -0.677816    -0.68088  0.00216658
           3   -0.681064   -0.680941  0.00144525
           4   -0.683016    -0.68146  0.00117332
           5   -0.683304   -0.681829 0.000994931
           6    -0.68324   -0.682064 0.000856459
           7   -0.682936   -0.682189 0.000743112
           8   -0.683144   -0.682308  0.00065975
           9    -0.68272   -0.682354  0.00058803
          10   -0.680088   -0.682127 0.000571214
          11   -0.682008   -0.682116 0.000519388
          12   -0.684456   -0.682311 0.000511392
          13   -0.681904    -0.68228 0.000473013
          14   -0.684864   -0.682465 0.000473871
          15    -0.68068   -0.682346  0.00045697
          16   -0.680536   -0.682232 0.000442184
          17    -0.68468   -0.682376 0.000438986
          18   -0.684544   -0.682497 0.000430797
          19   -0.684016   -0.682577 0.000415477
          20   -0.682624   -0.682579  0.00039471
          21   -0.683824   -0.682638 0.000380339
          22    -0.68352   -0.682679 0.000365155
          23   -0.684504   -0.682758   0.0003578
          24   -0.684144   -0.682816 0.000347522
          25   -0.676848   -0.682577 0.000407437
          26   -0.683768   -0.682623 0.000394333
          27   -0.685744   -0.682738  0.00039631
          28   -0.683288   -0.682758 0.000382642
          29   -0.681016   -0.682698 0.000374133
          30   -0.685992   -0.682808 0.000377431
          31   -0.680312   -0.682727 0.000373743
          32   -0.685232   -0.682805  0.00037017
          33   -0.684264    -0.68285 0.000361581
          34   -0.681856    -0.68282 0.000352126
          35   -0.682832   -0.682821 0.000342065
          36    -0.68272   -0.682818 0.000332575
          37   -0.682952   -0.682822 0.000323606
          38    -0.68144   -0.682785 0.000317126
          39    -0.68352   -0.682804 0.000309554
          40   -0.685408   -0.682869 0.000308584
          41   -0.682296   -0.682855 0.000301374
          42   -0.684536   -0.682895 0.000296843
          43    -0.67708    -0.68276 0.000319264
          44    -0.68476   -0.682805 0.000315227
          45   -0.680736   -0.682759 0.000311558
          46   -0.682088   -0.682745 0.000305127
          47   -0.682736   -0.682745 0.000298635
          48   -0.688008   -0.682854 0.000311895
          49   -0.681592   -0.682829 0.000306592
          50     -0.6852   -0.682876 0.000304107
          51   -0.683968   -0.682897 0.000298897
          52    -0.68336   -0.682906 0.000293281
          53    -0.68516   -0.682949 0.000290814
          54   -0.683352   -0.682956 0.000285524
          55    -0.67888   -0.682882 0.000289792
          56   -0.681608   -0.682859 0.000285509
          57   -0.679952   -0.682808  0.00028502
          58   -0.683032   -0.682812 0.000280132
          59   -0.682112     -0.6828 0.000275636
          60   -0.682904   -0.682802 0.000271047
          61   -0.686688   -0.682866 0.000273987
          62   -0.683808   -0.682881 0.000269989
          63   -0.680024   -0.682836 0.000269485
          64   -0.680632   -0.682801 0.000267465
          65     -0.6808    -0.68277 0.000265117
          66   -0.681384   -0.682749 0.000261931
          67   -0.678824   -0.682691 0.000264493
          68   -0.683192   -0.682698 0.000260706
          69   -0.678768   -0.682641 0.000263076
          70   -0.680384   -0.682609 0.000261287
          71   -0.681192   -0.682589 0.000258368
          72    -0.68224   -0.682584 0.000254825
          73   -0.680064    -0.68255 0.000253662
          74   -0.684104   -0.682571 0.000251102
          75     -0.6826   -0.682571 0.000247755
          76   -0.681104   -0.682552 0.000245245
          77   -0.680768   -0.682529 0.000243152
          78      -0.682   -0.682522 0.000240129
          79   -0.680272   -0.682493 0.000238772
          80   -0.682584   -0.682495 0.000235791
          81   -0.683104   -0.682502    0.000233
          82   -0.682512   -0.682502 0.000230158
          83     -0.6808   -0.682482 0.000228297
          84   -0.679176   -0.682442 0.000228946
          85   -0.682576   -0.682444 0.000226258
          86    -0.68088   -0.682426 0.000224356
          87    -0.68244   -0.682426 0.000221778
          88   -0.681224   -0.682412 0.000219677
          89   -0.679344   -0.682378 0.000219898
          90      -0.685   -0.682407 0.000219376
          91   -0.680232   -0.682383 0.000218263
          92    -0.68372   -0.682397 0.000216374
          93     -0.6806   -0.682378 0.000214909
          94   -0.681288   -0.682367 0.000212935
          95   -0.681096   -0.682353 0.000211114
          96   -0.682096    -0.68235 0.000208932
          97    -0.68368   -0.682364 0.000207227
          98     -0.6828   -0.682369  0.00020516
          99   -0.684888   -0.682394  0.00020466
         100      -0.679    -0.68236 0.000205408
           0        -nan        -nan        -nan
           1   -0.683944   -0.683944           0
           2   -0.677816    -0.68088  0.00216658
           3   -0.681064   -0.680941  0.00144525
           4   -0.683016    -0.68146  0.00117332
           5   -0.683304   -0.681829 0.000994931
           6    -0.68324   -0.682064 0.000856459
           7   -0.682936   -0.682189 0.000743112
           8   -0.683144   -0.682308  0.00065975
           9    -0.68272   -0.682354  0.00058803
          10   -0.680088   -0.682127 0.000571214
          11   -0.682008   -0.682116 0.000519388
          12   -0.684456   -0.682311 0.000511392
          13   -0.681904    -0.68228 0.000473013
          14   -0.684864   -0.682465 0.000473871
          15    -0.68068   -0.682346  0.00045697
          16   -0.680536   -0.682232 0.000442184
          17    -0.68468   -0.682376 0.000438986
          18   -0.684544   -0.682497 0.000430797
          19   -0.684016   -0.682577 0.000415477
          20   -0.682624   -0.682579  0.00039471
          21   -0.683824   -0.682638 0.000380339
          22    -0.68352   -0.682679 0.000365155
          23   -0.684504   -0.682758   0.0003578
          24   -0.684144   -0.682816 0.000347522
          25   -0.676848   -0.682577 0.000407437
          26   -0.683768   -0.682623 0.000394333
          27   -0.685744   -0.682738  0.00039631
          28   -0.683288   -0.682758 0.000382642
          29   -0.681016   -0.682698 0.000374133
          30   -0.685992   -0.682808 0.000377431
          31   -0.680312   -0.682727 0.000373743
          32   -0.685232   -0.682805  0.00037017
          33   -0.684264    -0.68285 0.000361581
          34   -0.681856    -0.68282 0.000352126
          35   -0.682832   -0.682821 0.000342065
          36    -0.68272   -0.682818 0.000332575
          37   -0.682952   -0.682822 0.000323606
          38    -0.68144   -0.682785 0.000317126
          39    -0.68352   -0.682804 0.000309554
          40   -0.685408   -0.682869 0.000308584
