           1    0.203538    0.203538           0
           2    0.198854    0.201196  0.00165591
           3    0.205364    0.202585  0.00158293
           4    0.195988    0.200936  0.00185731
           5    0.198552    0.200459  0.00154584
           6    0.199702    0.200333  0.00129334
           7    0.192691    0.199241   0.0015002
           8    0.196134    0.198853  0.00136204
           9    0.196808    0.198626   0.0012295
          10    0.195971     0.19836  0.00113485
          11    0.197969    0.198324  0.00103224
          12    0.192467    0.197836  0.00105533
          13    0.197294    0.197795 0.000974976
          14    0.196342    0.197691 0.000910836
          15    0.199569    0.197816  0.00085868
          16    0.202272    0.198095 0.000848964
          17    0.195247    0.197927 0.000815383
          18    0.199477    0.198013 0.000774616
          19    0.196126    0.197914 0.000740188
          20    0.195768    0.197807 0.000710915
           1    0.203538    0.203538           0
           2    0.198854    0.201196  0.00165591
           3    0.205364    0.202585  0.00158293
           4    0.195988    0.200936  0.00185731
           5    0.198552    0.200459  0.00154584
           6    0.199702    0.200333  0.00129334
           7    0.192691    0.199241   0.0015002
           8    0.196134    0.198853  0.00136204
           9    0.196808    0.198626   0.0012295
          10    0.195971     0.19836  0.00113485
          11    0.197969    0.198324  0.00103224
          12    0.192467    0.197836  0.00105533
          13    0.197294    0.197795 0.000974976
          14    0.196342    0.197691 0.000910836
          15    0.199569    0.197816  0.00085868
          16    0.202272    0.198095 0.000848964
          17    0.195247    0.197927 0.000815383
          18    0.199477    0.198013 0.000774616
          19    0.196126    0.197914 0.000740188
          20    0.195768    0.197807 0.000710915
           0        -nan        -nan        -nan
           1    0.198854    0.198854           0
           2    0.205364    0.202109  0.00230164
           3    0.195988    0.200069  0.00226491
           4    0.198552     0.19969  0.00173013
           5    0.199702    0.199692  0.00138411
           6    0.192691    0.198525  0.00157006
           7    0.196134    0.198183  0.00138244
           8    0.196808    0.198012  0.00122028
           9    0.195971    0.197785  0.00110555
          10    0.197969    0.197803  0.00099515
          11    0.192467    0.197318  0.00101606
          12    0.197294    0.197316 0.000931386
          13    0.196342    0.197241 0.000862747
          14    0.199569    0.197407 0.000816993
          15    0.202272    0.197732 0.000824373
          16    0.195247    0.197576 0.000787341
          17    0.199477    0.197688 0.000748921
          18    0.196126    0.197601 0.000712326
          19    0.195768    0.197505 0.000681342
          20    0.192182    0.197239 0.000697326
           0        -nan        -nan        -nan
           1    0.198854    0.198854           0
           2    0.205364    0.202109  0.00230164
           3    0.195988    0.200069  0.00226491
           4    0.198552     0.19969  0.00173013
           5    0.199702    0.199692  0.00138411
           6    0.192691    0.198525  0.00157006
           7    0.196134    0.198183  0.00138244
           8    0.196808    0.198012  0.00122028
           9    0.195971    0.197785  0.00110555
          10    0.197969    0.197803  0.00099515
          11    0.192467    0.197318  0.00101606
          12    0.197294    0.197316 0.000931386
          13    0.196342    0.197241 0.000862747
          14    0.199569    0.197407 0.000816993
          15    0.202272    0.197732 0.000824373
          16    0.195247    0.197576 0.000787341
          17    0.199477    0.197688 0.000748921
          18    0.196126    0.197601 0.000712326
          19    0.195768    0.197505 0.000681342
          20    0.192182    0.197239 0.000697326
           0        -nan        -nan        -nan
           1    0.107572    0.107572           0
           2    0.101186    0.104379   0.0022577
           3    0.109197    0.105985  0.00199634
           4    0.108072    0.106507  0.00156394
           5    0.100736    0.105353   0.0016221
           6    0.107665    0.105738   0.0013968
           7    0.104429    0.105551  0.00120971
           8     0.10421    0.105383  0.00107004
           9    0.104658    0.105303 0.000954184
          10    0.109152    0.105688 0.000933181
          11    0.100872     0.10525 0.000945467
          12    0.103752    0.105125  0.00087488
          13    0.103476    0.104998  0.00081673
          14    0.104396    0.104955 0.000759524
          15    0.101438    0.104721 0.000744195
          16    0.108471    0.104955  0.00073366
          17    0.107767    0.105121 0.000708906
          18    0.102286    0.104963 0.000686788
          19    0.102645    0.104841 0.000661387
          20    0.105729    0.104885 0.000629807
           0        -nan        -nan        -nan
           1    0.198854    0.198854           0
           2    0.205364    0.202109  0.00230164
           3    0.195988    0.200069  0.00226491
           4    0.198552     0.19969  0.00173013
           5    0.199702    0.199692  0.00138411
           6    0.192691    0.198525  0.00157006
           7    0.196134    0.198183  0.00138244
           8    0.196808    0.198012  0.00122028
           9    0.195971    0.197785  0.00110555
          10    0.197969    0.197803  0.00099515
          11    0.192467    0.197318  0.00101606
          12    0.197294    0.197316 0.000931386
          13    0.196342    0.197241 0.000862747
          14    0.199569    0.197407 0.000816993
          15    0.202272    0.197732 0.000824373
          16    0.195247    0.197576 0.000787341
          17    0.199477    0.197688 0.000748921
          18    0.196126    0.197601 0.000712326
          19    0.195768    0.197505 0.000681342
          20    0.192182    0.197239 0.000697326
           0        -nan        -nan        -nan
           1    0.198854    0.198854           0
           2    0.205364    0.202109  0.00230164
           3    0.195988    0.200069  0.00226491
           4    0.198552     0.19969  0.00173013
           5    0.199702    0.199692  0.00138411
           6    0.192691    0.198525  0.00157006
           7    0.196134    0.198183  0.00138244
           8    0.196808    0.198012  0.00122028
           9    0.195971    0.197785  0.00110555
          10    0.197969    0.197803  0.00099515
          11    0.192467    0.197318  0.00101606
          12    0.197294    0.197316 0.000931386
          13    0.196342    0.197241 0.000862747
          14    0.199569    0.197407 0.000816993
          15    0.202272    0.197732 0.000824373
          16    0.195247    0.197576 0.000787341
          17    0.199477    0.197688 0.000748921
          18    0.196126    0.197601 0.000712326
          19    0.195768    0.197505 0.000681342
          20    0.192182    0.197239 0.000697326
           0        -nan        -nan        -nan
           1    0.198854    0.198854           0
           2    0.205364    0.202109  0.00230164
           3    0.195988    0.200069  0.00226491
           4    0.198552     0.19969  0.00173013
           5    0.199702    0.199692  0.00138411
           6    0.192691    0.198525  0.00157006
           7    0.196134    0.198183  0.00138244
           8    0.196808    0.198012  0.00122028
           9    0.195971    0.197785  0.00110555
          10    0.197969    0.197803  0.00099515
          11    0.192467    0.197318  0.00101606
          12    0.197294    0.197316 0.000931386
          13    0.196342    0.197241 0.000862747
          14    0.199569    0.197407 0.000816993
          15    0.202272    0.197732 0.000824373
          16    0.195247    0.197576 0.000787341
          17    0.199477    0.197688 0.000748921
          18    0.196126    0.197601 0.000712326
          19    0.195768    0.197505 0.000681342
          20    0.192182    0.197239 0.000697326
           0        -nan        -nan        -nan
           1    0.205364    0.205364           0
           2    0.195988    0.200676  0.00331494
           3    0.198552    0.199968  0.00228432
           4    0.199702    0.199901  0.00171421
           5    0.192691    0.198459  0.00188269
           6    0.196134    0.198072  0.00160832
           7    0.196808    0.197891  0.00138865
           8    0.195971    0.197651  0.00123564
           9    0.197969    0.197686  0.00109885
          10    0.192467    0.197164  0.00110599
          11    0.197294    0.197176  0.00100551
          12    0.196342    0.197107 0.000924114
          13    0.199569    0.197296 0.000872228
          14    0.202272    0.197652  0.00087935
          15    0.195247    0.197491 0.000835211
          16    0.199477    0.197615 0.000792177
          17    0.196126    0.197528 0.000750407
          18    0.195768     0.19743  0.00071506
          19    0.192182    0.197154 0.000728827
          20    0.192692    0.196931 0.000725733
           0        -nan        -nan        -nan
           1    0.205364    0.205364           0
           2    0.195988    0.200676  0.00331494
           3    0.198552    0.199968  0.00228432
           4    0.199702    0.199901  0.00171421
           5    0.192691    0.198459  0.00188269
           6    0.196134    0.198072  0.00160832
           7    0.196808    0.197891  0.00138865
           8    0.195971    0.197651  0.00123564
           9    0.197969    0.197686  0.00109885
          10    0.192467    0.197164  0.00110599
          11    0.197294    0.197176  0.00100551
          12    0.196342    0.197107 0.000924114
          13    0.199569    0.197296 0.000872228
          14    0.202272    0.197652  0.00087935
          15    0.195247    0.197491 0.000835211
          16    0.199477    0.197615 0.000792177
          17    0.196126    0.197528 0.000750407
          18    0.195768     0.19743  0.00071506
          19    0.192182    0.197154 0.000728827
          20    0.192692    0.196931 0.000725733
           0        -nan        -nan        -nan
           1    0.205364    0.205364           0
           2    0.195988    0.200676  0.00331494
           3    0.198552    0.199968  0.00228432
           4    0.199702    0.199901  0.00171421
           5    0.192691    0.198459  0.00188269
           6    0.196134    0.198072  0.00160832
           7    0.196808    0.197891  0.00138865
           8    0.195971    0.197651  0.00123564
           9    0.197969    0.197686  0.00109885
          10    0.192467    0.197164  0.00110599
          11    0.197294    0.197176  0.00100551
          12    0.196342    0.197107 0.000924114
          13    0.199569    0.197296 0.000872228
          14    0.202272    0.197652  0.00087935
          15    0.195247    0.197491 0.000835211
          16    0.199477    0.197615 0.000792177
          17    0.196126    0.197528 0.000750407
          18    0.195768     0.19743  0.00071506
          19    0.192182    0.197154 0.000728827
          20    0.192692    0.196931 0.000725733
          21    0.196896    0.196929 0.000691176
          22    0.197632    0.196961 0.000660498
          23    0.195469    0.196896  0.00063496
          24    0.200019    0.197026 0.000621695
          25    0.194769    0.196936 0.000603347
          26    0.198262    0.196987 0.000582293
          27    0.195908    0.196947 0.000562095
          28    0.193575    0.196827 0.000554769
          29    0.200638    0.196958 0.000550986
          30    0.196608    0.196946 0.000532743
          31    0.198778    0.197005 0.000518824
          32    0.196556    0.196991 0.000502801
          33    0.190989    0.196809 0.000519426
          34    0.199418    0.196886 0.000509785
          35    0.194418    0.196816 0.000500075
          36    0.193255    0.196717 0.000495866
          37    0.199158    0.196783 0.000486834
          38    0.197017    0.196789 0.000474061
          39    0.198279    0.196827 0.000463443
          40    0.196112    0.196809 0.000452201
           0        -nan        -nan        -nan
           1    0.205364    0.205364           0
           2    0.195988    0.200676  0.00331494
           3    0.198552    0.199968  0.00228432
           4    0.199702    0.199901  0.00171421
           5    0.192691    0.198459  0.00188269
           6    0.196134    0.198072  0.00160832
           7    0.196808    0.197891  0.00138865
           8    0.195971    0.197651  0.00123564
           9    0.197969    0.197686  0.00109885
          10    0.192467    0.197164  0.00110599
          11    0.197294    0.197176  0.00100551
          12    0.196342    0.197107 0.000924114
          13    0.199569    0.197296 0.000872228
          14    0.202272    0.197652  0.00087935
          15    0.195247    0.197491 0.000835211
          16    0.199477    0.197615 0.000792177
          17    0.196126    0.197528 0.000750407
          18    0.195768     0.19743  0.00071506
          19    0.192182    0.197154 0.000728827
          20    0.192692    0.196931 0.000725733
          21    0.196896    0.196929 0.000691176
          22    0.197632    0.196961 0.000660498
          23    0.195469    0.196896  0.00063496
          24    0.200019    0.197026 0.000621695
          25    0.194769    0.196936 0.000603347
          26    0.198262    0.196987 0.000582293
          27    0.195908    0.196947 0.000562095
          28    0.193575    0.196827 0.000554769
          29    0.200638    0.196958 0.000550986
          30    0.196608    0.196946 0.000532743
          31    0.198778    0.197005 0.000518824
          32    0.196556    0.196991 0.000502801
          33    0.190989    0.196809 0.000519426
          34    0.199418    0.196886 0.000509785
          35    0.194418    0.196816 0.000500075
          36    0.193255    0.196717 0.000495866
          37    0.199158    0.196783 0.000486834
          38    0.197017    0.196789 0.000474061
          39    0.198279    0.196827 0.000463443
          40    0.196112    0.196809 0.000452201
          41    0.204179    0.196989 0.000475559
          42    0.193965    0.196917 0.000469656
          43    0.193419    0.196836 0.000465726
          44     0.19758    0.196853 0.000455448
          45    0.196725     0.19685 0.000445336
          46    0.196709    0.196847 0.000435665
          47    0.197022     0.19685 0.000426411
          48    0.197009    0.196854 0.000417541
          49    0.196842    0.196853  0.00040902
          50    0.198107    0.196878 0.000401607
          51     0.20035    0.196947 0.000399459
          52    0.192655    0.196864 0.000400213
          53    0.194691    0.196823 0.000394757
          54    0.190342    0.196703 0.000405283
          55    0.195878    0.196688 0.000398191
          56    0.197739    0.196707 0.000391523
          57    0.199083    0.196748 0.000386867
          58    0.198026     0.19677 0.000380824
          59    0.197012    0.196775 0.000374391
          60    0.200368    0.196834 0.000372911
          61    0.199019     0.19687 0.000368513
          62    0.192491      0.1968 0.000369275
          63    0.195051    0.196772 0.000364456
          64    0.198289    0.196796 0.000359531
          65    0.196452     0.19679 0.000354039
          66    0.193839    0.196746 0.000351486
          67    0.198548    0.196773 0.000347268
          68    0.198745    0.196802 0.000343371
          69    0.198532    0.196827 0.000339308
          70     0.19408    0.196787 0.000336723
          71    0.199188    0.196821 0.000333674
          72    0.195651    0.196805 0.000329435
          73    0.195991    0.196794 0.000325111
          74     0.19023    0.196705 0.000332596
          75    0.194953    0.196682 0.000328981
          76    0.198028    0.196699 0.000325128
          77    0.193933    0.196664 0.000322885
          78     0.19824    0.196684 0.000319377
          79    0.192072    0.196625 0.000320626
          80     0.19638    0.196622 0.000316633
          81    0.193941    0.196589 0.000314449
          82    0.194882    0.196568 0.000311303
          83    0.194442    0.196543 0.000308604
          84    0.198845     0.19657 0.000306145
          85    0.198422    0.196592 0.000303317
          86    0.196749    0.196594 0.000299796
          87    0.197897    0.196609 0.000296724
          88    0.194893    0.196589 0.000293992
          89    0.202016     0.19665 0.000296945
          90    0.197526     0.19666 0.000293805
          91    0.198048    0.196675 0.000290972
          92    0.199912     0.19671 0.000289928
          93    0.197122    0.196715 0.000286845
          94    0.192673    0.196672 0.000286998
          95    0.197405     0.19668 0.000284081
          96    0.195185    0.196664 0.000281548
          97    0.194424    0.196641 0.000279591
          98    0.193121    0.196605 0.000279036
          99    0.196081      0.1966 0.000276267
         100    0.195644     0.19659  0.00027367
           0        -nan        -nan        -nan
           1    0.205364    0.205364           0
           2    0.195988    0.200676  0.00331494
           3    0.198552    0.199968  0.00228432
           4    0.199702    0.199901  0.00171421
           5    0.192691    0.198459  0.00188269
           6    0.196134    0.198072  0.00160832
           7    0.196808    0.197891  0.00138865
           8    0.195971    0.197651  0.00123564
           9    0.197969    0.197686  0.00109885
          10    0.192467    0.197164  0.00110599
          11    0.197294    0.197176  0.00100551
          12    0.196342    0.197107 0.000924114
          13    0.199569    0.197296 0.000872228
          14    0.202272    0.197652  0.00087935
          15    0.195247    0.197491 0.000835211
          16    0.199477    0.197615 0.000792177
          17    0.196126    0.197528 0.000750407
          18    0.195768     0.19743  0.00071506
          19    0.192182    0.197154 0.000728827
          20    0.192692    0.196931 0.000725733
          21    0.196896    0.196929 0.000691176
          22    0.197632    0.196961 0.000660498
          23    0.195469    0.196896  0.00063496
          24    0.200019    0.197026 0.000621695
          25    0.194769    0.196936 0.000603347
          26    0.198262    0.196987 0.000582293
          27    0.195908    0.196947 0.000562095
          28    0.193575    0.196827 0.000554769
          29    0.200638    0.196958 0.000550986
          30    0.196608    0.196946 0.000532743
          31    0.198778    0.197005 0.000518824
          32    0.196556    0.196991 0.000502801
          33    0.190989    0.196809 0.000519426
          34    0.199418    0.196886 0.000509785
          35    0.194418    0.196816 0.000500075
          36    0.193255    0.196717 0.000495866
          37    0.199158    0.196783 0.000486834
          38    0.197017    0.196789 0.000474061
          39    0.198279    0.196827 0.000463443
          40    0.196112    0.196809 0.000452201
