           1    0.044432    0.044432           0
           2    0.035296    0.039864  0.00323006
           3     0.03264    0.037456  0.00291593
           4     0.04596    0.039582  0.00285879
           5    0.039492    0.039564  0.00228709
           6    0.041976    0.039966  0.00194091
           7    0.036496   0.0394703  0.00172578
           8    0.030872   0.0383955  0.00181412
           9    0.046848   0.0393347  0.00183966
          10    0.036988      0.0391   0.0016706
          11    0.043196   0.0394724  0.00155967
          12     0.04668    0.040073  0.00154102
          13    0.039988   0.0400665  0.00142249
          14    0.042712   0.0402554  0.00133338
          15    0.040496   0.0402715  0.00124458
          16    0.054208   0.0411425  0.00143969
          17    0.047152    0.041496  0.00139772
          18    0.038612   0.0413358  0.00132922
          19    0.038148    0.041168  0.00126981
          20     0.04176   0.0411976  0.00120666
           0        -nan        -nan        -nan
           1           0           0           0
           2           0           0           0
           3           0           0           0
           4           0           0           0
           5           0           0           0
           6           0           0           0
           7           0           0           0
           8           0           0           0
           9           0           0           0
          10           0           0           0
          11           0           0           0
          12           0           0           0
          13           0           0           0
          14           0           0           0
          15           0           0           0
          16           0           0           0
          17           0           0           0
          18           0           0           0
          19           0           0           0
          20           0           0           0
           0        -nan        -nan        -nan
           1           0           0           0
           2           0           0           0
           3           0           0           0
           4           0           0           0
           5           0           0           0
           6           0           0           0
           7           0           0           0
           8           0           0           0
           9           0           0           0
          10           0           0           0
          11           0           0           0
          12           0           0           0
          13           0           0           0
          14           0           0           0
          15           0           0           0
          16           0           0           0
          17           0           0           0
          18           0           0           0
          19           0           0           0
          20           0           0           0
           0        -nan        -nan        -nan
           1     0.03264     0.03264           0
           2     0.04596      0.0393  0.00470933
           3    0.039492    0.039364  0.00313999
           4    0.041976    0.040017  0.00242194
           5    0.036496   0.0393128  0.00203736
           6    0.030872    0.037906  0.00212879
           7    0.046848   0.0391834  0.00217443
           8    0.036988    0.038909  0.00191987
           9    0.043196   0.0393853  0.00176465
          10     0.04668   0.0401148  0.00173241
          11    0.039988   0.0401033  0.00157496
          12    0.042712   0.0403207  0.00145864
          13    0.040496   0.0403342   0.0013465
          14    0.054208   0.0413251  0.00157328
          15    0.047152   0.0417136  0.00151559
          16    0.038612   0.0415198  0.00143321
          17    0.038148   0.0413214  0.00136256
          18     0.04176   0.0413458  0.00128708
          19    0.043052   0.0414356  0.00122247
          20    0.043884    0.041558  0.00116746
           0        -nan        -nan        -nan
           1     0.18498     0.18498           0
           2    0.183744    0.184362 0.000436992
           3    0.062452    0.143725    0.033181
           4    0.184188    0.153841   0.0263827
           5    0.104592    0.143991    0.022871
           6    0.131456    0.141902   0.0191544
           7    0.183876    0.147898   0.0173312
           8    0.068532    0.137978   0.0177789
           9    0.082432    0.131806   0.0168407
          10    0.092988    0.127924   0.0155976
          11    0.147092    0.129667   0.0142766
          12    0.157936    0.132022   0.0132798
          13    0.196424    0.136976   0.0131499
          14     0.20542    0.141865   0.0130879
          15    0.145836     0.14213   0.0122181
          16    0.138324    0.141892   0.0114567
          17    0.134728    0.141471   0.0107906
          18    0.096488    0.138972   0.0104765
          19    0.160048    0.140081  0.00998363
          20      0.1478    0.140467  0.00949191
           0        -nan        -nan        -nan
           1    0.027192    0.027192           0
           2     0.01458    0.020886  0.00445902
           3    0.026812   0.0228613  0.00338203
           4    0.012128    0.020178  0.00344008
           5    0.019648    0.020072   0.0027537
           6    0.023964   0.0207207  0.00236992
           7    0.033212   0.0225051  0.00261837
           8    0.006408    0.020493  0.00296507
           9    0.015436   0.0199311  0.00268833
          10    0.021296   0.0200676  0.00242296
          11      0.0151    0.019616  0.00224438
          12    0.025536   0.0201093  0.00211087
          13     0.00682   0.0190871  0.00218203
          14    0.017008   0.0189386  0.00203122
          15    0.023512   0.0192435  0.00191855
          16     0.00936   0.0186257  0.00189548
          17    0.020688   0.0187471  0.00178786
          18    0.036136   0.0197131  0.00193198
          19    0.026516   0.0200712  0.00186318
          20    0.032308    0.020683  0.00186778
           0        -nan        -nan        -nan
           1     0.03264     0.03264           0
           2     0.04596      0.0393  0.00470933
           3    0.039492    0.039364  0.00313999
           4    0.041976    0.040017  0.00242194
           5    0.036496   0.0393128  0.00203736
           6    0.030872    0.037906  0.00212879
           7    0.046848   0.0391834  0.00217443
           8    0.036988    0.038909  0.00191987
           9    0.043196   0.0393853  0.00176465
          10     0.04668   0.0401148  0.00173241
          11    0.039988   0.0401033  0.00157496
          12    0.042712   0.0403207  0.00145864
          13    0.040496   0.0403342   0.0013465
          14    0.054208   0.0413251  0.00157328
          15    0.047152   0.0417136  0.00151559
          16    0.038612   0.0415198  0.00143321
          17    0.038148   0.0413214  0.00136256
          18     0.04176   0.0413458  0.00128708
          19    0.043052   0.0414356  0.00122247
          20    0.043884    0.041558  0.00116746
           0        -nan        -nan        -nan
           1     0.03264     0.03264           0
           2     0.04596      0.0393  0.00470933
           3    0.039492    0.039364  0.00313999
           4    0.041976    0.040017  0.00242194
           5    0.036496   0.0393128  0.00203736
           6    0.030872    0.037906  0.00212879
           7    0.046848   0.0391834  0.00217443
           8    0.036988    0.038909  0.00191987
           9    0.043196   0.0393853  0.00176465
          10     0.04668   0.0401148  0.00173241
          11    0.039988   0.0401033  0.00157496
          12    0.042712   0.0403207  0.00145864
          13    0.040496   0.0403342   0.0013465
          14    0.054208   0.0413251  0.00157328
          15    0.047152   0.0417136  0.00151559
          16    0.038612   0.0415198  0.00143321
          17    0.038148   0.0413214  0.00136256
          18     0.04176   0.0413458  0.00128708
          19    0.043052   0.0414356  0.00122247
          20    0.043884    0.041558  0.00116746
           0        -nan        -nan        -nan
           1     0.04596     0.04596           0
           2    0.039492    0.042726  0.00228678
           3    0.041976    0.042476  0.00153813
           4    0.036496    0.040981  0.00173408
           5    0.030872   0.0389592  0.00227918
           6    0.046848    0.040274  0.00224677
           7    0.036988   0.0398046  0.00197423
           8    0.043196   0.0402285  0.00177239
           9     0.04668   0.0409453   0.0017143
          10    0.039988   0.0408496  0.00154554
          11    0.042712   0.0410189  0.00141428
          12    0.040496   0.0409753  0.00129709
          13    0.054208   0.0419932  0.00154596
          14    0.047152   0.0423617  0.00147879
          15    0.038612   0.0421117  0.00140118
          16    0.038148    0.041864  0.00133532
          17     0.04176   0.0418579  0.00125679
          18    0.043052   0.0419242  0.00118872
          19    0.043884   0.0420274  0.00113062
          20    0.042436   0.0420478  0.00107427
           0        -nan        -nan        -nan
           1    0.039492    0.039492           0
           2    0.041976    0.040734 0.000878227
           3    0.036496   0.0393213  0.00129353
           4    0.030872    0.037209  0.00207066
           5    0.046848   0.0391368  0.00239107
           6    0.036988   0.0387787   0.0020192
           7    0.043196   0.0394097  0.00182669
           8     0.04668   0.0403185  0.00181036
           9    0.039988   0.0402818  0.00160958
          10    0.042712   0.0405248  0.00146685
          11    0.040496   0.0405222  0.00133351
          12    0.054208   0.0416627  0.00163906
          13    0.047152   0.0420849  0.00156643
          14    0.038612   0.0418369  0.00147405
          15    0.038148   0.0415909  0.00139615
          16     0.04176   0.0416015  0.00130893
          17    0.043052   0.0416868  0.00123471
          18    0.043884   0.0418089  0.00117213
          19    0.042436   0.0418419  0.00111091
          20       0.036   0.0415498  0.00109309
           0        -nan        -nan        -nan
           1    0.054264    0.054264           0
           2    0.050344    0.052304  0.00138593
           3    0.045408   0.0500053  0.00209195
           4    0.045664     0.04892  0.00182896
           5    0.043776   0.0478912  0.00172847
           6    0.045684   0.0475233  0.00147902
           7    0.053168   0.0483297  0.00147123
           8    0.037124    0.046929  0.00183683
           9    0.041684   0.0463462  0.00172271
          10    0.058664    0.047578   0.0019415
          11    0.051688   0.0479516  0.00180059
          12    0.035144   0.0468843  0.00194126
          13    0.026324   0.0453028  0.00234946
          14    0.055704   0.0460457   0.0022961
          15     0.04006   0.0456467  0.00217743
          16    0.055148   0.0462405  0.00212077
          17    0.052384   0.0466019  0.00202658
          18     0.05166   0.0468829  0.00193337
          19    0.037168   0.0463716  0.00189802
          20    0.041776   0.0461418  0.00181698
          21    0.044448   0.0460611  0.00173225
          22    0.037604   0.0456767  0.00169563
          23     0.04772   0.0457656  0.00162423
          24    0.047708   0.0458465  0.00155857
          25    0.025648   0.0450386  0.00169273
          26    0.056628   0.0454843   0.0016853
          27    0.042332   0.0453676  0.00162692
          28    0.044588   0.0453397  0.00156905
          29    0.044376   0.0453065   0.0015153
          30    0.044428   0.0452772  0.00146507
          31    0.045468   0.0452834  0.00141782
          32     0.04702   0.0453376  0.00137455
          33    0.051952   0.0455381  0.00134743
          34    0.044572   0.0455096   0.0013081
          35    0.046868   0.0455485  0.00127131
          36    0.041352   0.0454319  0.00124132
          37     0.05148   0.0455954  0.00121849
          38    0.046724   0.0456251  0.00118679
          39    0.037864   0.0454261  0.00117292
          40    0.047676   0.0454823  0.00114495
