           1   -0.554424   -0.554424           0
           2   -0.556736    -0.55558 0.000817415
           3    -0.55388   -0.555013 0.000714869
           4   -0.549376   -0.553604  0.00133309
           5   -0.553216   -0.553526  0.00106873
           6     -0.5554   -0.553839 0.000935113
           7   -0.556432   -0.554209 0.000871831
           8    -0.55584   -0.554413 0.000786324
           9   -0.556104   -0.554601 0.000721053
          10   -0.554304   -0.554571 0.000649559
          11     -0.5516   -0.554301 0.000644225
          12   -0.552536   -0.554154   0.0006071
          13    -0.55724   -0.554391 0.000605033
          14    -0.55756   -0.554618 0.000602664
          15   -0.554216   -0.554591 0.000563081
          16   -0.552544   -0.554463 0.000542227
          17     -0.5528   -0.554365  0.00051908
          18   -0.552544   -0.554264 0.000500006
          19   -0.556128   -0.554362 0.000483218
          20   -0.553064   -0.554297 0.000463396
           1   -0.554424   -0.554424           0
           2   -0.556736    -0.55558 0.000817415
           3    -0.55388   -0.555013 0.000714869
           4   -0.549376   -0.553604  0.00133309
           5   -0.553216   -0.553526  0.00106873
           6     -0.5554   -0.553839 0.000935113
           7   -0.556432   -0.554209 0.000871831
           8    -0.55584   -0.554413 0.000786324
           9   -0.556104   -0.554601 0.000721053
          10   -0.554304   -0.554571 0.000649559
          11     -0.5516   -0.554301 0.000644225
          12   -0.552536   -0.554154   0.0006071
          13    -0.55724   -0.554391 0.000605033
          14    -0.55756   -0.554618 0.000602664
          15   -0.554216   -0.554591 0.000563081
          16   -0.552544   -0.554463 0.000542227
          17     -0.5528   -0.554365  0.00051908
          18   -0.552544   -0.554264 0.000500006
          19   -0.556128   -0.554362 0.000483218
          20   -0.553064   -0.554297 0.000463396
           0        -nan        -nan        -nan
           1   -0.556736   -0.556736           0
           2    -0.55388   -0.555308  0.00100975
           3   -0.549376   -0.553331   0.0017492
           4   -0.553216   -0.553302  0.00131214
           5     -0.5554   -0.553722  0.00111478
           6   -0.556432   -0.554173   0.0010164
           7    -0.55584   -0.554411 0.000898655
           8   -0.556104   -0.554623 0.000810846
           9   -0.554304   -0.554588 0.000721526
          10     -0.5516   -0.554289  0.00070853
          11   -0.552536   -0.554129 0.000661794
          12    -0.55724   -0.554389 0.000655446
          13    -0.55756   -0.554633 0.000648838
          14   -0.554216   -0.554603 0.000603175
          15   -0.552544   -0.554466 0.000578369
          16     -0.5528   -0.554361  0.00055151
          17   -0.552544   -0.554255 0.000529329
          18   -0.556128   -0.554359 0.000510052
          19   -0.553064   -0.554291 0.000487737
          20   -0.555648   -0.554358 0.000468049
           0        -nan        -nan        -nan
           1   -0.556736   -0.556736           0
           2    -0.55388   -0.555308  0.00100975
           3   -0.549376   -0.553331   0.0017492
           4   -0.553216   -0.553302  0.00131214
           5     -0.5554   -0.553722  0.00111478
           6   -0.556432   -0.554173   0.0010164
           7    -0.55584   -0.554411 0.000898655
           8   -0.556104   -0.554623 0.000810846
           9   -0.554304   -0.554588 0.000721526
          10     -0.5516   -0.554289  0.00070853
          11   -0.552536   -0.554129 0.000661794
          12    -0.55724   -0.554389 0.000655446
          13    -0.55756   -0.554633 0.000648838
          14   -0.554216   -0.554603 0.000603175
          15   -0.552544   -0.554466 0.000578369
          16     -0.5528   -0.554361  0.00055151
          17   -0.552544   -0.554255 0.000529329
          18   -0.556128   -0.554359 0.000510052
          19   -0.553064   -0.554291 0.000487737
          20   -0.555648   -0.554358 0.000468049
           0        -nan        -nan        -nan
           1   -0.556736   -0.556736           0
           2    -0.55388   -0.555308  0.00100975
           3   -0.549376   -0.553331   0.0017492
           4   -0.553216   -0.553302  0.00131214
           5     -0.5554   -0.553722  0.00111478
           6   -0.556432   -0.554173   0.0010164
           7    -0.55584   -0.554411 0.000898655
           8   -0.556104   -0.554623 0.000810846
           9   -0.554304   -0.554588 0.000721526
          10     -0.5516   -0.554289  0.00070853
          11   -0.552536   -0.554129 0.000661794
          12    -0.55724   -0.554389 0.000655446
          13    -0.55756   -0.554633 0.000648838
          14   -0.554216   -0.554603 0.000603175
          15   -0.552544   -0.554466 0.000578369
          16     -0.5528   -0.554361  0.00055151
          17   -0.552544   -0.554255 0.000529329
          18   -0.556128   -0.554359 0.000510052
          19   -0.553064   -0.554291 0.000487737
          20   -0.555648   -0.554358 0.000468049
           0        -nan        -nan        -nan
           1   -0.848928   -0.848928           0
           2   -0.848832    -0.84888 3.39411e-05
           3   -0.845432   -0.847731 0.000938699
           4    -0.84936   -0.848138 0.000787459
           5   -0.847488   -0.848008 0.000640608
           6   -0.849504   -0.848257 0.000580337
           7   -0.853896   -0.849063 0.000896444
           8    -0.85076   -0.849275 0.000809101
           9   -0.850912   -0.849457 0.000739363
          10   -0.846776   -0.849189 0.000712374
          11   -0.857688   -0.849961  0.00098088
          12   -0.850216   -0.849983 0.000899369
          13   -0.849408   -0.849938 0.000831273
          14   -0.843632   -0.849488 0.000885576
          15   -0.851624    -0.84963 0.000837908
          16   -0.847392    -0.84949 0.000797133
          17   -0.845432   -0.849252 0.000785179
          18    -0.84968   -0.849276 0.000741918
          19   -0.848016   -0.849209 0.000705825
          20    -0.84828   -0.849163 0.000672061
           0        -nan        -nan        -nan
           1   -0.556736   -0.556736           0
           2    -0.55388   -0.555308  0.00100975
           3   -0.549376   -0.553331   0.0017492
           4   -0.553216   -0.553302  0.00131214
           5     -0.5554   -0.553722  0.00111478
           6   -0.556432   -0.554173   0.0010164
           7    -0.55584   -0.554411 0.000898655
           8   -0.556104   -0.554623 0.000810846
           9   -0.554304   -0.554588 0.000721526
          10     -0.5516   -0.554289  0.00070853
          11   -0.552536   -0.554129 0.000661794
          12    -0.55724   -0.554389 0.000655446
          13    -0.55756   -0.554633 0.000648838
          14   -0.554216   -0.554603 0.000603175
          15   -0.552544   -0.554466 0.000578369
          16     -0.5528   -0.554361  0.00055151
          17   -0.552544   -0.554255 0.000529329
          18   -0.556128   -0.554359 0.000510052
          19   -0.553064   -0.554291 0.000487737
          20   -0.555648   -0.554358 0.000468049
           0        -nan        -nan        -nan
           1   -0.556736   -0.556736           0
           2    -0.55388   -0.555308  0.00100975
           3   -0.549376   -0.553331   0.0017492
           4   -0.553216   -0.553302  0.00131214
           5     -0.5554   -0.553722  0.00111478
           6   -0.556432   -0.554173   0.0010164
           7    -0.55584   -0.554411 0.000898655
           8   -0.556104   -0.554623 0.000810846
           9   -0.554304   -0.554588 0.000721526
          10     -0.5516   -0.554289  0.00070853
          11   -0.552536   -0.554129 0.000661794
          12    -0.55724   -0.554389 0.000655446
          13    -0.55756   -0.554633 0.000648838
          14   -0.554216   -0.554603 0.000603175
          15   -0.552544   -0.554466 0.000578369
          16     -0.5528   -0.554361  0.00055151
          17   -0.552544   -0.554255 0.000529329
          18   -0.556128   -0.554359 0.000510052
          19   -0.553064   -0.554291 0.000487737
          20   -0.555648   -0.554358 0.000468049
           0        -nan        -nan        -nan
           1   -0.556736   -0.556736           0
           2    -0.55388   -0.555308  0.00100975
           3   -0.549376   -0.553331   0.0017492
           4   -0.553216   -0.553302  0.00131214
           5     -0.5554   -0.553722  0.00111478
           6   -0.556432   -0.554173   0.0010164
           7    -0.55584   -0.554411 0.000898655
           8   -0.556104   -0.554623 0.000810846
           9   -0.554304   -0.554588 0.000721526
          10     -0.5516   -0.554289  0.00070853
          11   -0.552536   -0.554129 0.000661794
          12    -0.55724   -0.554389 0.000655446
          13    -0.55756   -0.554633 0.000648838
          14   -0.554216   -0.554603 0.000603175
          15   -0.552544   -0.554466 0.000578369
          16     -0.5528   -0.554361  0.00055151
          17   -0.552544   -0.554255 0.000529329
          18   -0.556128   -0.554359 0.000510052
          19   -0.553064   -0.554291 0.000487737
          20   -0.555648   -0.554358 0.000468049
           0        -nan        -nan        -nan
           1    -0.55388    -0.55388           0
           2   -0.549376   -0.551628   0.0015924
           3   -0.553216   -0.552157  0.00114621
           4     -0.5554   -0.552968  0.00110991
           5   -0.556432   -0.553661  0.00108277
           6    -0.55584   -0.554024 0.000961295
           7   -0.556104   -0.554321 0.000868679
           8   -0.554304   -0.554319 0.000760097
           9     -0.5516   -0.554017 0.000733227
          10   -0.552536   -0.553869 0.000674693
          11    -0.55724   -0.554175 0.000679407
          12    -0.55756   -0.554457 0.000678819
          13   -0.554216   -0.554439 0.000626856
          14   -0.552544   -0.554303 0.000596512
          15     -0.5528   -0.554203 0.000565102
          16   -0.552544   -0.554099 0.000539214
          17   -0.556128   -0.554219 0.000520531
          18   -0.553064   -0.554155 0.000495551
          19   -0.555648   -0.554233 0.000475661
          20   -0.553672   -0.554205 0.000452705
           0        -nan        -nan        -nan
           1    -0.55388    -0.55388           0
           2   -0.549376   -0.551628   0.0015924
           3   -0.553216   -0.552157  0.00114621
           4     -0.5554   -0.552968  0.00110991
           5   -0.556432   -0.553661  0.00108277
           6    -0.55584   -0.554024 0.000961295
           7   -0.556104   -0.554321 0.000868679
           8   -0.554304   -0.554319 0.000760097
           9     -0.5516   -0.554017 0.000733227
          10   -0.552536   -0.553869 0.000674693
          11    -0.55724   -0.554175 0.000679407
          12    -0.55756   -0.554457 0.000678819
          13   -0.554216   -0.554439 0.000626856
          14   -0.552544   -0.554303 0.000596512
          15     -0.5528   -0.554203 0.000565102
          16   -0.552544   -0.554099 0.000539214
          17   -0.556128   -0.554219 0.000520531
          18   -0.553064   -0.554155 0.000495551
          19   -0.555648   -0.554233 0.000475661
          20   -0.553672   -0.554205 0.000452705
           0        -nan        -nan        -nan
           1    -0.55388    -0.55388           0
           2   -0.549376   -0.551628   0.0015924
           3   -0.553216   -0.552157  0.00114621
           4     -0.5554   -0.552968  0.00110991
           5   -0.556432   -0.553661  0.00108277
           6    -0.55584   -0.554024 0.000961295
           7   -0.556104   -0.554321 0.000868679
           8   -0.554304   -0.554319 0.000760097
           9     -0.5516   -0.554017 0.000733227
          10   -0.552536   -0.553869 0.000674693
          11    -0.55724   -0.554175 0.000679407
          12    -0.55756   -0.554457 0.000678819
          13   -0.554216   -0.554439 0.000626856
          14   -0.552544   -0.554303 0.000596512
          15     -0.5528   -0.554203 0.000565102
          16   -0.552544   -0.554099 0.000539214
          17   -0.556128   -0.554219 0.000520531
          18   -0.553064   -0.554155 0.000495551
          19   -0.555648   -0.554233 0.000475661
          20   -0.553672   -0.554205 0.000452705
          21   -0.555696   -0.554276 0.000436678
          22   -0.556696   -0.554386 0.000430459
          23   -0.555568   -0.554438 0.000414799
          24    -0.55344   -0.554396 0.000399593
          25    -0.55516   -0.554427 0.000384776
          26   -0.556632   -0.554511 0.000379211
          27   -0.552736   -0.554446 0.000370824
          28   -0.552672   -0.554382  0.00036295
          29   -0.553824   -0.554363 0.000350944
          30   -0.553624   -0.554338  0.00034011
          31   -0.556624   -0.554412 0.000337035
          32      -0.551   -0.554305 0.000342956
          33   -0.556408   -0.554369 0.000338429
          34   -0.556096    -0.55442 0.000332264
          35   -0.555264   -0.554444 0.000323645
          36    -0.55792   -0.554541 0.000328742
          37   -0.550336   -0.554427  0.00033893
          38   -0.554576   -0.554431 0.000330033
          39   -0.556056   -0.554473  0.00032419
          40   -0.557136   -0.554539 0.000322851
