           1     0.39115     0.39115           0
           2    0.407132    0.399141  0.00565022
           3     0.37702    0.391767  0.00710195
           4    0.411557    0.396715   0.0068358
           5    0.402905    0.397953  0.00557962
           6    0.394816     0.39743  0.00467411
           7    0.401134    0.397959  0.00403622
           8    0.384642    0.396294  0.00385974
           9    0.392441    0.395866  0.00345454
          10    0.392759    0.395555  0.00312303
          11    0.408475     0.39673  0.00305198
          12    0.398741    0.396898  0.00280225
          13    0.382647    0.395801  0.00279288
          14     0.40575    0.396512  0.00268228
          15     0.39984    0.396734  0.00251262
          16    0.388248    0.396203  0.00241091
          17    0.411503    0.397103  0.00243128
          18    0.386469    0.396513  0.00236691
          19    0.396165    0.396494   0.0022424
          20    0.383476    0.395843  0.00222274
           1     0.39115     0.39115           0
           2    0.407132    0.399141  0.00565022
           3     0.37702    0.391767  0.00710195
           4    0.411557    0.396715   0.0068358
           5    0.402905    0.397953  0.00557962
           6    0.394816     0.39743  0.00467411
           7    0.401134    0.397959  0.00403622
           8    0.384642    0.396294  0.00385974
           9    0.392441    0.395866  0.00345454
          10    0.392759    0.395555  0.00312303
          11    0.408475     0.39673  0.00305198
          12    0.398741    0.396898  0.00280225
          13    0.382647    0.395801  0.00279288
          14     0.40575    0.396512  0.00268228
          15     0.39984    0.396734  0.00251262
          16    0.388248    0.396203  0.00241091
          17    0.411503    0.397103  0.00243128
          18    0.386469    0.396513  0.00236691
          19    0.396165    0.396494   0.0022424
          20    0.383476    0.395843  0.00222274
           0        -nan        -nan        -nan
           1    0.407132    0.407132           0
           2     0.37702    0.392076   0.0106462
           3    0.411557    0.398569  0.00885921
           4    0.402905    0.399653  0.00671038
           5    0.394816    0.398686  0.00543759
           6    0.401134    0.399094  0.00454661
           7    0.384642    0.397029  0.00434061
           8    0.392441    0.396456  0.00383574
           9    0.392759    0.396045  0.00343147
          10    0.408475    0.397288  0.00330578
          11    0.398741     0.39742   0.0030079
          12    0.382647    0.396189  0.00299861
          13     0.40575    0.396924  0.00285673
          14     0.39984    0.397133  0.00266026
          15    0.388248     0.39654    0.002548
          16    0.411503    0.397476   0.0025546
          17    0.386469    0.396828  0.00248503
          18    0.396165    0.396791  0.00234725
          19    0.383476     0.39609  0.00232596
          20    0.395898    0.396081  0.00220969
           0        -nan        -nan        -nan
           1    0.407132    0.407132           0
           2     0.37702    0.392076   0.0106462
           3    0.411557    0.398569  0.00885921
           4    0.402905    0.399653  0.00671038
           5    0.394816    0.398686  0.00543759
           6    0.401134    0.399094  0.00454661
           7    0.384642    0.397029  0.00434061
           8    0.392441    0.396456  0.00383574
           9    0.392759    0.396045  0.00343147
          10    0.408475    0.397288  0.00330578
          11    0.398741     0.39742   0.0030079
          12    0.382647    0.396189  0.00299861
          13     0.40575    0.396924  0.00285673
          14     0.39984    0.397133  0.00266026
          15    0.388248     0.39654    0.002548
          16    0.411503    0.397476   0.0025546
          17    0.386469    0.396828  0.00248503
          18    0.396165    0.396791  0.00234725
          19    0.383476     0.39609  0.00232596
          20    0.395898    0.396081  0.00220969
           0        -nan        -nan        -nan
           1    0.407132    0.407132           0
           2     0.37702    0.392076   0.0106462
           3    0.411557    0.398569  0.00885921
           4    0.402905    0.399653  0.00671038
           5    0.394816    0.398686  0.00543759
           6    0.401134    0.399094  0.00454661
           7    0.384642    0.397029  0.00434061
           8    0.392441    0.396456  0.00383574
           9    0.392759    0.396045  0.00343147
          10    0.408475    0.397288  0.00330578
          11    0.398741     0.39742   0.0030079
          12    0.382647    0.396189  0.00299861
          13     0.40575    0.396924  0.00285673
          14     0.39984    0.397133  0.00266026
          15    0.388248     0.39654    0.002548
          16    0.411503    0.397476   0.0025546
          17    0.386469    0.396828  0.00248503
          18    0.396165    0.396791  0.00234725
          19    0.383476     0.39609  0.00232596
          20    0.395898    0.396081  0.00220969
           0        -nan        -nan        -nan
           1   0.0977611   0.0977611           0
           2   0.0918178   0.0947894  0.00210128
           3   0.0920761    0.093885  0.00158359
           4    0.104889   0.0966359  0.00266199
           5    0.103066   0.0979219  0.00242037
           6    0.115475    0.100847  0.00334664
           7   0.0965301    0.100231  0.00292483
           8   0.0993372    0.100119  0.00256136
           9    0.106367    0.100813  0.00236898
          10   0.0928346    0.100015  0.00226245
          11    0.101407    0.100142  0.00206031
          12    0.108356    0.100826  0.00199909
          13   0.0946717    0.100353  0.00190055
          14   0.0972821    0.100134   0.0017774
          15    0.108944    0.100721  0.00175327
          16     0.10493    0.100984  0.00166332
          17   0.0971633    0.100759  0.00158058
          18   0.0911856    0.100227  0.00157973
          19   0.0926597   0.0998291  0.00154598
          20   0.0966759   0.0996714   0.0014767
           0        -nan        -nan        -nan
           1    0.407132    0.407132           0
           2     0.37702    0.392076   0.0106462
           3    0.411557    0.398569  0.00885921
           4    0.402905    0.399653  0.00671038
           5    0.394816    0.398686  0.00543759
           6    0.401134    0.399094  0.00454661
           7    0.384642    0.397029  0.00434061
           8    0.392441    0.396456  0.00383574
           9    0.392759    0.396045  0.00343147
          10    0.408475    0.397288  0.00330578
          11    0.398741     0.39742   0.0030079
          12    0.382647    0.396189  0.00299861
          13     0.40575    0.396924  0.00285673
          14     0.39984    0.397133  0.00266026
          15    0.388248     0.39654    0.002548
          16    0.411503    0.397476   0.0025546
          17    0.386469    0.396828  0.00248503
          18    0.396165    0.396791  0.00234725
          19    0.383476     0.39609  0.00232596
          20    0.395898    0.396081  0.00220969
           0        -nan        -nan        -nan
           1    0.407132    0.407132           0
           2     0.37702    0.392076   0.0106462
           3    0.411557    0.398569  0.00885921
           4    0.402905    0.399653  0.00671038
           5    0.394816    0.398686  0.00543759
           6    0.401134    0.399094  0.00454661
           7    0.384642    0.397029  0.00434061
           8    0.392441    0.396456  0.00383574
           9    0.392759    0.396045  0.00343147
          10    0.408475    0.397288  0.00330578
          11    0.398741     0.39742   0.0030079
          12    0.382647    0.396189  0.00299861
          13     0.40575    0.396924  0.00285673
          14     0.39984    0.397133  0.00266026
          15    0.388248     0.39654    0.002548
          16    0.411503    0.397476   0.0025546
          17    0.386469    0.396828  0.00248503
          18    0.396165    0.396791  0.00234725
          19    0.383476     0.39609  0.00232596
          20    0.395898    0.396081  0.00220969
           0        -nan        -nan        -nan
           1    0.407132    0.407132           0
           2     0.37702    0.392076   0.0106462
           3    0.411557    0.398569  0.00885921
           4    0.402905    0.399653  0.00671038
           5    0.394816    0.398686  0.00543759
           6    0.401134    0.399094  0.00454661
           7    0.384642    0.397029  0.00434061
           8    0.392441    0.396456  0.00383574
           9    0.392759    0.396045  0.00343147
          10    0.408475    0.397288  0.00330578
          11    0.398741     0.39742   0.0030079
          12    0.382647    0.396189  0.00299861
          13     0.40575    0.396924  0.00285673
          14     0.39984    0.397133  0.00266026
          15    0.388248     0.39654    0.002548
          16    0.411503    0.397476   0.0025546
          17    0.386469    0.396828  0.00248503
          18    0.396165    0.396791  0.00234725
          19    0.383476     0.39609  0.00232596
          20    0.395898    0.396081  0.00220969
           0        -nan        -nan        -nan
           1     0.37702     0.37702           0
           2    0.411557    0.394288   0.0122106
           3    0.402905     0.39716  0.00847149
           4    0.394816    0.396574  0.00637386
           5    0.401134    0.397486  0.00516391
           6    0.384642    0.395345  0.00472621
           7    0.392441     0.39493  0.00406921
           8    0.392759    0.394659   0.0035696
           9    0.408475    0.396194  0.00348746
          10    0.398741    0.396449    0.003148
          11    0.382647    0.395194  0.00310181
          12     0.40575    0.396074  0.00296545
          13     0.39984    0.396364  0.00275145
          14    0.388248    0.395784  0.00261528
          15    0.411503    0.396832  0.00264256
          16    0.386469    0.396184  0.00255554
          17    0.396165    0.396183  0.00240522
          18    0.383476    0.395477  0.00237292
          19    0.395898    0.395499  0.00224814
          20    0.398094    0.395629  0.00213947
           0        -nan        -nan        -nan
           1     0.37702     0.37702           0
           2    0.411557    0.394288   0.0122106
           3    0.402905     0.39716  0.00847149
           4    0.394816    0.396574  0.00637386
           5    0.401134    0.397486  0.00516391
           6    0.384642    0.395345  0.00472621
           7    0.392441     0.39493  0.00406921
           8    0.392759    0.394659   0.0035696
           9    0.408475    0.396194  0.00348746
          10    0.398741    0.396449    0.003148
          11    0.382647    0.395194  0.00310181
          12     0.40575    0.396074  0.00296545
          13     0.39984    0.396364  0.00275145
          14    0.388248    0.395784  0.00261528
          15    0.411503    0.396832  0.00264256
          16    0.386469    0.396184  0.00255554
          17    0.396165    0.396183  0.00240522
          18    0.383476    0.395477  0.00237292
          19    0.395898    0.395499  0.00224814
          20    0.398094    0.395629  0.00213947
           0        -nan        -nan        -nan
           1     0.37702     0.37702           0
           2    0.411557    0.394288   0.0122106
           3    0.402905     0.39716  0.00847149
           4    0.394816    0.396574  0.00637386
           5    0.401134    0.397486  0.00516391
           6    0.384642    0.395345  0.00472621
           7    0.392441     0.39493  0.00406921
           8    0.392759    0.394659   0.0035696
           9    0.408475    0.396194  0.00348746
          10    0.398741    0.396449    0.003148
          11    0.382647    0.395194  0.00310181
          12     0.40575    0.396074  0.00296545
          13     0.39984    0.396364  0.00275145
          14    0.388248    0.395784  0.00261528
          15    0.411503    0.396832  0.00264256
          16    0.386469    0.396184  0.00255554
          17    0.396165    0.396183  0.00240522
          18    0.383476    0.395477  0.00237292
          19    0.395898    0.395499  0.00224814
          20    0.398094    0.395629  0.00213947
          21    0.403784    0.396017  0.00207254
          22    0.395372    0.395988  0.00197854
          23    0.399804    0.396154  0.00189946
          24    0.395826     0.39614  0.00182036
          25    0.393882     0.39605  0.00174979
          26    0.394469    0.395989  0.00168354
          27      0.3973    0.396038  0.00162189
          28    0.390663    0.395846  0.00157528
          29    0.391879    0.395709  0.00152689
          30    0.414362    0.396331  0.00159759
          31    0.383668    0.395922  0.00159742
          32    0.416643     0.39657   0.0016736
          33    0.399938    0.396672    0.001626
          34    0.417055    0.397271  0.00168508
          35     0.40455    0.397479  0.00164971
          36    0.401699    0.397596  0.00160805
          37    0.405638    0.397814  0.00157921
          38    0.405686    0.398021  0.00155118
          39    0.386991    0.397738  0.00153697
          40    0.388516    0.397508  0.00151574
