           1   -0.461072   -0.461072           0
           2   -0.464176   -0.462624  0.00109743
           3   -0.461696   -0.462315 0.000773989
           4    -0.45804   -0.461246  0.00109248
           5   -0.459968    -0.46099 0.000903388
           6   -0.462968    -0.46132 0.000810724
           7   -0.462848   -0.461538 0.000723696
           8    -0.46156   -0.461541 0.000633239
           9   -0.465184   -0.461946 0.000680054
          10   -0.461416   -0.461893 0.000614108
          11   -0.461584   -0.461865 0.000558922
          12   -0.461976   -0.461874 0.000512422
          13   -0.463024   -0.461962  0.00048058
          14   -0.464712   -0.462159 0.000484724
          15    -0.46508   -0.462354  0.00048997
          16   -0.463104   -0.462401 0.000461586
          17    -0.46172    -0.46236 0.000436166
          18   -0.463656   -0.462432 0.000417831
          19   -0.460896   -0.462352 0.000403589
          20    -0.46016   -0.462242 0.000398008
           1   -0.461072   -0.461072           0
           2   -0.464176   -0.462624  0.00109743
           3   -0.461696   -0.462315 0.000773989
           4    -0.45804   -0.461246  0.00109248
           5   -0.459968    -0.46099 0.000903388
           6   -0.462968    -0.46132 0.000810724
           7   -0.462848   -0.461538 0.000723696
           8    -0.46156   -0.461541 0.000633239
           9   -0.465184   -0.461946 0.000680054
          10   -0.461416   -0.461893 0.000614108
          11   -0.461584   -0.461865 0.000558922
          12   -0.461976   -0.461874 0.000512422
          13   -0.463024   -0.461962  0.00048058
          14   -0.464712   -0.462159 0.000484724
          15    -0.46508   -0.462354  0.00048997
          16   -0.463104   -0.462401 0.000461586
          17    -0.46172    -0.46236 0.000436166
          18   -0.463656   -0.462432 0.000417831
          19   -0.460896   -0.462352 0.000403589
          20    -0.46016   -0.462242 0.000398008
           0        -nan        -nan        -nan
           1   -0.464176   -0.464176           0
           2   -0.461696   -0.462936 0.000876812
           3    -0.45804   -0.461304   0.0014551
           4   -0.459968    -0.46097    0.001129
           5   -0.462968    -0.46137  0.00097135
           6   -0.462848   -0.461616 0.000840129
           7    -0.46156   -0.461608 0.000720149
           8   -0.465184   -0.462055 0.000756239
           9   -0.461416   -0.461984 0.000675537
          10   -0.461584   -0.461944 0.000609166
          11   -0.461976   -0.461947 0.000553794
          12   -0.463024   -0.462037 0.000514867
          13   -0.464712   -0.462242  0.00051475
          14    -0.46508   -0.462445 0.000516345
          15   -0.463104   -0.462489 0.000483787
          16    -0.46172   -0.462441 0.000455932
          17   -0.463656   -0.462512 0.000434678
          18   -0.460896   -0.462423 0.000419703
          19    -0.46016   -0.462304 0.000414164
          20   -0.464752   -0.462426 0.000411151
           0        -nan        -nan        -nan
           1   -0.464176   -0.464176           0
           2   -0.461696   -0.462936 0.000876812
           3    -0.45804   -0.461304   0.0014551
           4   -0.459968    -0.46097    0.001129
           5   -0.462968    -0.46137  0.00097135
           6   -0.462848   -0.461616 0.000840129
           7    -0.46156   -0.461608 0.000720149
           8   -0.465184   -0.462055 0.000756239
           9   -0.461416   -0.461984 0.000675537
          10   -0.461584   -0.461944 0.000609166
          11   -0.461976   -0.461947 0.000553794
          12   -0.463024   -0.462037 0.000514867
          13   -0.464712   -0.462242  0.00051475
          14    -0.46508   -0.462445 0.000516345
          15   -0.463104   -0.462489 0.000483787
          16    -0.46172   -0.462441 0.000455932
          17   -0.463656   -0.462512 0.000434678
          18   -0.460896   -0.462423 0.000419703
          19    -0.46016   -0.462304 0.000414164
          20   -0.464752   -0.462426 0.000411151
           0        -nan        -nan        -nan
           1   -0.761704   -0.761704           0
           2   -0.765352   -0.763528  0.00128976
           3   -0.756768   -0.761275  0.00203085
           4    -0.76196   -0.761446  0.00153034
           5   -0.761968    -0.76155  0.00122783
           6   -0.763904   -0.761943  0.00108404
           7   -0.763336   -0.762142 0.000947279
           8   -0.762736   -0.762216 0.000831776
           9    -0.76644   -0.762685 0.000861654
          10       -0.76   -0.762417 0.000816261
          11   -0.766448   -0.762783 0.000820207
          12   -0.760056   -0.762556 0.000782711
          13   -0.762944   -0.762586 0.000723071
          14   -0.757408   -0.762216 0.000760148
          15   -0.760352   -0.762092 0.000719557
          16   -0.759672    -0.76194 0.000690294
          17   -0.760264   -0.761842 0.000656696
          18   -0.762152   -0.761859 0.000620438
          19   -0.763608   -0.761951 0.000594573
          20   -0.763184   -0.762013  0.00056803
           0        -nan        -nan        -nan
           1   -0.464176   -0.464176           0
           2   -0.461696   -0.462936 0.000876812
           3    -0.45804   -0.461304   0.0014551
           4   -0.459968    -0.46097    0.001129
           5   -0.462968    -0.46137  0.00097135
           6   -0.462848   -0.461616 0.000840129
           7    -0.46156   -0.461608 0.000720149
           8   -0.465184   -0.462055 0.000756239
           9   -0.461416   -0.461984 0.000675537
          10   -0.461584   -0.461944 0.000609166
          11   -0.461976   -0.461947 0.000553794
          12   -0.463024   -0.462037 0.000514867
          13   -0.464712   -0.462242  0.00051475
          14    -0.46508   -0.462445 0.000516345
          15   -0.463104   -0.462489 0.000483787
          16    -0.46172   -0.462441 0.000455932
          17   -0.463656   -0.462512 0.000434678
          18   -0.460896   -0.462423 0.000419703
          19    -0.46016   -0.462304 0.000414164
          20   -0.464752   -0.462426 0.000411151
           0        -nan        -nan        -nan
           1   -0.464176   -0.464176           0
           2   -0.461696   -0.462936 0.000876812
           3    -0.45804   -0.461304   0.0014551
           4   -0.459968    -0.46097    0.001129
           5   -0.462968    -0.46137  0.00097135
           6   -0.462848   -0.461616 0.000840129
           7    -0.46156   -0.461608 0.000720149
           8   -0.465184   -0.462055 0.000756239
           9   -0.461416   -0.461984 0.000675537
          10   -0.461584   -0.461944 0.000609166
          11   -0.461976   -0.461947 0.000553794
          12   -0.463024   -0.462037 0.000514867
          13   -0.464712   -0.462242  0.00051475
          14    -0.46508   -0.462445 0.000516345
          15   -0.463104   -0.462489 0.000483787
          16    -0.46172   -0.462441 0.000455932
          17   -0.463656   -0.462512 0.000434678
          18   -0.460896   -0.462423 0.000419703
          19    -0.46016   -0.462304 0.000414164
          20   -0.464752   -0.462426 0.000411151
           0        -nan        -nan        -nan
           1   -0.464176   -0.464176           0
           2   -0.461696   -0.462936 0.000876812
           3    -0.45804   -0.461304   0.0014551
           4   -0.459968    -0.46097    0.001129
           5   -0.462968    -0.46137  0.00097135
           6   -0.462848   -0.461616 0.000840129
           7    -0.46156   -0.461608 0.000720149
           8   -0.465184   -0.462055 0.000756239
           9   -0.461416   -0.461984 0.000675537
          10   -0.461584   -0.461944 0.000609166
          11   -0.461976   -0.461947 0.000553794
          12   -0.463024   -0.462037 0.000514867
          13   -0.464712   -0.462242  0.00051475
          14    -0.46508   -0.462445 0.000516345
          15   -0.463104   -0.462489 0.000483787
          16    -0.46172   -0.462441 0.000455932
          17   -0.463656   -0.462512 0.000434678
          18   -0.460896   -0.462423 0.000419703
          19    -0.46016   -0.462304 0.000414164
          20   -0.464752   -0.462426 0.000411151
           0        -nan        -nan        -nan
           1   -0.461696   -0.461696           0
           2    -0.45804   -0.459868  0.00129259
           3   -0.459968   -0.459901 0.000862157
           4   -0.462968   -0.460668 0.000926794
           5   -0.462848   -0.461104 0.000837737
           6    -0.46156    -0.46118 0.000701553
           7   -0.465184   -0.461752 0.000801276
           8   -0.461416    -0.46171 0.000702216
           9   -0.461584   -0.461696 0.000624332
          10   -0.461976   -0.461724 0.000562526
          11   -0.463024   -0.461842 0.000523655
          12   -0.464712   -0.462081  0.00053183
          13    -0.46508   -0.462312 0.000538625
          14   -0.463104   -0.462369 0.000503114
          15    -0.46172   -0.462325 0.000471427
          16   -0.463656   -0.462409 0.000449239
          17   -0.460896    -0.46232 0.000431534
          18    -0.46016     -0.4622 0.000423909
          19   -0.464752   -0.462334 0.000422348
          20    -0.46128   -0.462281 0.000404505
           0        -nan        -nan        -nan
           1   -0.461696   -0.461696           0
           2    -0.45804   -0.459868  0.00129259
           3   -0.459968   -0.459901 0.000862157
           4   -0.462968   -0.460668 0.000926794
           5   -0.462848   -0.461104 0.000837737
           6    -0.46156    -0.46118 0.000701553
           7   -0.465184   -0.461752 0.000801276
           8   -0.461416    -0.46171 0.000702216
           9   -0.461584   -0.461696 0.000624332
          10   -0.461976   -0.461724 0.000562526
          11   -0.463024   -0.461842 0.000523655
          12   -0.464712   -0.462081  0.00053183
          13    -0.46508   -0.462312 0.000538625
          14   -0.463104   -0.462369 0.000503114
          15    -0.46172   -0.462325 0.000471427
          16   -0.463656   -0.462409 0.000449239
          17   -0.460896    -0.46232 0.000431534
          18    -0.46016     -0.4622 0.000423909
          19   -0.464752   -0.462334 0.000422348
          20    -0.46128   -0.462281 0.000404505
           0        -nan        -nan        -nan
           1   -0.461696   -0.461696           0
           2    -0.45804   -0.459868  0.00129259
           3   -0.459968   -0.459901 0.000862157
           4   -0.462968   -0.460668 0.000926794
           5   -0.462848   -0.461104 0.000837737
           6    -0.46156    -0.46118 0.000701553
           7   -0.465184   -0.461752 0.000801276
           8   -0.461416    -0.46171 0.000702216
           9   -0.461584   -0.461696 0.000624332
          10   -0.461976   -0.461724 0.000562526
          11   -0.463024   -0.461842 0.000523655
          12   -0.464712   -0.462081  0.00053183
          13    -0.46508   -0.462312 0.000538625
          14   -0.463104   -0.462369 0.000503114
          15    -0.46172   -0.462325 0.000471427
          16   -0.463656   -0.462409 0.000449239
          17   -0.460896    -0.46232 0.000431534
          18    -0.46016     -0.4622 0.000423909
          19   -0.464752   -0.462334 0.000422348
          20    -0.46128   -0.462281 0.000404505
          21   -0.461968   -0.462266 0.000385517
          22    -0.46288   -0.462294 0.000369002
          23   -0.463872   -0.462363 0.000359278
          24   -0.460248   -0.462275  0.00035495
          25   -0.462696   -0.462292 0.000341152
          26   -0.463816    -0.46235 0.000333031
          27   -0.460544   -0.462283 0.000327346
          28   -0.462344   -0.462285 0.000315662
          29   -0.461064   -0.462243 0.000307574
          30    -0.46408   -0.462305 0.000303354
          31   -0.463512   -0.462343 0.000296058
          32    -0.46196   -0.462332 0.000287049
          33   -0.462984   -0.462351 0.000279031
          34   -0.465104   -0.462432 0.000282326
          35    -0.46244   -0.462432 0.000274259
          36   -0.461152   -0.462397 0.000268937
          37   -0.460416   -0.462343 0.000266945
          38   -0.463432   -0.462372 0.000261452
          39    -0.46032   -0.462319 0.000259989
          40    -0.46404   -0.462362 0.000257023
           0        -nan        -nan        -nan
           1   -0.461696   -0.461696           0
           2    -0.45804   -0.459868  0.00129259
           3   -0.459968   -0.459901 0.000862157
           4   -0.462968   -0.460668 0.000926794
           5   -0.462848   -0.461104 0.000837737
           6    -0.46156    -0.46118 0.000701553
           7   -0.465184   -0.461752 0.000801276
           8   -0.461416    -0.46171 0.000702216
           9   -0.461584   -0.461696 0.000624332
          10   -0.461976   -0.461724 0.000562526
          11   -0.463024   -0.461842 0.000523655
          12   -0.464712   -0.462081  0.00053183
          13    -0.46508   -0.462312 0.000538625
          14   -0.463104   -0.462369 0.000503114
          15    -0.46172   -0.462325 0.000471427
          16   -0.463656   -0.462409 0.000449239
          17   -0.460896    -0.46232 0.000431534
          18    -0.46016     -0.4622 0.000423909
          19   -0.464752   -0.462334 0.000422348
          20    -0.46128   -0.462281 0.000404505
          21   -0.461968   -0.462266 0.000385517
          22    -0.46288   -0.462294 0.000369002
          23   -0.463872   -0.462363 0.000359278
          24   -0.460248   -0.462275  0.00035495
          25   -0.462696   -0.462292 0.000341152
          26   -0.463816    -0.46235 0.000333031
          27   -0.460544   -0.462283 0.000327346
          28   -0.462344   -0.462285 0.000315662
          29   -0.461064   -0.462243 0.000307574
          30    -0.46408   -0.462305 0.000303354
          31   -0.463512   -0.462343 0.000296058
          32    -0.46196   -0.462332 0.000287049
          33   -0.462984   -0.462351 0.000279031
          34   -0.465104   -0.462432 0.000282326
          35    -0.46244   -0.462432 0.000274259
          36   -0.461152   -0.462397 0.000268937
          37   -0.460416   -0.462343 0.000266945
          38   -0.463432   -0.462372 0.000261452
          39    -0.46032   -0.462319 0.000259989
          40    -0.46404   -0.462362 0.000257023
          41   -0.463928   -0.462401 0.000253575
          42   -0.464152   -0.462442 0.000250943
          43   -0.458704   -0.462355  0.00025973
          44   -0.462944   -0.462369 0.000254171
          45   -0.463232   -0.462388 0.000249246
          46   -0.460944   -0.462357 0.000245796
          47   -0.459568   -0.462297 0.000247623
          48    -0.46292    -0.46231 0.000242804
          49   -0.460424   -0.462272 0.000240881
          50   -0.461024   -0.462247 0.000237352
          51    -0.46144   -0.462231 0.000233225
          52   -0.459136   -0.462171 0.000236212
          53   -0.464128   -0.462208 0.000234622
          54   -0.462304    -0.46221 0.000230284
          55   -0.464712   -0.462256 0.000230546
          56    -0.46116   -0.462236 0.000227258
          57   -0.459752   -0.462192 0.000227411
          58   -0.460424   -0.462162 0.000225525
          59   -0.464832   -0.462207 0.000226197
          60    -0.46288   -0.462218 0.000222705
          61   -0.462904    -0.46223 0.000219338
          62     -0.4614   -0.462216 0.000216208
          63   -0.462792   -0.462225 0.000212969
          64   -0.460472   -0.462198 0.000211396
          65   -0.461384   -0.462185 0.000208515
          66     -0.4638    -0.46221 0.000206785
          67   -0.461384   -0.462198 0.000204066
          68   -0.462024   -0.462195 0.000201081
          69   -0.460152   -0.462165 0.000200335
          70    -0.46388    -0.46219 0.000198965
          71   -0.463344   -0.462206 0.000196825
          72   -0.464008   -0.462231 0.000195676
          73   -0.461632   -0.462223 0.000193168
          74   -0.463896   -0.462246 0.000191876
          75    -0.46092   -0.462228  0.00019013
          76   -0.462464   -0.462231 0.000187653
          77   -0.459536   -0.462196 0.000188452
          78   -0.462328   -0.462198 0.000186044
          79   -0.463352   -0.462212 0.000184261
          80    -0.46272   -0.462219 0.000182067
          81   -0.462376   -0.462221  0.00017983
          82   -0.462152    -0.46222 0.000177639
          83   -0.465808   -0.462263 0.000180683
          84   -0.460464   -0.462242 0.000179797
          85    -0.46216   -0.462241 0.000177684
          86   -0.459072   -0.462204 0.000179397
          87    -0.46476   -0.462233 0.000179725
          88   -0.462248   -0.462233 0.000177683
          89   -0.462768   -0.462239 0.000175788
          90    -0.46156   -0.462232 0.000173997
          91   -0.460536   -0.462213  0.00017308
          92   -0.464384   -0.462237 0.000172799
          93   -0.462736   -0.462242 0.000171025
          94    -0.45948   -0.462213 0.000171711
          95   -0.461368   -0.462204 0.000170134
          96    -0.46148   -0.462196 0.000168528
          97   -0.460584    -0.46218 0.000167609
          98   -0.461936   -0.462177 0.000165917
          99   -0.463184   -0.462187 0.000164552
         100   -0.462832   -0.462194 0.000163033
           0        -nan        -nan        -nan
           1   -0.461696   -0.461696           0
           2    -0.45804   -0.459868  0.00129259
           3   -0.459968   -0.459901 0.000862157
           4   -0.462968   -0.460668 0.000926794
           5   -0.462848   -0.461104 0.000837737
           6    -0.46156    -0.46118 0.000701553
           7   -0.465184   -0.461752 0.000801276
           8   -0.461416    -0.46171 0.000702216
           9   -0.461584   -0.461696 0.000624332
          10   -0.461976   -0.461724 0.000562526
          11   -0.463024   -0.461842 0.000523655
          12   -0.464712   -0.462081  0.00053183
          13    -0.46508   -0.462312 0.000538625
          14   -0.463104   -0.462369 0.000503114
          15    -0.46172   -0.462325 0.000471427
          16   -0.463656   -0.462409 0.000449239
          17   -0.460896    -0.46232 0.000431534
          18    -0.46016     -0.4622 0.000423909
          19   -0.464752   -0.462334 0.000422348
          20    -0.46128   -0.462281 0.000404505
          21   -0.461968   -0.462266 0.000385517
          22    -0.46288   -0.462294 0.000369002
          23   -0.463872   -0.462363 0.000359278
          24   -0.460248   -0.462275  0.00035495
          25   -0.462696   -0.462292 0.000341152
          26   -0.463816    -0.46235 0.000333031
          27   -0.460544   -0.462283 0.000327346
          28   -0.462344   -0.462285 0.000315662
          29   -0.461064   -0.462243 0.000307574
          30    -0.46408   -0.462305 0.000303354
          31   -0.463512   -0.462343 0.000296058
          32    -0.46196   -0.462332 0.000287049
          33   -0.462984   -0.462351 0.000279031
          34   -0.465104   -0.462432 0.000282326
          35    -0.46244   -0.462432 0.000274259
          36   -0.461152   -0.462397 0.000268937
          37   -0.460416   -0.462343 0.000266945
          38   -0.463432   -0.462372 0.000261452
          39    -0.46032   -0.462319 0.000259989
          40    -0.46404   -0.462362 0.000257023
