           1     24.1276     24.1276           0
           2     23.3071     23.7174    0.290092
           3      25.787     24.4072    0.595543
           4     24.0712     24.3232    0.452543
           5     22.8228     24.0232    0.450677
           6     22.1111     23.7045    0.475051
           7     20.8031       23.29    0.559512
           8     23.5311     23.3201    0.490384
           9      25.914     23.6084    0.513652
          10     24.2937     23.6769    0.466837
          11     22.4355      23.564    0.437825
          12     28.3329     23.9614    0.553032
          13     22.8254     23.8741    0.517349
          14     24.9057     23.9477    0.485615
          15     24.7065     23.9983    0.455867
          16     22.2548     23.8894    0.440206
          17       24.97     23.9529    0.418876
          18     27.3468     24.1415     0.43598
          19     26.8832     24.2858    0.436262
          20     27.3954     24.4413    0.441285
           1     24.1276     24.1276           0
           2     23.3071     23.7174    0.290092
           3      25.787     24.4072    0.595543
           4     24.0712     24.3232    0.452543
           5     22.8228     24.0232    0.450677
           6     22.1111     23.7045    0.475051
           7     20.8031       23.29    0.559512
           8     23.5311     23.3201    0.490384
           9      25.914     23.6084    0.513652
          10     24.2937     23.6769    0.466837
          11     22.4355      23.564    0.437825
          12     28.3329     23.9614    0.553032
          13     22.8254     23.8741    0.517349
          14     24.9057     23.9477    0.485615
          15     24.7065     23.9983    0.455867
          16     22.2548     23.8894    0.440206
          17       24.97     23.9529    0.418876
          18     27.3468     24.1415     0.43598
          19     26.8832     24.2858    0.436262
          20     27.3954     24.4413    0.441285
           0        -nan        -nan        -nan
           1     23.3071     23.3071           0
           2      25.787      24.547    0.876752
           3     24.0712     24.3884    0.598674
           4     22.8228      23.997    0.562589
           5     22.1111     23.6199    0.562473
           6     20.8031     23.1504    0.635109
           7     23.5311     23.2048    0.546703
           8      25.914     23.5434    0.573743
           9     24.2937     23.6268    0.516014
          10     22.4355     23.5077    0.477966
          11     28.3329     23.9463    0.603101
          12     22.8254     23.8529     0.56003
          13     24.9057     23.9339    0.522772
          14     24.7065     23.9891    0.488336
          15     22.2548     23.8735    0.469267
          16       24.97      23.942    0.444914
          17     27.3468     24.1423    0.461625
          18     26.8832     24.2946     0.46041
          19     27.3954     24.4578    0.464202
          20     23.9121     24.4305    0.441793
           0        -nan        -nan        -nan
           1     23.3071     23.3071           0
           2      25.787      24.547    0.876752
           3     24.0712     24.3884    0.598674
           4     22.8228      23.997    0.562589
           5     22.1111     23.6199    0.562473
           6     20.8031     23.1504    0.635109
           7     23.5311     23.2048    0.546703
           8      25.914     23.5434    0.573743
           9     24.2937     23.6268    0.516014
          10     22.4355     23.5077    0.477966
          11     28.3329     23.9463    0.603101
          12     22.8254     23.8529     0.56003
          13     24.9057     23.9339    0.522772
          14     24.7065     23.9891    0.488336
          15     22.2548     23.8735    0.469267
          16       24.97      23.942    0.444914
          17     27.3468     24.1423    0.461625
          18     26.8832     24.2946     0.46041
          19     27.3954     24.4578    0.464202
          20     23.9121     24.4305    0.441793
           0        -nan        -nan        -nan
           1     23.3071     23.3071           0
           2      25.787      24.547    0.876752
           3     24.0712     24.3884    0.598674
           4     22.8228      23.997    0.562589
           5     22.1111     23.6199    0.562473
           6     20.8031     23.1504    0.635109
           7     23.5311     23.2048    0.546703
           8      25.914     23.5434    0.573743
           9     24.2937     23.6268    0.516014
          10     22.4355     23.5077    0.477966
          11     28.3329     23.9463    0.603101
          12     22.8254     23.8529     0.56003
          13     24.9057     23.9339    0.522772
          14     24.7065     23.9891    0.488336
          15     22.2548     23.8735    0.469267
          16       24.97      23.942    0.444914
          17     27.3468     24.1423    0.461625
          18     26.8832     24.2946     0.46041
          19     27.3954     24.4578    0.464202
          20     23.9121     24.4305    0.441793
           0        -nan        -nan        -nan
           1     70.6373     70.6373           0
           2     71.4216     71.0295    0.277283
           3     71.4209       71.16    0.213361
           4     71.3715     71.2128    0.166445
           5      71.428     71.2559    0.138607
           6     69.8619     71.0235    0.241499
           7     71.4286     71.0814    0.213818
           8     71.4114     71.1227    0.191028
           9     71.4225      71.156    0.172683
          10     71.4109     71.1815    0.157285
          11     70.8769     71.1538    0.145403
          12      71.416     71.1756    0.134918
          13     71.4188     71.1943     0.12583
          14     71.2644     71.1993    0.116941
          15     71.4192      71.214     0.11006
          16     71.2196     71.2143    0.103182
          17     71.4232     71.2266   0.0978408
          18     70.7438     71.1998   0.0960114
          19      71.415     71.2111   0.0916235
          20      71.428      71.222   0.0876817
           0        -nan        -nan        -nan
           1     23.3071     23.3071           0
           2      25.787      24.547    0.876752
           3     24.0712     24.3884    0.598674
           4     22.8228      23.997    0.562589
           5     22.1111     23.6199    0.562473
           6     20.8031     23.1504    0.635109
           7     23.5311     23.2048    0.546703
           8      25.914     23.5434    0.573743
           9     24.2937     23.6268    0.516014
          10     22.4355     23.5077    0.477966
          11     28.3329     23.9463    0.603101
          12     22.8254     23.8529     0.56003
          13     24.9057     23.9339    0.522772
          14     24.7065     23.9891    0.488336
          15     22.2548     23.8735    0.469267
          16       24.97      23.942    0.444914
          17     27.3468     24.1423    0.461625
          18     26.8832     24.2946     0.46041
          19     27.3954     24.4578    0.464202
          20     23.9121     24.4305    0.441793
           0        -nan        -nan        -nan
           1     23.3071     23.3071           0
           2      25.787      24.547    0.876752
           3     24.0712     24.3884    0.598674
           4     22.8228      23.997    0.562589
           5     22.1111     23.6199    0.562473
           6     20.8031     23.1504    0.635109
           7     23.5311     23.2048    0.546703
           8      25.914     23.5434    0.573743
           9     24.2937     23.6268    0.516014
          10     22.4355     23.5077    0.477966
          11     28.3329     23.9463    0.603101
          12     22.8254     23.8529     0.56003
          13     24.9057     23.9339    0.522772
          14     24.7065     23.9891    0.488336
          15     22.2548     23.8735    0.469267
          16       24.97      23.942    0.444914
          17     27.3468     24.1423    0.461625
          18     26.8832     24.2946     0.46041
          19     27.3954     24.4578    0.464202
          20     23.9121     24.4305    0.441793
           0        -nan        -nan        -nan
           1     23.3071     23.3071           0
           2      25.787      24.547    0.876752
           3     24.0712     24.3884    0.598674
           4     22.8228      23.997    0.562589
           5     22.1111     23.6199    0.562473
           6     20.8031     23.1504    0.635109
           7     23.5311     23.2048    0.546703
           8      25.914     23.5434    0.573743
           9     24.2937     23.6268    0.516014
          10     22.4355     23.5077    0.477966
          11     28.3329     23.9463    0.603101
          12     22.8254     23.8529     0.56003
          13     24.9057     23.9339    0.522772
          14     24.7065     23.9891    0.488336
          15     22.2548     23.8735    0.469267
          16       24.97      23.942    0.444914
          17     27.3468     24.1423    0.461625
          18     26.8832     24.2946     0.46041
          19     27.3954     24.4578    0.464202
          20     23.9121     24.4305    0.441793
           0        -nan        -nan        -nan
           1      25.787      25.787           0
           2     24.0712     24.9291    0.606597
           3     22.8228      24.227    0.701544
           4     22.1111      23.698    0.697636
           5     20.8031     23.1191    0.761356
           6     23.5311     23.1877    0.637554
           7      25.914     23.5772    0.654712
           8     24.2937     23.6668    0.578967
           9     22.4355       23.53    0.530554
          10     28.3329     24.0103    0.660016
          11     22.8254     23.9025    0.608739
          12     24.9057     23.9861    0.563722
          13     24.7065     24.0415    0.523075
          14     22.2548     23.9139    0.501039
          15       24.97     23.9843    0.472557
          16     27.3468     24.1945    0.487517
          17     26.8832     24.3526    0.483815
          18     27.3954     24.5217     0.48557
          19     23.9121     24.4896    0.461072
          20     24.4272     24.4865    0.438029
           0        -nan        -nan        -nan
           1      25.787      25.787           0
           2     24.0712     24.9291    0.606597
           3     22.8228      24.227    0.701544
           4     22.1111      23.698    0.697636
           5     20.8031     23.1191    0.761356
           6     23.5311     23.1877    0.637554
           7      25.914     23.5772    0.654712
           8     24.2937     23.6668    0.578967
           9     22.4355       23.53    0.530554
          10     28.3329     24.0103    0.660016
          11     22.8254     23.9025    0.608739
          12     24.9057     23.9861    0.563722
          13     24.7065     24.0415    0.523075
          14     22.2548     23.9139    0.501039
          15       24.97     23.9843    0.472557
          16     27.3468     24.1945    0.487517
          17     26.8832     24.3526    0.483815
          18     27.3954     24.5217     0.48557
          19     23.9121     24.4896    0.461072
          20     24.4272     24.4865    0.438029
           0        -nan        -nan        -nan
           1      25.787      25.787           0
           2     24.0712     24.9291    0.606597
           3     22.8228      24.227    0.701544
           4     22.1111      23.698    0.697636
           5     20.8031     23.1191    0.761356
           6     23.5311     23.1877    0.637554
           7      25.914     23.5772    0.654712
           8     24.2937     23.6668    0.578967
           9     22.4355       23.53    0.530554
          10     28.3329     24.0103    0.660016
          11     22.8254     23.9025    0.608739
          12     24.9057     23.9861    0.563722
          13     24.7065     24.0415    0.523075
          14     22.2548     23.9139    0.501039
          15       24.97     23.9843    0.472557
          16     27.3468     24.1945    0.487517
          17     26.8832     24.3526    0.483815
          18     27.3954     24.5217     0.48557
          19     23.9121     24.4896    0.461072
          20     24.4272     24.4865    0.438029
          21     25.5773     24.5384    0.420239
          22     26.3069     24.6188    0.408753
          23     21.2814     24.4737     0.41594
          24     22.4885      24.391    0.406751
          25     22.6185     24.3201    0.396612
          26     22.5022     24.2502    0.387472
          27     24.7745     24.2696    0.373607
          28     25.7699     24.3232    0.364086
          29     22.3407     24.2548    0.357892
          30     25.1131     24.2834    0.347104
          31     22.7972     24.2355    0.339202
          32     25.1012     24.2625    0.329679
          33     19.4816     24.1177    0.350077
          34     31.0657      24.322    0.394948
          35      29.814     24.4789    0.413662
          36     24.9542     24.4921    0.402382
          37     24.2509     24.4856     0.39156
          38     26.9524     24.5505    0.386599
          39     24.8501     24.5582    0.376763
          40     25.8735     24.5911    0.368776
