1.38823
1.34832
1.28183
1.19068
1.0783
0.950365
0.81517
0.683422
0.566963
0.476361
0.418331
0.394076
0.399412
0.426507
0.466156
0.509725
0.550343
0.583335
0.606167
0.618129
0.619916
0.613255
0.600519
0.584377
0.567539
0.552462
0.541265
0.535731
0.537292
0.546956
0.565142
0.591449
0.62443
0.661611
0.699835
0.735805
0.766688
0.790459
0.806124
0.813751
0.814418
0.809919
0.802364
0.793852
0.785957
0.77952
0.774618
0.770781
0.76729
0.763509
0.758975
0.753431
0.746776
0.739081
0.730606
0.721787
0.713358
0.706295
0.701715
0.700572
0.70341
0.709976
0.719241
0.729741
0.74009
0.749464
0.757688
0.764987
0.771597
0.777394
0.781987
0.784867
0.785752
0.784635
0.781805
0.777623
0.772421
0.76628
0.759067
0.750696
0.741508
0.732379
0.724593
0.719411
0.717294
0.717514
0.718429
0.718081
0.714871
0.707937
0.697293
0.68383
0.66915
0.655226
0.643915
0.63658
0.63396
0.636147
0.642724
0.652904
0.81073
0.819195
0.823252
0.821572
0.813196
0.797902
0.776455
0.750665
0.723194
0.697244
0.67617
0.662993
0.6598
0.667448
0.685489
0.71231
0.745455
0.781911
0.818538
0.852327
0.88084
0.90238
0.916183
0.922412
0.922089
0.91696
0.909156
0.900803
0.893306
0.886899
0.88064
0.872987
0.86274
0.849724
0.834903
0.819797
0.805536
0.79251
0.780777
0.770462
0.761798
0.75486
0.749497
0.745436
0.742645
0.741448
0.74245
0.746149
0.752497
0.760907
0.77047
0.780351
0.790106
0.79963
0.808976
0.818109
0.826622
0.833534
0.837364
0.836517
0.830026
0.818324
0.803686
0.789681
0.779603
0.774589
0.773132
0.772617
0.771188
0.76857
0.765996
0.765334
0.768022
0.774464
0.783939
0.79511
0.806573
0.817108
0.825761
0.831809
0.834955
0.835383
0.833823
0.831395
0.829297
0.828505
0.829498
0.832066
0.835442
0.838577
0.840487
0.840523
0.838645
0.835135
0.830301
0.824325
0.817406
0.809971
0.802715
0.796433
0.794688
0.791155
0.789783
0.790139
0.791508
0.793202
0.794791
0.796325
0.798279
0.801285
0.805889
0.812126
0.81929
0.82613
0.831237
0.833499
0.832499
0.828883
0.824103
0.820006
0.817984
0.818228
0.819572
0.820053
0.81793
0.812584
0.804746
0.796259
0.78934
0.785635
0.785627
0.78865
0.793231
0.797532
0.799908
0.799147
0.794641
0.786499
0.77534
0.76223
0.748498
0.735546
0.724896
0.718266
0.717489
0.723898
0.737825
0.75816
0.782499
0.807832
0.831357
0.851073
0.865959
0.875819
0.88104
0.882272
0.88014
0.875179
0.867807
0.858357
0.84728
0.835161
0.8227
0.810509
0.798926
0.788099
0.778256
0.770174
0.765297
0.765332
0.771416
0.783195
0.798654
0.814814
0.828656
0.838116
0.842499
0.842375
0.83927
0.835011
0.831178
0.828595
0.827166
0.826075
0.824263
0.820858
0.815514
0.808492
0.800445
0.792119
0.783988
0.776457
0.770165
0.766364
0.766807
0.772707
0.78373
0.797933
0.812698
0.825653
0.807664
0.812212
0.813014
0.810444
0.80518
0.797866
0.788902
0.77853
0.767123
0.755497
0.744898
0.736633
0.731723
0.730679
0.733333
0.73909
0.747222
0.75716
0.768478
0.780703
0.793065
0.804365
0.813074
0.817691
0.817202
0.811555
0.801959
0.790607
0.779954
0.771904
0.767334
0.766223
0.767975
0.771758
0.776744
0.782246
0.787749
0.792803
0.796855
0.799324
0.799563
0.797124
0.791867
0.784198
0.775095
0.76596
0.75844
0.754015
0.753502
0.756867
0.763196
0.770927
0.77836
0.784074
0.787362
0.788324
0.787628
0.786071
0.78431
0.78262
0.781015
0.779593
0.778693
0.778917
0.780801
0.784489
0.789547
0.794988
0.799605
0.802273
0.802275
0.799546
0.794593
0.788496
0.782621
0.77849
0.777548
0.78077
0.788064
0.798046
0.808584
0.817758
0.824429
0.828444
0.830431
0.831529
0.832907
0.835123
0.837828
0.839911
0.840015
0.837052
0.830386
0.819743
0.80532
0.787861
0.76877
0.74993
0.733386
0.720984
0.791463
0.7868
0.787237
0.793269
0.804844
0.821018
0.839689
0.857863
0.87244
0.881203
0.883516
0.880347
0.873512
0.864558
0.854275
0.84285
0.830324
0.817193
0.80447
0.793347
0.784765
0.779126
0.776495
0.776856
0.780279
0.786733
0.795931
0.807119
0.819256
0.831159
0.841768
0.850169
0.855792
0.858415
0.858027
0.854762
0.848886
0.840837
0.83116
0.820571
0.809806
0.799473
0.789968
0.781515
0.774304
0.768765
0.765583
0.765396
0.768274
0.773336
0.779017
0.783604
0.785739
0.7849
0.781552
0.777033
0.773392
0.772825
0.777066
0.786783
0.801137
0.818151
0.835133
0.849378
0.859025
0.863758
0.864911
0.865014
0.866306
0.869756
0.875267
0.882329
0.890444
0.898977
0.907132
0.914078
0.918926
0.920809
0.918799
0.91199
0.8998
0.882524
0.861588
0.839608
0.819797
0.805089
0.797271
0.796603
0.801936
0.811192
0.821895
0.831803
0.839662
0.845705
0.851544
0.859107
0.869166
0.880464
0.890201
0.895286
0.797775
0.791186
0.781082
0.769352
0.758419
0.750603
0.7474
0.748832
0.753234
0.757831
0.759648
0.75655
0.748165
0.736073
0.723424
0.713931
0.710642
0.71495
0.726474
0.743437
0.763135
0.782607
0.799148
0.810724
0.816201
0.815396
0.808914
0.79805
0.784712
0.771082
0.759436
0.751866
0.749861
0.753953
0.763635
0.777422
0.793153
0.808506
0.821394
0.830346
0.834723
0.834645
0.830711
0.823832
0.815107
0.80555
0.795961
0.786918
0.779034
0.773198
0.770357
0.771069
0.775196
0.78182
0.789712
0.797708
0.804992
0.811057
0.815419
0.817394
0.816149
0.810974
0.801613
0.788557
0.773105
0.757599
0.745191
0.73891
0.740357
0.74903
0.762642
0.77823
0.792978
0.804414
0.810469
0.809679
0.801669
0.787411
0.769288
0.750666
0.73511
0.72526
0.721699
0.72299
0.726859
0.73163
0.736771
0.742495
0.749184
0.756918
0.765423
0.774235
0.782966
0.791389
0.799433
0.807103
0.814337
0.821029
0.826992
0.83193
0.802625
0.804834
0.806543
0.807949
0.809271
0.81051
0.811411
0.81153
0.810514
0.808343
0.805419
0.802271
0.799086
0.79542
0.790266
0.782573
0.771792
0.758262
0.743207
0.728543
0.71627
0.707744
0.703146
0.701419
0.70075
0.699517
0.697206
0.694686
0.693694
0.696021
0.702613
0.713158
0.726214
0.739773
0.752021
0.761934
0.769527
0.775614
0.781159
0.786673
0.791977
0.796404
0.799308
0.800469
0.800099
0.798669
0.796655
0.794498
0.792665
0.791774
0.792569
0.79562
0.801038
0.808177
0.815574
0.821339
0.823767
0.821724
0.814799
0.803368
0.788399
0.771194
0.753073
0.735247
0.718655
0.704027
0.692094
0.683709
0.679701
0.680384
0.685159
0.692786
0.702058
0.712387
0.724085
0.738039
0.754872
0.774252
0.794535
0.813422
0.828712
0.838979
0.843766
0.843337
0.838361
0.829625
0.817848
0.803744
0.788234
0.77257
0.758293
0.74678
0.738805
0.734262
0.732444
0.732399
0.733424
0.735133
0.737424
0.740261
1.38823
1.34832
1.28183
1.19068
1.0783
0.950365
0.81517
0.683422
0.566963
0.476361
0.418331
0.394076
0.399412
0.426507
0.466156
0.509725
0.550343
0.583335
0.606167
0.618129
0.619916
0.613255
0.600519
0.584377
0.567539
0.552462
0.541265
0.535731
0.537292
0.546956
0.565142
0.591449
0.62443
0.661611
0.699835
0.735805
0.766688
0.790459
0.806124
0.813751
0.814418
0.809919
0.802364
0.793852
0.785957
0.77952
0.774618
0.770781
0.76729
0.763509
0.758975
0.753431
0.746776
0.739081
0.730606
0.721787
0.713358
0.706295
0.701715
0.700572
0.70341
0.709976
0.719241
0.729741
0.74009
0.749464
0.757688
0.764987
0.771597
0.777394
0.781987
0.784867
0.785752
0.784635
0.781805
0.777623
0.772421
0.76628
0.759067
0.750696
0.741508
0.732379
0.724593
0.719411
0.717294
0.717514
0.718429
0.718081
0.714871
0.707937
0.697293
0.68383
0.66915
0.655226
0.643915
0.63658
0.63396
0.636147
0.642724
0.652904
0.81073
0.819195
0.823252
0.821572
0.813196
0.797902
0.776455
0.750665
0.723194
0.697244
0.67617
0.662993
0.6598
0.667448
0.685489
0.71231
0.745455
0.781911
0.818538
0.852327
0.88084
0.90238
0.916183
0.922412
0.922089
0.91696
0.909156
0.900803
0.893306
0.886899
0.88064
0.872987
0.86274
0.849724
0.834903
0.819797
0.805536
0.79251
0.780777
0.770462
0.761798
0.75486
0.749497
0.745436
0.742645
0.741448
0.74245
0.746149
0.752497
0.760907
0.77047
0.780351
0.790106
0.79963
0.808976
0.818109
0.826622
0.833534
0.837364
0.836517
0.830026
0.818324
0.803686
0.789681
0.779603
0.774589
0.773132
0.772617
0.771188
0.76857
0.765996
0.765334
0.768022
0.774464
0.783939
0.79511
0.806573
0.817108
0.825761
0.831809
0.834955
0.835383
0.833823
0.831395
0.829297
0.828505
0.829498
0.832066
0.835442
0.838577
0.840487
0.840523
0.838645
0.835135
0.830301
0.824325
0.817406
0.809971
0.802715
0.796433
0.794688
0.791155
0.789783
0.790139
0.791508
0.793202
0.794791
0.796325
0.798279
0.801285
0.805889
0.812126
0.81929
0.82613
0.831237
0.833499
0.832499
0.828883
0.824103
0.820006
0.817984
0.818228
0.819572
0.820053
0.81793
0.812584
0.804746
0.796259
0.78934
0.785635
0.785627
0.78865
0.793231
0.797532
0.799908
0.799147
0.794641
0.786499
0.77534
0.76223
0.748498
0.735546
0.724896
0.718266
0.717489
0.723898
0.737825
0.75816
0.782499
0.807832
0.831357
0.851073
0.865959
0.875819
0.88104
0.882272
0.88014
0.875179
0.867807
0.858357
0.84728
0.835161
0.8227
0.810509
0.798926
0.788099
0.778256
0.770174
0.765297
0.765332
0.771416
0.783195
0.798654
0.814814
0.828656
0.838116
0.842499
0.842375
0.83927
0.835011
0.831178
0.828595
0.827166
0.826075
0.824263
0.820858
0.815514
0.808492
0.800445
0.792119
0.783988
0.776457
0.770165
0.766364
0.766807
0.772707
0.78373
0.797933
0.812698
0.825653
0.807664
0.812212
0.813014
0.810444
0.80518
0.797866
0.788902
0.77853
0.767123
0.755497
0.744898
0.736633
0.731723
0.730679
0.733333
0.73909
0.747222
0.75716
0.768478
0.780703
0.793065
0.804365
0.813074
0.817691
0.817202
0.811555
0.801959
0.790607
0.779954
0.771904
0.767334
0.766223
0.767975
0.771758
0.776744
0.782246
0.787749
0.792803
0.796855
0.799324
0.799563
0.797124
0.791867
0.784198
0.775095
0.76596
0.75844
0.754015
0.753502
0.756867
0.763196
0.770927
0.77836
0.784074
0.787362
0.788324
0.787628
0.786071
0.78431
0.78262
0.781015
0.779593
0.778693
0.778917
0.780801
0.784489
0.789547
0.794988
0.799605
0.802273
0.802275
0.799546
0.794593
0.788496
0.782621
0.77849
0.777548
0.78077
0.788064
0.798046
0.808584
0.817758
0.824429
0.828444
0.830431
0.831529
0.832907
0.835123
0.837828
0.839911
0.840015
0.837052
0.830386
0.819743
0.80532
0.787861
0.76877
0.74993
0.733386
0.720984
0.791463
0.7868
0.787237
0.793269
0.804844
0.821018
0.839689
0.857863
0.87244
0.881203
0.883516
0.880347
0.873512
0.864558
0.854275
0.84285
0.830324
0.817193
0.80447
0.793347
0.784765
0.779126
0.776495
0.776856
0.780279
0.786733
0.795931
0.807119
0.819256
0.831159
0.841768
0.850169
0.855792
0.858415
0.858027
0.854762
0.848886
0.840837
0.83116
0.820571
0.809806
0.799473
0.789968
0.781515
0.774304
0.768765
0.765583
0.765396
0.768274
0.773336
0.779017
0.783604
0.785739
0.7849
0.781552
0.777033
0.773392
0.772825
0.777066
0.786783
0.801137
0.818151
0.835133
0.849378
0.859025
0.863758
0.864911
0.865014
0.866306
0.869756
0.875267
0.882329
0.890444
0.898977
0.907132
0.914078
0.918926
0.920809
0.918799
0.91199
0.8998
0.882524
0.861588
0.839608
0.819797
0.805089
0.797271
0.796603
0.801936
0.811192
0.821895
0.831803
0.839662
0.845705
0.851544
0.859107
0.869166
0.880464
0.890201
0.895286
0.797775
0.791186
0.781082
0.769352
0.758419
0.750603
0.7474
0.748832
0.753234
0.757831
0.759648
0.75655
0.748165
0.736073
0.723424
0.713931
0.710642
0.71495
0.726474
0.743437
0.763135
0.782607
0.799148
0.810724
0.816201
0.815396
0.808914
0.79805
0.784712
0.771082
0.759436
0.751866
0.749861
0.753953
0.763635
0.777422
0.793153
0.808506
0.821394
0.830346
0.834723
0.834645
0.830711
0.823832
0.815107
0.80555
0.795961
0.786918
0.779034
0.773198
0.770357
0.771069
0.775196
0.78182
0.789712
0.797708
0.804992
0.811057
0.815419
0.817394
0.816149
0.810974
0.801613
0.788557
0.773105
0.757599
0.745191
0.73891
0.740357
0.74903
0.762642
0.77823
0.792978
0.804414
0.810469
0.809679
0.801669
0.787411
0.769288
0.750666
0.73511
0.72526
0.721699
0.72299
0.726859
0.73163
0.736771
0.742495
0.749184
0.756918
0.765423
0.774235
0.782966
0.791389
0.799433
0.807103
0.814337
0.821029
0.826992
0.83193
0.802625
0.804834
0.806543
0.807949
0.809271
0.81051
0.811411
0.81153
0.810514
0.808343
0.805419
0.802271
0.799086
0.79542
0.790266
0.782573
0.771792
0.758262
0.743207
0.728543
0.71627
0.707744
0.703146
0.701419
0.70075
0.699517
0.697206
0.694686
0.693694
0.696021
0.702613
0.713158
0.726214
0.739773
0.752021
0.761934
0.769527
0.775614
0.781159
0.786673
0.791977
0.796404
0.799308
0.800469
0.800099
0.798669
0.796655
0.794498
0.792665
0.791774
0.792569
0.79562
0.801038
0.808177
0.815574
0.821339
0.823767
0.821724
0.814799
0.803368
0.788399
0.771194
0.753073
0.735247
0.718655
0.704027
0.692094
0.683709
0.679701
0.680384
0.685159
0.692786
0.702058
0.712387
0.724085
0.738039
0.754872
0.774252
0.794535
0.813422
0.828712
0.838979
0.843766
0.843337
0.838361
0.829625
0.817848
0.803744
0.788234
0.77257
0.758293
0.74678
0.738805
0.734262
0.732444
0.732399
0.733424
0.735133
0.737424
0.740261
1.38823
1.34832
1.28183
1.19068
1.0783
0.950365
0.81517
0.683422
0.566963
0.476361
0.418331
0.394076
0.399412
0.426507
0.466156
0.509725
0.550343
0.583335
0.606167
0.618129
0.619916
0.613255
0.600519
0.584377
0.567539
0.552462
0.541265
0.535731
0.537292
0.546956
0.565142
0.591449
0.62443
0.661611
0.699835
0.735805
0.766688
0.790459
0.806124
0.813751
0.814418
0.809919
0.802364
0.793852
0.785957
0.77952
0.774618
0.770781
0.76729
0.763509
0.758975
0.753431
0.746776
0.739081
0.730606
0.721787
0.713358
0.706295
0.701715
0.700572
0.70341
0.709976
0.719241
0.729741
0.74009
0.749464
0.757688
0.764987
0.771597
0.777394
0.781987
0.784867
0.785752
0.784635
0.781805
0.777623
0.772421
0.76628
0.759067
0.750696
0.741508
0.732379
0.724593
0.719411
0.717294
0.717514
0.718429
0.718081
0.714871
0.707937
0.697293
0.68383
0.66915
0.655226
0.643915
0.63658
0.63396
0.636147
0.642724
0.652904
0.81073
0.819195
0.823252
0.821572
0.813196
0.797902
0.776455
0.750665
0.723194
0.697244
0.67617
0.662993
0.6598
0.667448
0.685489
0.71231
0.745455
0.781911
0.818538
0.852327
0.88084
0.90238
0.916183
0.922412
0.922089
0.91696
0.909156
0.900803
0.893306
0.886899
0.88064
0.872987
0.86274
0.849724
0.834903
0.819797
0.805536
0.79251
0.780777
0.770462
0.761798
0.75486
0.749497
0.745436
0.742645
0.741448
0.74245
0.746149
0.752497
0.760907
0.77047
0.780351
0.790106
0.79963
0.808976
0.818109
0.826622
0.833534
0.837364
0.836517
0.830026
0.818324
0.803686
0.789681
0.779603
0.774589
0.773132
0.772617
0.771188
0.76857
0.765996
0.765334
0.768022
0.774464
0.783939
0.79511
0.806573
0.817108
0.825761
0.831809
0.834955
0.835383
0.833823
0.831395
0.829297
0.828505
0.829498
0.832066
0.835442
0.838577
0.840487
0.840523
0.838645
0.835135
0.830301
0.824325
0.817406
0.809971
0.802715
0.796433
0.794688
0.791155
0.789783
0.790139
0.791508
0.793202
0.794791
0.796325
0.798279
0.801285
0.805889
0.812126
0.81929
0.82613
0.831237
0.833499
0.832499
0.828883
0.824103
0.820006
0.817984
0.818228
0.819572
0.820053
0.81793
0.812584
0.804746
0.796259
0.78934
0.785635
0.785627
0.78865
0.793231
0.797532
0.799908
0.799147
0.794641
0.786499
0.77534
0.76223
0.748498
0.735546
0.724896
0.718266
0.717489
0.723898
0.737825
0.75816
0.782499
0.807832
0.831357
0.851073
0.865959
0.875819
0.88104
0.882272
0.88014
0.875179
0.867807
0.858357
0.84728
0.835161
0.8227
0.810509
0.798926
0.788099
0.778256
0.770174
0.765297
0.765332
0.771416
0.783195
0.798654
0.814814
0.828656
0.838116
0.842499
0.842375
0.83927
0.835011
0.831178
0.828595
0.827166
0.826075
0.824263
0.820858
0.815514
0.808492
0.800445
0.792119
0.783988
0.776457
0.770165
0.766364
0.766807
0.772707
0.78373
0.797933
0.812698
0.825653
0.807664
0.812212
0.813014
0.810444
0.80518
0.797866
0.788902
0.77853
0.767123
0.755497
0.744898
0.736633
0.731723
0.730679
0.733333
0.73909
0.747222
0.75716
0.768478
0.780703
0.793065
0.804365
0.813074
0.817691
0.817202
0.811555
0.801959
0.790607
0.779954
0.771904
0.767334
0.766223
0.767975
0.771758
0.776744
0.782246
0.787749
0.792803
0.796855
0.799324
0.799563
0.797124
0.791867
0.784198
0.775095
0.76596
0.75844
0.754015
0.753502
0.756867
0.763196
0.770927
0.77836
0.784074
0.787362
0.788324
0.787628
0.786071
0.78431
0.78262
0.781015
0.779593
0.778693
0.778917
0.780801
0.784489
0.789547
0.794988
0.799605
0.802273
0.802275
0.799546
0.794593
0.788496
0.782621
0.77849
0.777548
0.78077
0.788064
0.798046
0.808584
0.817758
0.824429
0.828444
0.830431
0.831529
0.832907
0.835123
0.837828
0.839911
0.840015
0.837052
0.830386
0.819743
0.80532
0.787861
0.76877
0.74993
0.733386
0.720984
0.791463
0.7868
0.787237
0.793269
0.804844
0.821018
0.839689
0.857863
0.87244
0.881203
0.883516
0.880347
0.873512
0.864558
0.854275
0.84285
0.830324
0.817193
0.80447
0.793347
0.784765
0.779126
0.776495
0.776856
0.780279
0.786733
0.795931
0.807119
0.819256
0.831159
0.841768
0.850169
0.855792
0.858415
0.858027
0.854762
0.848886
0.840837
0.83116
0.820571
0.809806
0.799473
0.789968
0.781515
0.774304
0.768765
0.765583
0.765396
0.768274
0.773336
0.779017
0.783604
0.785739
0.7849
0.781552
0.777033
0.773392
0.772825
0.777066
0.786783
0.801137
0.818151
0.835133
0.849378
0.859025
0.863758
0.864911
0.865014
0.866306
0.869756
0.875267
0.882329
0.890444
0.898977
0.907132
0.914078
0.918926
0.920809
0.918799
0.91199
0.8998
0.882524
0.861588
0.839608
0.819797
0.805089
0.797271
0.796603
0.801936
0.811192
0.821895
0.831803
0.839662
0.845705
0.851544
0.859107
0.869166
0.880464
0.890201
0.895286
0.797775
0.791186
0.781082
0.769352
0.758419
0.750603
0.7474
0.748832
0.753234
0.757831
0.759648
0.75655
0.748165
0.736073
0.723424
0.713931
0.710642
0.71495
0.726474
0.743437
0.763135
0.782607
0.799148
0.810724
0.816201
0.815396
0.808914
0.79805
0.784712
0.771082
0.759436
0.751866
0.749861
0.753953
0.763635
0.777422
0.793153
0.808506
0.821394
0.830346
0.834723
0.834645
0.830711
0.823832
0.815107
0.80555
0.795961
0.786918
0.779034
0.773198
0.770357
0.771069
0.775196
0.78182
0.789712
0.797708
0.804992
0.811057
0.815419
0.817394
0.816149
0.810974
0.801613
0.788557
0.773105
0.757599
0.745191
0.73891
0.740357
0.74903
0.762642
0.77823
0.792978
0.804414
0.810469
0.809679
0.801669
0.787411
0.769288
0.750666
0.73511
0.72526
0.721699
0.72299
0.726859
0.73163
0.736771
0.742495
0.749184
0.756918
0.765423
0.774235
0.782966
0.791389
0.799433
0.807103
0.814337
0.821029
0.826992
0.83193
0.802625
0.804834
0.806543
0.807949
0.809271
0.81051
0.811411
0.81153
0.810514
0.808343
0.805419
0.802271
0.799086
0.79542
0.790266
0.782573
0.771792
0.758262
0.743207
0.728543
0.71627
0.707744
0.703146
0.701419
0.70075
0.699517
0.697206
0.694686
0.693694
0.696021
0.702613
0.713158
0.726214
0.739773
0.752021
0.761934
0.769527
0.775614
0.781159
0.786673
0.791977
0.796404
0.799308
0.800469
0.800099
0.798669
0.796655
0.794498
0.792665
0.791774
0.792569
0.79562
0.801038
0.808177
0.815574
0.821339
0.823767
0.821724
0.814799
0.803368
0.788399
0.771194
0.753073
0.735247
0.718655
0.704027
0.692094
0.683709
0.679701
0.680384
0.685159
0.692786
0.702058
0.712387
0.724085
0.738039
0.754872
0.774252
0.794535
0.813422
0.828712
0.838979
0.843766
0.843337
0.838361
0.829625
0.817848
0.803744
0.788234
0.77257
0.758293
0.74678
0.738805
0.734262
0.732444
0.732399
0.733424
0.735133
0.737424
0.740261
