-6.67756
-6.68243
-6.68615
-6.69188
-6.69418
-6.69843
-6.70556
-6.71339
-6.72574
-6.73873
-6.75234
-6.76387
-6.77501
-6.78178
-6.7848
-6.78497
-6.78022
-6.7792
-6.77302
-6.76161
-6.74784
-6.7317
-6.71419
-6.6981
-6.68545
-6.67702
-6.67177
-6.67184
-6.6804
-6.68721
-6.69897
-6.71008
-6.72092
-6.73016
-6.73804
-6.74224
-6.73727
-6.72594
-6.70977
-6.68912
-6.66899
-6.64885
-6.63301
-6.62221
-6.6154
-6.6163
-6.61628
-6.61723
-6.61887
-6.61497
-6.61141
-6.60636
-6.60404
-6.60332
-6.60896
-6.61744
-6.62923
-6.64545
-6.66275
-6.68259
-6.70131
-6.72702
-6.74714
-6.76823
-6.79001
-6.80534
-6.81604
-6.82228
-6.82058
-6.80768
-6.79299
-6.76747
-6.74477
-6.73034
-6.72248
-6.7224
-6.73159
-6.74515
-6.75969
-6.7725
-6.78124
-6.78436
-6.7778
-6.76699
-6.74795
-6.7231
-6.69337
-6.66435
-6.6448
-6.62932
-6.6174
-6.61369
-6.61539
-6.62043
-6.6267
-6.63805
-6.65109
-6.66982
-6.68887
-6.70545
-6.72201
-6.73628
-6.74409
-6.74813
-6.74662
-6.7467
-6.74549
-6.74075
-6.74013
-6.73831
-6.7372
-6.73427
-6.73008
-6.72357
-6.72524
-6.72444
-6.72668
-6.7303
-6.73084
-6.72952
-6.72614
-6.71987
-6.71445
-6.70948
-6.70338
-6.6955
-6.68926
-6.68012
-6.67444
-6.67129
-6.67216
-6.67458
-6.68052
-6.69063
-6.70254
-6.71564
-6.7261
-6.73411
-6.74041
-6.7407
-6.73582
-6.7262
-6.71508
-6.70547
-6.69661
-6.69214
-6.68951
-6.69121
-6.69433
-6.69941
-6.70189
-6.70107
-6.69979
-6.69315
-6.68441
-6.67106
-6.65261
-6.63179
-6.61171
-6.59788
-6.59761
-6.61103
-6.63668
-6.67116
-6.71012
-6.7438
-6.77096
-6.78465
-6.78993
-6.78382
-6.77309
-6.75521
-6.73402
-6.71449
-6.69749
-6.688
-6.68926
-6.69932
-6.71592
-6.73637
-6.75387
-6.76908
-6.77839
-6.78055
-6.77936
-6.77225
-6.76088
-6.74613
-6.72904
-6.71319
-6.69953
-6.68829
-6.67947
-6.67469
-6.67061
-6.67641
-6.6828
-6.6906
-6.69727
-6.70036
-6.6977
-6.68737
-6.67118
-6.64801
-6.62731
-6.61033
-6.59532
-6.59177
-6.60257
-6.62312
-6.65606
-6.69812
-6.74503
-6.79209
-6.83663
-6.87122
-6.89091
-6.89818
-6.89493
-6.87987
-6.8651
-6.84377
-6.82331
-6.79669
-6.76655
-6.73762
-6.71295
-6.69226
-6.68192
-6.68136
-6.68675
-6.69114
-6.69361
-6.68848
-6.67852
-6.66444
-6.64784
-6.63376
-6.62481
-6.62346
-6.63266
-6.64548
-6.66527
-6.68756
-6.70908
-6.7265
-6.7393
-6.74539
-6.7439
-6.73874
-6.72567
-6.71038
-6.69174
-6.66861
-6.64487
-6.61892
-6.59336
-6.57231
-6.56162
-6.56253
-6.57941
-6.60846
-6.64397
-6.67844
-6.70641
-6.72275
-6.73096
-6.732
-6.72574
-6.71588
-6.71011
-6.70809
-6.71034
-6.71645
-6.72251
-6.73507
-6.75224
-6.77542
-6.80315
-6.83496
-6.86372
-6.88355
-6.89424
-6.89516
-6.88341
-6.86342
-6.84066
-6.81164
-6.77979
-6.75016
-6.71688
-6.6856
-6.65849
-6.63484
-6.61899
-6.60929
-6.6113
-6.61971
-6.63194
-6.64526
-6.66264
-6.67981
-6.69079
-6.70108
-6.70723
-6.71241
-6.71392
-6.71421
-6.71102
-6.70444
-6.691
-6.67696
-6.66372
-6.64927
-6.63655
-6.62773
-6.62671
-6.63244
-6.64273
-6.65862
-6.67534
-6.6931
-6.70628
-6.72101
-6.73899
-6.75825
-6.77498
-6.79227
-6.80429
-6.80722
-6.80486
-6.79435
-6.77352
-6.74803
-6.71668
-6.68493
-6.65526
-6.63331
-6.62181
-6.62217
-6.63072
-6.64507
-6.6605
-6.67829
-6.69053
-6.69983
-6.70474
-6.70799
-6.71286
-6.72463
-6.74117
-6.76072
-6.77694
-6.78929
-6.7935
-6.79384
-6.79014
-6.78041
-6.7686
-6.75405
-6.73865
-6.72543
-6.71579
-6.71254
-6.71619
-6.7225
-6.73112
-6.73489
-6.73769
-6.73459
-6.72464
-6.70794
-6.68785
-6.66336
-6.64067
-6.61983
-6.60816
-6.60664
-6.6121
-6.62601
-6.64665
-6.6653
-6.68013
-6.69392
-6.70798
-6.72145
-6.73652
-6.74979
-6.75933
-6.76636
-6.76994
-6.77098
-6.76405
-6.75299
-6.73675
-6.71616
-6.69653
-6.69061
-6.69258
-6.7042
-6.72172
-6.73889
-6.75109
-6.75777
-6.76099
-6.75634
-6.74676
-6.7344
-6.72227
-6.71156
-6.70377
-6.69843
-6.69798
-6.70029
-6.70488
-6.70578
-6.70235
-6.69357
-6.67848
-6.66514
-6.65079
-6.64485
-6.65113
-6.66915
-6.69659
-6.72699
-6.75845
-6.78453
-6.80154
-6.80917
-6.80821
-6.7963
-6.77755
-6.75185
-6.7224
-6.69226
-6.66354
-6.64128
-6.62646
-6.61412
-6.60763
-6.61069
-6.62047
-6.63975
-6.66302
-6.68953
-6.71163
-6.73287
-6.74853
-6.75885
-6.762
-6.76122
-6.75964
-6.75515
-6.74933
-6.74023
-6.73102
-6.7186
-6.70763
-6.69888
-6.69567
-6.70691
-6.72766
-6.75655
-6.78065
-6.79661
-6.79785
-6.78743
-6.76787
-6.74321
-6.71292
-6.68009
-6.64988
-6.62361
-6.60457
-6.5935
-6.59135
-6.59924
-6.6179
-6.64382
-6.67117
-6.69809
-6.72
-6.73397
-6.73659
-6.72913
-6.71476
-6.69815
-6.68447
-6.67961
-6.68582
-6.69649
-6.71588
-6.73619
-6.75254
-6.7648
-6.76925
-6.76872
-6.75916
-6.74624
-6.73032
-6.71853
-6.70874
-6.7028
-6.70067
-6.7021
-6.70613
-6.71351
-6.72097
-6.73134
-6.73931
-6.74544
-6.74856
-6.7463
-6.7442
-6.74016
-6.73458
-6.72495
-6.71687
-6.70823
-6.69393
-6.67809
-6.66065
-6.6418
-6.62575
-6.61349
-6.60222
-6.59716
-6.59838
-6.6063
-6.62022
-6.64133
-6.66657
-6.69368
-6.71743
-6.73437
-6.74631
-6.74435
-6.73261
-6.71945
-6.7061
-6.69785
-6.69747
-6.69959
-6.71047
-6.7227
-6.73162
-6.73906
-6.74253
-6.73823
-6.73164
-6.72076
-6.71265
-6.71016
-6.7103
-6.71551
-6.72369
-6.73071
-6.73741
-6.74249
-6.74574
-6.74767
-6.74659
-6.74337
-6.74041
-6.7368
-6.73286
-6.72699
-6.71454
-6.70177
-6.68619
-6.67144
-6.66459
-6.66316
-6.66884
-6.67654
-6.68934
-6.70368
-6.70943
-6.71236
-6.70726
-6.69675
-6.68237
-6.66634
-6.65736
-6.65924
-6.67097
-6.68802
-6.71267
-6.73967
-6.76585
-6.78503
-6.79456
-6.79312
-6.78276
-6.76419
-6.74133
-6.71357
-6.68542
-6.66136
-6.64149
-6.62959
-6.6281
-6.63118
-6.642
-6.65655
-6.67282
-6.6888
-6.70335
-6.71532
-6.72559
-6.73499
-6.74398
-6.75035
-6.75627
-6.7572
-6.75591
-6.75172
-6.74759
-6.74298
-6.73848
-6.72739
-6.71374
-6.7017
-6.69214
-6.68864
-6.69426
-6.70842
-6.73197
-6.76092
-6.7936
-6.82181
-6.84268
-6.85431
-6.85328
-6.83398
-6.80603
-6.77282
-6.73251
-6.6922
-6.65409
-6.62242
-6.59969
-6.5892
-6.58596
-6.58916
-6.59434
-6.59754
-6.60125
-6.59964
-6.60073
-6.60086
-6.60076
-6.60244
-6.60474
-6.60937
-6.6157
-6.62921
-6.64842
-6.67205
-6.70243
-6.73497
-6.76825
-6.79689
-6.81547
-6.82576
-6.82033
-6.80294
-6.77285
-6.73442
-6.69025
-6.65006
-6.62084
-6.60894
-6.61197
-6.63465
-6.67083
-6.70892
-6.74549
-6.77464
-6.79656
-6.80485
-6.80171
-6.79194
-6.7788
-6.76567
-6.75442
-6.75021
-6.75036
-6.75412
-6.75677
-6.76095
-6.76058
-6.75754
-6.75237
-6.74281
-6.73226
-6.71855
-6.7065
-6.69989
-6.69337
-6.68931
-6.68671
-6.68511
-6.68528
-6.68227
-6.67823
-6.67153
-6.67065
-6.66968
-6.67475
-6.6816
-6.68941
-6.69827
-6.70874
-6.71924
-6.72818
-6.73321
-6.73355
-6.72898
-6.71774
-6.69901
-6.67183
-6.64368
-6.62133
-6.60953
-6.61783
-6.64134
-6.67668
-6.71805
-6.75791
-6.79059
-6.81283
-6.82164
-6.81914
-6.80898
-6.79406
-6.77776
-6.76698
-6.75865
-6.75534
-6.75489
-6.75581
-6.75707
-6.75191
-6.7408
-6.72566
-6.7068
-6.68996
-6.67342
-6.66212
-6.65643
-6.65158
-6.64884
-6.64704
-6.64648
-6.64881
-6.65501
-6.66986
-6.69081
-6.71609
-6.74066
-6.76103
-6.77569
-6.78496
-6.78372
-6.77292
-6.75665
-6.73254
-6.70838
-6.68154
-6.65558
-6.62981
-6.61333
-6.60686
-6.61026
-6.62555
-6.64934
-6.68162
-6.71584
-6.74937
-6.77971
-6.79922
-6.80561
-6.80358
-6.78909
-6.76089
-6.724
-6.68331
-6.64689
-6.6197
-6.60652
-6.60594
-6.62097
-6.63893
-6.66522
-6.68905
-6.71117
-6.73172
-6.74488
-6.76127
-6.77372
-6.78137
-6.78982
-6.79225
-6.79244
-6.78986
-6.78696
-6.78053
-6.77558
-6.77413
-6.77708
-6.77779
-6.78157
-6.78299
-6.78173
-6.77484
-6.7658
-6.75161
-6.73038
-6.7056
-6.68103
-6.65907
-6.64369
-6.63366
-6.62593
-6.62219
-6.61687
-6.61358
-6.60824
-6.60554
-6.60661
-6.61306
-6.62374
-6.6383
-6.65114
-6.66249
-6.67507
-6.68305
-6.69002
-6.69482
-6.69887
-6.70183
-6.70252
-6.70276
-6.70451
-6.70858
-6.71454
-6.71882
-6.72178
-6.72176
-6.71879
-6.71029
-6.70107
-6.69253
-6.68862
-6.68979
-6.70221
-6.71758
-6.73575
-6.75505
-6.7725
-6.78833
-6.79937
-6.79933
-6.80002
-6.79441
-6.78302
-6.7706
-6.75811
-6.74526
-6.73199
-6.71535
-6.69971
-6.68553
-6.67151
-6.66181
-6.65242
-6.64823
-6.65027
-6.65678
-6.6683
-6.68444
-6.70677
-6.73036
-6.75039
-6.76488
-6.7675
-6.75911
-6.73826
-6.70649
-6.67272
-6.64332
-6.61943
-6.60498
-6.60237
-6.61034
-6.62642
-6.64815
-6.67278
-6.70108
-6.72392
-6.74774
-6.76447
-6.77505
-6.77915
-6.7716
-6.75764
-6.73463
-6.70539
-6.67796
-6.65454
-6.63842
-6.6343
-6.63839
-6.64862
-6.65976
-6.66958
-6.67655
-6.68087
-6.68221
-6.68089
-6.67936
-6.68022
-6.68515
-6.69442
-6.71218
-6.72896
-6.74589
-6.76696
-6.78557
-6.80438
-6.82088
-6.83035
-6.83539
-6.8346
-6.82477
-6.80924
-6.78569
-6.7524
-6.716
-6.68071
-6.64528
-6.61633
-6.59875
-6.59339
-6.59689
-6.61049
-6.63065
-6.65257
-6.67279
-6.68965
-6.70414
-6.7144
-6.72106
-6.72149
-6.71873
-6.71235
-6.70545
-6.69608
-6.68897
-6.68273
-6.67939
-6.67606
-6.6763
-6.67931
-6.67948
-6.68142
-6.68309
-6.6851
-6.68667
-6.68913
-6.69196
-6.69301
-6.69342
-6.69232
-6.68734
-6.68233
-6.67775
-6.67833
-6.6799
-6.68784
-6.70051
-6.71545
-6.73031
-6.74202
-6.74891
-6.75052
-6.74473
-6.7401
-6.73185
-6.72808
-6.7274
-6.73045
-6.73844
-6.74659
-6.75601
-6.76579
-6.7764
-6.78552
