1    -6.71567    -6.71567           0
2      -6.712    -6.71383   0.0018388
3    -6.71393    -6.71387  0.00106214
4    -6.70769    -6.71232  0.00171718
5    -6.71103    -6.71206  0.00135503
6    -6.70868     -6.7115  0.00124168
7    -6.71041    -6.71134  0.00106098
8    -6.70461     -6.7105  0.00124652
9    -6.70907    -6.71034  0.00111078
10    -6.70883    -6.71019  0.00100497
1    -6.71206    -6.71206           0
2    -6.70832    -6.71019  0.00187269
3    -6.70835    -6.70958  0.00124373
4    -6.70855    -6.70932 0.000915874
5    -6.70446    -6.70835  0.00120348
6    -6.70936    -6.70852 0.000997025
7     -6.7104    -6.70879 0.000884274
8    -6.71017    -6.70896  0.00078496
9    -6.70541    -6.70856 0.000796931
10    -6.70932    -6.70864 0.000716824
11     -6.7075    -6.70854 0.000656574
12    -6.70844    -6.70853 0.000599424
13    -6.71087    -6.70871 0.000580009
14    -6.70656    -6.70855 0.000558492
15    -6.70903    -6.70859 0.000520877
16    -6.70477    -6.70835 0.000542384
17    -6.71032    -6.70846 0.000522521
18    -6.70848    -6.70846 0.000492639
19    -6.70717     -6.7084 0.000470967
20    -6.70766    -6.70836 0.000448321
