1.1153
1.1205
1.12551
1.12994
1.13387
1.13811
1.14395
1.15243
1.16381
1.17712
1.19073
1.20291
1.21243
1.21887
1.22254
1.22401
1.22347
1.22051
1.21433
1.20421
1.19012
1.17301
1.15485
1.13812
1.12515
1.11736
1.11503
1.11736
1.123
1.13079
1.13995
1.1501
1.16061
1.17017
1.17676
1.17837
1.17372
1.16272
1.14654
1.12719
1.10706
1.08854
1.07367
1.06384
1.0593
1.0589
1.06049
1.06177
1.06115
1.05822
1.05368
1.04896
1.04567
1.04527
1.04864
1.05615
1.06762
1.08255
1.10016
1.11968
1.14035
1.16153
1.18261
1.20306
1.22192
1.23789
1.24925
1.25419
1.25119
1.23991
1.22166
1.19971
1.17863
1.1629
1.15537
1.15658
1.16512
1.17836
1.19322
1.20668
1.21606
1.21918
1.21456
1.20181
1.18181
1.15663
1.1295
1.10404
1.08319
1.06836
1.05936
1.05532
1.0554
1.05914
1.06638
1.07709
1.0911
1.10789
1.12629
1.14448
1.1604
1.1724
1.17989
1.18329
1.18372
1.1825
1.18064
1.17882
1.17723
1.17573
1.17398
1.17169
1.1688
1.16584
1.16395
1.16412
1.16637
1.16934
1.17117
1.1705
1.16713
1.16183
1.15544
1.14853
1.14113
1.13325
1.12539
1.11852
1.11381
1.11195
1.11314
1.11719
1.12378
1.13259
1.14321
1.15468
1.16546
1.1738
1.17816
1.1778
1.17292
1.16459
1.15445
1.14452
1.13662
1.13215
1.13147
1.13382
1.13758
1.14104
1.14288
1.14238
1.13916
1.13284
1.1228
1.10849
1.09004
1.06922
1.04979
1.03693
1.03569
1.04878
1.07508
1.10988
1.14689
1.18025
1.20578
1.22142
1.2267
1.22254
1.21051
1.19263
1.17144
1.15029
1.1333
1.12446
1.12604
1.1374
1.15529
1.17541
1.19388
1.20812
1.21679
1.21959
1.21679
1.20903
1.19733
1.1829
1.16711
1.15126
1.13663
1.12442
1.1156
1.11082
1.11031
1.11384
1.12055
1.12867
1.13566
1.13875
1.13577
1.12576
1.10925
1.08835
1.06635
1.04712
1.03436
1.03115
1.03935
1.05958
1.09123
1.13231
1.17922
1.22692
1.26984
1.30313
1.3238
1.3314
1.32782
1.31633
1.29994
1.28023
1.25749
1.23152
1.20301
1.1744
1.14941
1.13163
1.12291
1.12236
1.12676
1.13181
1.13362
1.12979
1.11983
1.10511
1.08851
1.07378
1.06451
1.06316
1.07042
1.08518
1.10497
1.12693
1.14813
1.16587
1.17802
1.18347
1.1823
1.17552
1.1644
1.14975
1.13175
1.11025
1.08553
1.05893
1.03338
1.01298
1.0023
1.00483
1.02138
1.04945
1.08367
1.11749
1.14514
1.16309
1.17066
1.16975
1.16382
1.15655
1.15078
1.14811
1.14907
1.15356
1.16156
1.17348
1.19033
1.21318
1.24155
1.27206
1.29953
1.31935
1.32907
1.32838
1.31825
1.3002
1.27615
1.24809
1.21787
1.18694
1.15625
1.12659
1.09916
1.07583
1.05901
1.0506
1.051
1.05877
1.07131
1.08593
1.10072
1.11465
1.12725
1.13819
1.14693
1.15275
1.15524
1.15423
1.14974
1.14187
1.1307
1.11666
1.10083
1.08509
1.07204
1.0642
1.06318
1.06923
1.08113
1.09669
1.11342
1.12956
1.14468
1.15973
1.1761
1.19407
1.21241
1.22873
1.24043
1.24562
1.24326
1.23276
1.21419
1.18838
1.15735
1.12463
1.09497
1.07302
1.06185
1.06188
1.07108
1.08608
1.10312
1.11897
1.13121
1.13889
1.14283
1.14576
1.15128
1.16208
1.17829
1.1972
1.2147
1.22737
1.23353
1.23323
1.22758
1.21786
1.20507
1.1902
1.1748
1.16126
1.15227
1.14967
1.15331
1.16092
1.16921
1.17524
1.17707
1.17365
1.16435
1.14894
1.12788
1.10307
1.07812
1.0576
1.04561
1.04409
1.05214
1.06669
1.08409
1.10145
1.11725
1.13136
1.14445
1.15727
1.17008
1.18237
1.19321
1.20153
1.20641
1.2068
1.20148
1.18945
1.17127
1.15037
1.13301
1.12547
1.13003
1.14391
1.16175
1.1786
1.19144
1.19878
1.20005
1.1954
1.18582
1.17313
1.15971
1.14803
1.13992
1.1362
1.13639
1.13902
1.142
1.1429
1.13947
1.13036
1.11624
1.10032
1.08759
1.08328
1.09053
1.10919
1.13631
1.16735
1.19752
1.22263
1.23963
1.24694
1.24436
1.23278
1.2137
1.18898
1.16082
1.13165
1.10391
1.0797
1.06067
1.04801
1.04281
1.04588
1.05727
1.0759
1.0995
1.12504
1.1494
1.16999
1.18533
1.195
1.19944
1.19964
1.19677
1.19195
1.1858
1.17832
1.16912
1.15799
1.14606
1.13665
1.13507
1.14566
1.1677
1.19464
1.2181
1.23211
1.23432
1.2252
1.20661
1.18098
1.15102
1.11948
1.08927
1.063
1.043
1.03128
1.02946
1.03832
1.05697
1.08257
1.11089
1.13748
1.15842
1.17076
1.17306
1.16561
1.15091
1.13366
1.11966
1.11383
1.11842
1.13232
1.15203
1.17299
1.19096
1.20289
1.20734
1.20455
1.19596
1.18369
1.17004
1.15727
1.14717
1.1409
1.13877
1.14052
1.14552
1.15291
1.16166
1.17073
1.17903
1.18548
1.18925
1.1899
1.18747
1.18246
1.17558
1.16725
1.15755
1.14633
1.13332
1.11845
1.10199
1.08475
1.06806
1.05353
1.04258
1.03656
1.0368
1.0444
1.05961
1.08137
1.10726
1.13371
1.15681
1.17311
1.18052
1.17888
1.17006
1.15754
1.14549
1.13756
1.1359
1.14061
1.15019
1.16209
1.17328
1.18104
1.18354
1.18053
1.17329
1.16435
1.15657
1.15214
1.15196
1.15555
1.16145
1.16815
1.17453
1.17993
1.18383
1.18575
1.18533
1.18275
1.17882
1.17424
1.16868
1.16087
1.14971
1.13565
1.12071
1.10791
1.10009
1.09898
1.10467
1.1156
1.12905
1.14177
1.15076
1.15369
1.14955
1.13904
1.12467
1.11026
1.10031
1.09863
1.10712
1.12514
1.14979
1.17679
1.20166
1.22053
1.23071
1.23089
1.22117
1.20292
1.17845
1.15069
1.12286
1.09815
1.07926
1.068
1.06489
1.06927
1.07944
1.09334
1.10897
1.12462
1.13917
1.15211
1.16335
1.17308
1.18141
1.18811
1.19274
1.19495
1.19464
1.19207
1.18761
1.18138
1.173
1.16223
1.14955
1.13687
1.12731
1.12413
1.12975
1.14488
1.16843
1.1977
1.22876
1.25697
1.27784
1.28785
1.2852
1.26979
1.24314
1.20799
1.168
1.12737
1.09023
1.06018
1.03939
1.02826
1.02534
1.02789
1.03274
1.03724
1.03997
1.04095
1.04107
1.0412
1.04175
1.04278
1.04476
1.04874
1.05637
1.06923
1.08812
1.11273
1.14181
1.17337
1.20471
1.23237
1.25257
1.26189
1.25808
1.24069
1.21125
1.17315
1.13157
1.09301
1.06444
1.05157
1.05686
1.07857
1.1115
1.14894
1.18454
1.21336
1.23237
1.24033
1.23784
1.22743
1.213
1.1989
1.18862
1.18376
1.18391
1.18734
1.19193
1.19579
1.19736
1.19562
1.19012
1.18121
1.17002
1.15825
1.1475
1.13895
1.13307
1.12965
1.12802
1.12707
1.12562
1.12294
1.11922
1.11544
1.11294
1.11294
1.11607
1.12227
1.13105
1.14153
1.15264
1.16314
1.17176
1.17711
1.17777
1.17224
1.15937
1.13903
1.11282
1.085
1.062
1.05086
1.05624
1.07846
1.11347
1.15451
1.19437
1.22704
1.24864
1.25777
1.25561
1.24513
1.23053
1.21585
1.2041
1.19674
1.19375
1.19395
1.19519
1.19483
1.19032
1.18018
1.16472
1.14618
1.12772
1.11216
1.10085
1.09355
1.08902
1.08596
1.08383
1.08327
1.08593
1.09375
1.10795
1.12826
1.15257
1.17745
1.19912
1.21443
1.22143
1.21954
1.20939
1.19247
1.17063
1.14582
1.11996
1.09497
1.07308
1.05693
1.04916
1.05192
1.06592
1.09003
1.12133
1.15588
1.1894
1.2178
1.23762
1.24629
1.24231
1.22556
1.19735
1.16079
1.12075
1.08336
1.05489
1.04009
1.04047
1.05387
1.07572
1.10104
1.12616
1.14893
1.16851
1.18491
1.19838
1.20921
1.21751
1.22337
1.22677
1.2276
1.226
1.22246
1.21796
1.21399
1.21189
1.21225
1.21457
1.21738
1.2188
1.21722
1.2113
1.20032
1.18418
1.1636
1.14044
1.11749
1.09748
1.08209
1.07142
1.06433
1.05929
1.05495
1.05069
1.04696
1.04524
1.04729
1.05406
1.06505
1.07832
1.09148
1.10283
1.11185
1.11886
1.12454
1.12933
1.13339
1.13667
1.13931
1.14181
1.14486
1.14893
1.15392
1.15884
1.16212
1.1621
1.15783
1.14966
1.13947
1.13029
1.1254
1.12722
1.1364
1.15177
1.17091
1.19086
1.20896
1.22316
1.23226
1.23578
1.23389
1.2273
1.21721
1.20511
1.1923
1.17945
1.16651
1.1531
1.13908
1.1249
1.11152
1.10021
1.09212
1.08825
1.08932
1.09583
1.10799
1.12543
1.14679
1.1694
1.18942
1.20263
1.20557
1.19653
1.176
1.14683
1.1137
1.08204
1.05686
1.04176
1.03818
1.0455
1.06158
1.08364
1.10923
1.13624
1.16263
1.18613
1.20449
1.21571
1.21851
1.21226
1.197
1.17399
1.14605
1.11765
1.09391
1.07876
1.07368
1.07744
1.08703
1.09881
1.1096
1.11721
1.12089
1.12125
1.11994
1.11905
1.12057
1.12582
1.13541
1.14928
1.16672
1.18655
1.2073
1.22721
1.24472
1.25863
1.2681
1.27249
1.27105
1.26284
1.24698
1.22311
1.19209
1.15634
1.11943
1.08563
1.05894
1.04233
1.03698
1.04209
1.05537
1.07358
1.09356
1.1128
1.12967
1.14318
1.1528
1.15815
1.15924
1.15648
1.15075
1.1432
1.13512
1.12769
1.12177
1.11779
1.11575
1.11534
1.11608
1.11755
1.11949
1.12181
1.12447
1.12733
1.13012
1.1323
1.13335
1.13279
1.1304
1.12639
1.1217
1.11777
1.11641
1.11928
1.12722
1.13956
1.15418
1.16806
1.17847
1.18374
1.18374
1.17957
1.17332
1.16734
1.16357
1.16321
1.16659
1.17328
1.1824
1.19279
1.20322
1.21253
1.21971
