0.743535
0.747001
0.750341
0.753295
0.755912
0.758743
0.762632
0.768287
0.775871
0.784747
0.793822
0.801938
0.808288
0.812581
0.815027
0.816006
0.815644
0.813672
0.809555
0.802809
0.793414
0.782006
0.769901
0.758747
0.750098
0.74491
0.743354
0.744909
0.748669
0.753858
0.759969
0.76673
0.77374
0.780116
0.784506
0.785581
0.78248
0.775146
0.764361
0.751459
0.738039
0.725694
0.715782
0.709227
0.706197
0.705934
0.706996
0.707847
0.707431
0.70548
0.702455
0.699304
0.697114
0.696846
0.699095
0.704103
0.711746
0.721697
0.733443
0.746456
0.760233
0.774351
0.78841
0.802041
0.814617
0.825262
0.832832
0.836124
0.834129
0.826604
0.814443
0.799804
0.785751
0.775268
0.770247
0.771052
0.776747
0.785573
0.795479
0.804453
0.810705
0.812784
0.809707
0.801206
0.78787
0.771085
0.752997
0.736025
0.722129
0.712239
0.706237
0.703546
0.703601
0.706094
0.710923
0.718057
0.727402
0.738592
0.75086
0.762989
0.773598
0.781603
0.78659
0.788857
0.789146
0.788336
0.787097
0.78588
0.784822
0.783822
0.78265
0.781126
0.7792
0.777229
0.775969
0.776083
0.77758
0.779557
0.78078
0.780333
0.778084
0.774552
0.770292
0.765684
0.760754
0.7555
0.750259
0.745679
0.742539
0.7413
0.742096
0.744793
0.749184
0.755061
0.762137
0.769788
0.776974
0.782532
0.78544
0.785198
0.781948
0.776395
0.769633
0.76301
0.757748
0.754769
0.754314
0.755877
0.758387
0.760692
0.761917
0.761588
0.759439
0.755227
0.748535
0.738991
0.72669
0.712812
0.699858
0.691287
0.69046
0.699186
0.716722
0.739921
0.764593
0.786831
0.803855
0.81428
0.817801
0.815024
0.807008
0.795088
0.78096
0.766861
0.755532
0.749638
0.750692
0.758267
0.770193
0.783607
0.79592
0.805417
0.811192
0.813061
0.81119
0.806019
0.79822
0.788603
0.778076
0.767507
0.757754
0.749614
0.743735
0.740547
0.740204
0.742561
0.747035
0.752446
0.757105
0.759165
0.757178
0.750508
0.739501
0.725566
0.710903
0.698077
0.689577
0.687432
0.6929
0.706387
0.727485
0.754876
0.786146
0.817945
0.846562
0.868752
0.88253
0.887597
0.885211
0.877551
0.866624
0.853485
0.838329
0.821013
0.802003
0.782935
0.766271
0.754421
0.748608
0.748237
0.751176
0.754538
0.755749
0.753195
0.746553
0.736738
0.725674
0.715854
0.709672
0.708772
0.713614
0.723453
0.736649
0.751288
0.765422
0.777246
0.785347
0.788978
0.7882
0.78368
0.776264
0.766501
0.754502
0.740165
0.723687
0.705956
0.688922
0.675319
0.6682
0.669885
0.680922
0.699636
0.722444
0.74499
0.763424
0.775394
0.780438
0.779832
0.775877
0.771037
0.76719
0.765408
0.766045
0.769039
0.774376
0.78232
0.79355
0.808785
0.8277
0.848041
0.866353
0.879567
0.886048
0.885584
0.878832
0.866798
0.850765
0.832063
0.811912
0.791294
0.770835
0.751059
0.732771
0.717223
0.70601
0.700402
0.700669
0.705843
0.714208
0.723952
0.733812
0.743099
0.751502
0.758794
0.764617
0.768501
0.77016
0.769485
0.766496
0.761249
0.753803
0.744443
0.733885
0.723394
0.714695
0.709466
0.708786
0.71282
0.720754
0.73113
0.742278
0.753038
0.763119
0.773156
0.784064
0.796044
0.808276
0.819153
0.826953
0.830415
0.828838
0.821837
0.809462
0.792251
0.771568
0.749755
0.72998
0.715348
0.707902
0.707919
0.714052
0.724051
0.735416
0.745981
0.754139
0.759262
0.761887
0.763837
0.767522
0.774717
0.785528
0.79813
0.8098
0.818248
0.822352
0.82215
0.818388
0.811905
0.803378
0.793468
0.7832
0.774176
0.768181
0.766444
0.768875
0.773944
0.779476
0.783496
0.784713
0.782434
0.776232
0.765958
0.751919
0.73538
0.718745
0.705067
0.69707
0.696062
0.701428
0.71113
0.722729
0.734299
0.744835
0.75424
0.762967
0.771516
0.780051
0.788247
0.795473
0.801022
0.804274
0.804534
0.800989
0.792968
0.780847
0.766911
0.755338
0.750314
0.753352
0.762606
0.774501
0.785733
0.794294
0.799184
0.80003
0.796933
0.790546
0.782088
0.773143
0.765354
0.759948
0.757467
0.757595
0.759348
0.761332
0.761931
0.759644
0.753574
0.744161
0.733547
0.725059
0.722184
0.727019
0.739459
0.757538
0.778232
0.798345
0.815085
0.826419
0.831291
0.829573
0.821851
0.809133
0.79265
0.77388
0.754432
0.735937
0.719803
0.707117
0.698676
0.695207
0.697251
0.704849
0.717268
0.732999
0.750026
0.766267
0.779993
0.790219
0.796667
0.799629
0.799757
0.797846
0.794632
0.790536
0.78555
0.779413
0.771994
0.764037
0.757769
0.756711
0.763775
0.778467
0.796428
0.812067
0.821406
0.822882
0.816801
0.804404
0.787323
0.767344
0.746323
0.726182
0.708668
0.695333
0.687519
0.686305
0.692212
0.704647
0.721711
0.740592
0.758321
0.772279
0.780508
0.78204
0.777071
0.767273
0.755775
0.746441
0.742554
0.745611
0.754881
0.768022
0.781994
0.793972
0.801929
0.804892
0.803032
0.797309
0.789125
0.780028
0.771515
0.764777
0.760597
0.759181
0.760347
0.763678
0.768604
0.774438
0.78049
0.786018
0.790318
0.792831
0.793264
0.791646
0.788309
0.783723
0.778166
0.771702
0.764221
0.75555
0.745634
0.734657
0.723169
0.712037
0.702354
0.695053
0.691038
0.691203
0.696265
0.706404
0.720914
0.738172
0.755809
0.771207
0.78207
0.787012
0.785921
0.780037
0.771697
0.763661
0.758376
0.757266
0.760405
0.766793
0.774726
0.782186
0.787359
0.789025
0.787017
0.782193
0.776235
0.771046
0.768094
0.767974
0.770366
0.774303
0.778765
0.783019
0.786618
0.789219
0.790503
0.790217
0.7885
0.785881
0.782828
0.77912
0.77391
0.766475
0.7571
0.747141
0.738609
0.733392
0.732654
0.736446
0.743734
0.752699
0.76118
0.767172
0.769124
0.766367
0.759362
0.749778
0.740174
0.733542
0.732418
0.738083
0.750095
0.766529
0.784527
0.80111
0.813686
0.82047
0.82059
0.814112
0.801949
0.785632
0.767126
0.748571
0.732102
0.719507
0.712002
0.70993
0.712844
0.719626
0.728896
0.73931
0.749745
0.759448
0.768071
0.775565
0.782051
0.787608
0.79207
0.795158
0.796636
0.796427
0.794712
0.791739
0.787585
0.782001
0.77482
0.766365
0.757911
0.75154
0.749419
0.753166
0.763257
0.778955
0.79847
0.819177
0.837981
0.851893
0.858568
0.856798
0.846526
0.828758
0.805326
0.778669
0.751579
0.726823
0.706784
0.692927
0.685506
0.68356
0.68526
0.688495
0.691491
0.693312
0.693969
0.694047
0.694134
0.6945
0.695188
0.696508
0.699161
0.704247
0.712822
0.725411
0.741817
0.761207
0.782247
0.803137
0.821582
0.835048
0.841259
0.838717
0.827128
0.807497
0.782097
0.75438
0.728671
0.709625
0.701044
0.704572
0.719045
0.741001
0.765963
0.789692
0.80891
0.821578
0.826887
0.825227
0.818287
0.808663
0.799265
0.792411
0.789171
0.789273
0.791559
0.794621
0.79719
0.798242
0.797077
0.793413
0.787475
0.780014
0.772169
0.764999
0.759298
0.755379
0.753103
0.752015
0.75138
0.750413
0.748627
0.746147
0.743624
0.74196
0.741963
0.744048
0.748182
0.754033
0.761019
0.768428
0.775429
0.781175
0.784741
0.785181
0.781492
0.772914
0.759351
0.741882
0.723331
0.708001
0.700573
0.70416
0.718972
0.742311
0.769671
0.796248
0.81803
0.832428
0.838517
0.837071
0.830085
0.820351
0.810567
0.802733
0.797824
0.795835
0.795968
0.796792
0.796553
0.793549
0.78679
0.776479
0.764119
0.751816
0.741437
0.733903
0.729035
0.726015
0.72397
0.722557
0.722181
0.723952
0.729166
0.738637
0.752173
0.768378
0.784969
0.799415
0.809618
0.814285
0.813029
0.806261
0.794978
0.780417
0.763879
0.74664
0.729978
0.715387
0.704619
0.699441
0.701278
0.710611
0.726683
0.747555
0.770584
0.792932
0.811865
0.825082
0.830858
0.828205
0.817037
0.798233
0.773861
0.747168
0.72224
0.703257
0.693391
0.693646
0.702583
0.717144
0.734028
0.750773
0.765955
0.779006
0.789938
0.798923
0.806138
0.811674
0.815577
0.817846
0.818402
0.817334
0.814971
0.811975
0.809325
0.807924
0.808166
0.809716
0.811587
0.812534
0.811479
0.807535
0.800212
0.789455
0.775733
0.760295
0.744994
0.731653
0.721394
0.714277
0.709553
0.706196
0.703299
0.700457
0.697977
0.696829
0.69819
0.702705
0.710037
0.718882
0.727655
0.735223
0.741235
0.745906
0.749692
0.752888
0.755593
0.757783
0.759538
0.761208
0.763238
0.765951
0.769278
0.77256
0.77475
0.774732
0.771888
0.766438
0.759645
0.753525
0.750265
0.751479
0.757599
0.767848
0.780604
0.793906
0.805972
0.81544
0.821508
0.823853
0.822592
0.8182
0.811475
0.803409
0.794868
0.786302
0.777672
0.768733
0.759387
0.749935
0.741016
0.733471
0.728079
0.7255
0.726211
0.73055
0.73866
0.750287
0.764524
0.779603
0.792949
0.801751
0.803713
0.797686
0.784
0.764554
0.742469
0.721361
0.704575
0.694509
0.692122
0.697
0.707719
0.722424
0.739488
0.75749
0.775089
0.790756
0.80299
0.810475
0.812339
0.808174
0.798003
0.782662
0.764032
0.745102
0.729276
0.719176
0.715785
0.718292
0.724683
0.732538
0.739731
0.744809
0.747259
0.747502
0.746623
0.746036
0.747045
0.750549
0.756941
0.766189
0.777811
0.791037
0.804869
0.818141
0.829811
0.839085
0.845397
0.848328
0.847369
0.841892
0.831321
0.815408
0.794726
0.770895
0.746288
0.72375
0.705961
0.694889
0.691317
0.694729
0.703582
0.71572
0.729042
0.741868
0.753113
0.762122
0.768531
0.772103
0.772826
0.770988
0.767164
0.762132
0.75675
0.751793
0.747849
0.745191
0.743834
0.743562
0.744057
0.745034
0.746328
0.747876
0.749647
0.751556
0.753414
0.754864
0.755568
0.755192
0.753597
0.750925
0.747802
0.74518
0.744271
0.746187
0.751479
0.759709
0.769451
0.778706
0.785649
0.789163
0.789158
0.786378
0.782215
0.778228
0.775712
0.775474
0.777725
0.782189
0.788268
0.795193
0.802147
0.808356
0.813141
