0.0230664           0           0
0.0461329           0           0
0.0691993           0           0
0.0922657           0           0
0.115332           0           0
0.138399           0           0
0.161465           0           0
0.184531           0           0
0.207598           0           0
0.230664           0           0
0.253731           0           0
0.276797           0           0
0.299864           0           0
0.32293           0           0
0.345996           0           0
0.369063           0           0
0.392129           0           0
0.415196           0           0
0.438262           0           0
0.461329           0           0
0.484395           0           0
0.507461           0           0
0.530528           0           0
0.553594           0           0
0.576661           0           0
0.599727           0           0
0.622794           0           0
0.64586           0           0
0.668926           0           0
0.691993           0           0
0.715059           0           0
0.738126           0           0
0.761192           0           0
0.784259           0           0
0.807325           0           0
0.830391           0           0
0.853458           0           0
0.876524           0           0
0.899591 6.99593e-05 6.99593e-05
0.922657  0.00319427  0.00103476
0.945724   0.0424006  0.00357585
0.96879    0.262153  0.00588312
0.991856    0.906639   0.0100655
1.01492     2.09226   0.0283231
1.03799     3.49329    0.021596
1.06106     4.44694   0.0305437
1.08412     4.71287   0.0383775
1.10719     4.38136   0.0353924
1.13026      3.5612   0.0272435
1.15332     2.58632   0.0106441
1.17639     1.73514   0.0153792
1.19945     1.07032   0.0168185
1.22252    0.624526   0.0148069
1.24559    0.325421  0.00944717
1.26865    0.163084  0.00860515
1.29172   0.0770741  0.00393465
1.31479   0.0420285  0.00301269
1.33785   0.0369678  0.00325504
1.36092   0.0557464   0.0035647
1.38399    0.103215  0.00599149
1.40705    0.183783  0.00360282
1.43012    0.300038  0.00539936
1.45319    0.449624  0.00728548
1.47625    0.611456  0.00847992
1.49932    0.775661   0.0101047
1.52238    0.896662   0.0093698
1.54545    0.945519   0.0130791
1.56852    0.884522   0.0118631
1.59158      0.7588   0.0072844
1.61465    0.615119  0.00735099
1.63772    0.470561  0.00749905
1.66078    0.314354  0.00699981
1.68385    0.214608  0.00514657
1.70692    0.174252  0.00591683
1.72998    0.228226  0.00542424
1.75305    0.404551  0.00953545
1.77612    0.721985  0.00955167
1.79918     1.15836  0.00759015
1.82225     1.69413   0.0137073
1.84531     2.18873   0.0111403
1.86838     2.55765   0.0170947
1.89145     2.69791   0.0224357
1.91451     2.51627   0.0217747
1.93758     2.11304  0.00827239
1.96065     1.66477   0.0128698
1.98371     1.18038   0.0117742
2.00678    0.771513   0.0100687
2.02985    0.519365  0.00711341
2.05291    0.408876  0.00637481
2.07598    0.442259  0.00490254
2.09905    0.568698  0.00257203
2.12211    0.741546  0.00682483
2.14518    0.892137  0.00716427
2.16824    0.991984  0.00718284
2.19131    0.992097  0.00933098
2.21438    0.911308  0.00767958
2.23744    0.776941  0.00636781
2.26051    0.637205  0.00549981
2.28358    0.558107  0.00674811
2.30664    0.557777  0.00736097
0.0230664           0           0
0.0461329           0           0
0.0691993           0           0
0.0922657           0           0
0.115332           0           0
0.138399           0           0
0.161465           0           0
0.184531           0           0
0.207598           0           0
0.230664           0           0
0.253731           0           0
0.276797           0           0
0.299864           0           0
0.32293           0           0
0.345996           0           0
0.369063           0           0
0.392129           0           0
0.415196           0           0
0.438262           0           0
0.461329           0           0
0.484395           0           0
0.507461           0           0
0.530528           0           0
0.553594           0           0
0.576661           0           0
0.599727           0           0
0.622794           0           0
0.64586           0           0
0.668926           0           0
0.691993           0           0
0.715059           0           0
0.738126           0           0
0.761192           0           0
0.784259           0           0
0.807325           0           0
0.830391           0           0
0.853458           0           0
0.876524           0           0
0.899591 4.19756e-05 2.29236e-05
0.922657  0.00258204 0.000348997
0.945724   0.0390351 0.000738517
0.96879     0.25565  0.00240887
0.991856     0.92109  0.00354504
1.01492     2.11383  0.00738952
1.03799     3.48171  0.00666184
1.06106     4.45983  0.00687205
1.08412     4.73656   0.0142926
1.10719     4.33608  0.00918845
1.13026     3.52813   0.0087722
1.15332      2.5921  0.00718766
1.17639     1.74451   0.0061489
1.19945     1.08917  0.00443386
1.22252     0.62009  0.00386466
1.24559    0.325951  0.00217637
1.26865     0.16493  0.00180752
1.29172   0.0799737  0.00153114
1.31479   0.0424643  0.00122661
1.33785   0.0363139  0.00126153
1.36092   0.0538964  0.00118477
1.38399    0.096538  0.00162754
1.40705    0.173659  0.00182065
1.43012    0.288726  0.00273955
1.45319    0.442255  0.00335794
1.47625     0.60816  0.00393266
1.49932    0.776142  0.00327853
1.52238    0.905704  0.00366315
1.54545    0.949786  0.00614157
1.56852    0.906311  0.00568821
1.59158    0.786997  0.00422054
1.61465    0.625821  0.00256971
1.63772     0.45407  0.00247769
1.66078    0.302017  0.00246333
1.68385    0.206566  0.00251613
1.70692    0.177353   0.0031988
1.72998    0.235555  0.00267506
1.75305    0.406274  0.00251992
1.77612    0.719469  0.00377499
1.79918     1.16452  0.00345376
1.82225     1.68703   0.0046067
1.84531     2.18795  0.00365303
1.86838     2.55606  0.00472008
1.89145     2.67165  0.00646465
1.91451     2.51302  0.00707086
1.93758     2.14382  0.00535721
1.96065     1.65567  0.00411286
1.98371     1.16821  0.00249525
2.00678    0.774229  0.00366091
2.02985    0.517468  0.00304201
2.05291    0.413291  0.00368607
2.07598    0.445927  0.00313854
2.09905    0.571203  0.00245704
2.12211    0.743461    0.001662
2.14518    0.893434  0.00227482
2.16824    0.988555  0.00202762
2.19131    0.994268  0.00311975
2.21438     0.90832  0.00269557
2.23744    0.774526  0.00249623
2.26051    0.643459  0.00282177
2.28358    0.553183  0.00366098
2.30664    0.555163  0.00440482
0.0230664           0           0
0.0461329           0           0
0.0691993           0           0
0.0922657           0           0
0.115332           0           0
0.138399           0           0
0.161465           0           0
0.184531           0           0
0.207598           0           0
0.230664           0           0
0.253731           0           0
0.276797           0           0
0.299864           0           0
0.32293           0           0
0.345996           0           0
0.369063           0           0
0.392129           0           0
0.415196           0           0
0.438262           0           0
0.461329           0           0
0.484395           0           0
0.507461           0           0
0.530528           0           0
0.553594           0           0
0.576661           0           0
0.599727           0           0
0.622794           0           0
0.64586           0           0
0.668926           0           0
0.691993           0           0
0.715059           0           0
0.738126           0           0
0.761192           0           0
0.784259           0           0
0.807325           0           0
0.830391           0           0
0.853458           0           0
0.876524           0           0
0.899591 3.49796e-05 2.46038e-05
0.922657  0.00273509 0.000286512
0.945724    0.043459  0.00133257
0.96879     0.27552  0.00310006
0.991856    0.966834  0.00284302
1.01492      2.1513  0.00862536
1.03799     3.46891  0.00699821
1.06106     4.43533   0.0133815
1.08412     4.68951   0.0103048
1.10719     4.28213   0.0144784
1.13026     3.49918  0.00906683
1.15332      2.5756  0.00961243
1.17639      1.7533  0.00503178
1.19945      1.0965  0.00484964
1.22252    0.637992  0.00374685
1.24559    0.344531  0.00328703
1.26865    0.174211  0.00297246
1.29172   0.0877495  0.00240942
1.31479   0.0485656  0.00143245
1.33785   0.0399597  0.00139609
1.36092   0.0614166  0.00192614
1.38399    0.107298   0.0023812
1.40705    0.183304  0.00270364
1.43012    0.295749  0.00240274
1.45319    0.444868  0.00233065
1.47625    0.610952  0.00287105
1.49932    0.765438  0.00365316
1.52238     0.88275  0.00479517
1.54545    0.933025  0.00508868
1.56852    0.895626  0.00469773
1.59158    0.779094  0.00415359
1.61465    0.619055  0.00258446
1.63772     0.45447  0.00171758
1.66078    0.311557  0.00226209
1.68385    0.219005  0.00316332
1.70692     0.19363  0.00325599
1.72998    0.254239  0.00355198
1.75305    0.427792  0.00476419
1.77612    0.736697  0.00459384
1.79918     1.17003  0.00396017
1.82225     1.68517  0.00244233
1.84531     2.17821  0.00605905
1.86838     2.52561  0.00789761
1.89145     2.63733  0.00737719
1.91451     2.48293  0.00731242
1.93758     2.12192  0.00469925
1.96065     1.64844   0.0039011
1.98371     1.17773  0.00295329
2.00678    0.788666  0.00368358
2.02985    0.539149  0.00401782
2.05291    0.432278  0.00390896
2.07598    0.457515  0.00306002
2.09905    0.578156  0.00187868
2.12211    0.744009  0.00185267
2.14518    0.899351  0.00214992
2.16824    0.980442  0.00340015
2.19131    0.981087  0.00321791
2.21438    0.897876  0.00251689
2.23744    0.774092  0.00175647
2.26051    0.650918   0.0021866
2.28358     0.57157  0.00377829
2.30664    0.572277  0.00485627
0.0230664           0           0
0.0461329           0           0
0.0691993           0           0
0.0922657           0           0
0.115332           0           0
0.138399           0           0
0.161465           0           0
0.184531           0           0
0.207598           0           0
0.230664           0           0
0.253731           0           0
0.276797           0           0
0.299864           0           0
0.32293           0           0
0.345996           0           0
0.369063           0           0
0.392129           0           0
0.415196           0           0
0.438262           0           0
0.461329           0           0
0.484395           0           0
0.507461           0           0
0.530528           0           0
0.553594           0           0
0.576661           0           0
0.599727           0           0
0.622794           0           0
0.64586           0           0
0.668926           0           0
0.691993           0           0
0.715059           0           0
0.738126           0           0
0.761192           0           0
0.784259           0           0
0.807325           0           0
0.830391           0           0
0.853458           0           0
0.876524           0           0
0.899591 3.49796e-05 2.46038e-05
0.922657  0.00273509 0.000286512
0.945724    0.043459  0.00133257
0.96879     0.27552  0.00310006
0.991856    0.966834  0.00284302
1.01492      2.1513  0.00862536
1.03799     3.46891  0.00699821
1.06106     4.43533   0.0133815
1.08412     4.68951   0.0103048
1.10719     4.28213   0.0144784
1.13026     3.49918  0.00906683
1.15332      2.5756  0.00961243
1.17639      1.7533  0.00503178
1.19945      1.0965  0.00484964
1.22252    0.637992  0.00374685
1.24559    0.344531  0.00328703
1.26865    0.174211  0.00297246
1.29172   0.0877495  0.00240942
1.31479   0.0485656  0.00143245
1.33785   0.0399597  0.00139609
1.36092   0.0614166  0.00192614
1.38399    0.107298   0.0023812
1.40705    0.183304  0.00270364
1.43012    0.295749  0.00240274
1.45319    0.444868  0.00233065
1.47625    0.610952  0.00287105
1.49932    0.765438  0.00365316
1.52238     0.88275  0.00479517
1.54545    0.933025  0.00508868
1.56852    0.895626  0.00469773
1.59158    0.779094  0.00415359
1.61465    0.619055  0.00258446
1.63772     0.45447  0.00171758
1.66078    0.311557  0.00226209
1.68385    0.219005  0.00316332
1.70692     0.19363  0.00325599
1.72998    0.254239  0.00355198
1.75305    0.427792  0.00476419
1.77612    0.736697  0.00459384
1.79918     1.17003  0.00396017
1.82225     1.68517  0.00244233
1.84531     2.17821  0.00605905
1.86838     2.52561  0.00789761
1.89145     2.63733  0.00737719
1.91451     2.48293  0.00731242
1.93758     2.12192  0.00469925
1.96065     1.64844   0.0039011
1.98371     1.17773  0.00295329
2.00678    0.788666  0.00368358
2.02985    0.539149  0.00401782
2.05291    0.432278  0.00390896
2.07598    0.457515  0.00306002
2.09905    0.578156  0.00187868
2.12211    0.744009  0.00185267
2.14518    0.899351  0.00214992
2.16824    0.980442  0.00340015
2.19131    0.981087  0.00321791
2.21438    0.897876  0.00251689
2.23744    0.774092  0.00175647
2.26051    0.650918   0.0021866
2.28358     0.57157  0.00377829
2.30664    0.572277  0.00485627
