1     9.95013     9.95013           0
2     9.97543     9.96278   0.0126472
3     9.99121     9.97226    0.011964
4     10.0519     9.99217    0.021634
5     9.99925     9.99359   0.0168174
6     10.0056     9.99559   0.0138774
7     9.98283     9.99377   0.0118695
8     10.0045     9.99511   0.0103668
9      9.9953     9.99514  0.00914269
10     9.99426     9.99505  0.00817794
1     9.99359     9.99359           0
2     9.99651     9.99505  0.00146162
3     10.0169     10.0023  0.00732379
4     10.0094     10.0041  0.00547048
5     10.0246     10.0082  0.00589859
6     9.99786     10.0065  0.00511453
7     10.0056     10.0063  0.00432448
8     10.0083     10.0066  0.00375305
9     10.0155     10.0076  0.00345348
10     10.0023      10.007  0.00313312
11     10.0093     10.0072  0.00284111
12     9.99982     10.0066  0.00266636
13     9.98653     10.0051  0.00289904
14     10.0213     10.0062  0.00292335
15     9.99229     10.0053  0.00287604
16     10.0094     10.0056  0.00270225
17     9.98797     10.0045   0.0027411
18     10.0219     10.0055  0.00275892
19      10.034      10.007  0.00301068
20     9.99065     10.0062  0.00297077
