1   0.0230664           0
1   0.0461329           0
1   0.0691993           0
1   0.0922657           0
1    0.115332           0
1    0.138399           0
1    0.161465           0
1    0.184531           0
1    0.207598           0
1    0.230664           0
1    0.253731           0
1    0.276797           0
1    0.299864           0
1     0.32293           0
1    0.345996           0
1    0.369063           0
1    0.392129           0
1    0.415196           0
1    0.438262           0
1    0.461329           0
1    0.484395           0
1    0.507461           0
1    0.530528           0
1    0.553594           0
1    0.576661           0
1    0.599727           0
1    0.622794           0
1     0.64586           0
1    0.668926           0
1    0.691993           0
1    0.715059           0
1    0.738126           0
1    0.761192           0
1    0.784259           0
1    0.807325           0
1    0.830391           0
1    0.853458           0
1    0.876524           0
1    0.899591           0
1    0.922657  0.00199642
1    0.945724   0.0304219
1     0.96879    0.267108
1    0.991856    0.920657
1     1.01492     2.11062
1     1.03799      3.3349
1     1.06106     4.51616
1     1.08412     4.65022
1     1.10719      4.6029
1     1.13026     3.37236
1     1.15332     2.61307
1     1.17639     1.72403
1     1.19945     1.12552
1     1.22252     0.65023
1     1.24559     0.32046
1     1.26865    0.155926
1     1.29172   0.0697565
1     1.31479   0.0392883
1     1.33785   0.0459307
1     1.36092   0.0699913
1     1.38399    0.113027
1     1.40705    0.180955
1     1.43012    0.271339
1     1.45319    0.483219
1     1.47625    0.631292
1     1.49932     0.76584
1     1.52238    0.897501
1     1.54545    0.945615
1     1.56852     0.84423
1     1.59158    0.745987
1     1.61465    0.591663
1     1.63772    0.471244
1     1.66078    0.322308
1     1.68385    0.218225
1     1.70692    0.173268
1     1.72998      0.2545
1     1.75305    0.432921
1     1.77612    0.733689
1     1.79918     1.14344
1     1.82225     1.64923
1     1.84531     2.15445
1     1.86838     2.52163
1     1.89145     2.85187
1     1.91451     2.42889
1     1.93758     2.09916
1     1.96065     1.74021
1     1.98371     1.17164
1     2.00678    0.734686
1     2.02985    0.530584
1     2.05291    0.405414
1     2.07598    0.434356
1     2.09905    0.573809
1     2.12211    0.720687
1     2.14518    0.875792
1     2.16824    0.982523
1     2.19131     1.05757
1     2.21438    0.926278
1     2.23744     0.74317
1     2.26051    0.638037
1     2.28358    0.566619
1     2.30664    0.574097
2   0.0230664           0
2   0.0461329           0
2   0.0691993           0
2   0.0922657           0
2    0.115332           0
2    0.138399           0
2    0.161465           0
2    0.184531           0
2    0.207598           0
2    0.230664           0
2    0.253731           0
2    0.276797           0
2    0.299864           0
2     0.32293           0
2    0.345996           0
2    0.369063           0
2    0.392129           0
2    0.415196           0
2    0.438262           0
2    0.461329           0
2    0.484395           0
2    0.507461           0
2    0.530528           0
2    0.553594           0
2    0.576661           0
2    0.599727           0
2    0.622794           0
2     0.64586           0
2    0.668926           0
2    0.691993           0
2    0.715059           0
2    0.738126           0
2    0.761192           0
2    0.784259           0
2    0.807325           0
2    0.830391           0
2    0.853458           0
2    0.876524           0
2    0.899591           0
2    0.922657  0.00432558
2    0.945724    0.039295
2     0.96879    0.258345
2    0.991856    0.915754
2     1.01492     2.05302
2     1.03799     3.46777
2     1.06106     4.53912
2     1.08412     4.63812
2     1.10719     4.44048
2     1.13026     3.45722
2     1.15332     2.59959
2     1.17639     1.73864
2     1.19945     1.13226
2     1.22252    0.663196
2     1.24559     0.29841
2     1.26865    0.152382
2     1.29172   0.0719791
2     1.31479   0.0419295
2     1.33785   0.0505556
2     1.36092    0.067833
2     1.38399     0.11243
2     1.40705    0.192499
2     1.43012    0.301519
2     1.45319      0.4797
2     1.47625     0.61345
2     1.49932    0.738997
2     1.52238     0.86751
2     1.54545     0.91998
2     1.56852     0.87645
2     1.59158    0.765648
2     1.61465    0.601656
2     1.63772    0.479358
2     1.66078    0.320958
2     1.68385    0.209638
2     1.70692    0.181135
2     1.72998    0.232861
2     1.75305    0.426952
2     1.77612    0.729691
2     1.79918     1.16859
2     1.82225      1.6836
2     1.84531     2.17373
2     1.86838     2.51012
2     1.89145     2.74097
2     1.91451     2.49363
2     1.93758     2.12378
2     1.96065     1.68824
2     1.98371     1.16318
2     2.00678    0.771114
2     2.02985    0.543685
2     2.05291    0.402348
2     2.07598    0.430757
2     2.09905    0.569963
2     2.12211    0.744352
2     2.14518    0.899391
2     2.16824    0.977879
2     2.19131     1.00425
2     2.21438    0.909456
2     2.23744    0.763494
2     2.26051    0.639331
2     2.28358    0.571305
2     2.30664    0.563397
3   0.0230664           0
3   0.0461329           0
3   0.0691993           0
3   0.0922657           0
3    0.115332           0
3    0.138399           0
3    0.161465           0
3    0.184531           0
3    0.207598           0
3    0.230664           0
3    0.253731           0
3    0.276797           0
3    0.299864           0
3     0.32293           0
3    0.345996           0
3    0.369063           0
3    0.392129           0
3    0.415196           0
3    0.438262           0
3    0.461329           0
3    0.484395           0
3    0.507461           0
3    0.530528           0
3    0.553594           0
3    0.576661           0
3    0.599727           0
3    0.622794           0
3     0.64586           0
3    0.668926           0
3    0.691993           0
3    0.715059           0
3    0.738126           0
3    0.761192           0
3    0.784259           0
3    0.807325           0
3    0.830391           0
3    0.853458           0
3    0.876524           0
3    0.899591           0
3    0.922657  0.00399284
3    0.945724   0.0430977
3     0.96879    0.264288
3    0.991856    0.901813
3     1.01492     2.05623
3     1.03799     3.48517
3     1.06106     4.52238
3     1.08412     4.66473
3     1.10719     4.41372
3     1.13026     3.50897
3     1.15332     2.59838
3     1.17639      1.7276
3     1.19945     1.11048
3     1.22252     0.64756
3     1.24559    0.307843
3     1.26865    0.150964
3     1.29172    0.072606
3     1.31479   0.0411591
3     1.33785   0.0469939
3     1.36092   0.0615636
3     1.38399    0.105372
3     1.40705     0.19019
3     1.43012    0.298073
3     1.45319     0.46806
3     1.47625    0.612838
3     1.49932    0.751677
3     1.52238    0.877754
3     1.54545    0.937789
3     1.56852    0.871138
3     1.59158    0.763463
3     1.61465    0.614943
3     1.63772    0.490532
3     1.66078    0.320508
3     1.68385    0.209604
3     1.70692    0.168811
3     1.72998    0.225839
3     1.75305    0.402082
3     1.77612    0.712728
3     1.79918     1.15253
3     1.82225     1.71791
3     1.84531     2.16736
3     1.86838     2.55329
3     1.89145     2.73875
3     1.91451     2.51573
3     1.93758     2.12607
3     1.96065     1.66972
3     1.98371     1.16556
3     2.00678    0.761063
3     2.02985     0.52329
3     2.05291    0.403506
3     2.07598     0.43591
3     2.09905    0.566682
3     2.12211    0.749434
3     2.14518    0.887737
3     2.16824    0.983664
3     2.19131     1.00746
3     2.21438    0.914321
3     2.23744    0.771494
3     2.26051    0.631887
3     2.28358    0.553241
3     2.30664    0.559903
4   0.0230664           0
4   0.0461329           0
4   0.0691993           0
4   0.0922657           0
4    0.115332           0
4    0.138399           0
4    0.161465           0
4    0.184531           0
4    0.207598           0
4    0.230664           0
4    0.253731           0
4    0.276797           0
4    0.299864           0
4     0.32293           0
4    0.345996           0
4    0.369063           0
4    0.392129           0
4    0.415196           0
4    0.438262           0
4    0.461329           0
4    0.484395           0
4    0.507461           0
4    0.530528           0
4    0.553594           0
4    0.576661           0
4    0.599727           0
4    0.622794           0
4     0.64586           0
4    0.668926           0
4    0.691993           0
4    0.715059           0
4    0.738126           0
4    0.761192           0
4    0.784259           0
4    0.807325           0
4    0.830391           0
4    0.853458           0
4    0.876524           0
4    0.899591           0
4    0.922657  0.00432558
4    0.945724   0.0461082
4     0.96879    0.262878
4    0.991856    0.900179
4     1.01492     2.04819
4     1.03799     3.48688
4     1.06106     4.51881
4     1.08412     4.73391
4     1.10719     4.39095
4     1.13026     3.52037
4     1.15332     2.58054
4     1.17639     1.72105
4     1.19945     1.09137
4     1.22252    0.630494
4     1.24559     0.32193
4     1.26865    0.150787
4     1.29172   0.0755695
4     1.31479   0.0397835
4     1.33785   0.0423423
4     1.36092   0.0545747
4     1.38399   0.0999795
4     1.40705    0.187521
4     1.43012    0.296489
4     1.45319    0.456216
4     1.47625    0.611547
4     1.49932     0.76126
4     1.52238    0.888553
4     1.54545    0.961906
4     1.56852    0.889303
4     1.59158    0.765309
4     1.61465    0.620928
4     1.63772    0.475941
4     1.66078    0.307875
4     1.68385    0.202616
4     1.70692    0.166926
4     1.72998    0.221036
4     1.75305    0.390067
4     1.77612    0.710699
4     1.79918     1.15442
4     1.82225      1.6969
4     1.84531     2.19117
4     1.86838     2.57742
4     1.89145     2.73327
4     1.91451     2.54436
4     1.93758     2.11911
4     1.96065     1.65808
4     1.98371     1.16296
4     2.00678    0.763094
4     2.02985    0.516926
4     2.05291    0.404256
4     2.07598    0.435055
4     2.09905    0.567257
4     2.12211    0.751943
4     2.14518    0.886125
4     2.16824     0.98344
4     2.19131     1.00062
4     2.21438    0.909867
4     2.23744    0.768633
4     2.26051    0.631793
4     2.28358    0.547104
4     2.30664     0.54751
5   0.0230664           0
5   0.0461329           0
5   0.0691993           0
5   0.0922657           0
5    0.115332           0
5    0.138399           0
5    0.161465           0
5    0.184531           0
5    0.207598           0
5    0.230664           0
5    0.253731           0
5    0.276797           0
5    0.299864           0
5     0.32293           0
5    0.345996           0
5    0.369063           0
5    0.392129           0
5    0.415196           0
5    0.438262           0
5    0.461329           0
5    0.484395           0
5    0.507461           0
5    0.530528           0
5    0.553594           0
5    0.576661           0
5    0.599727           0
5    0.622794           0
5     0.64586           0
5    0.668926           0
5    0.691993           0
5    0.715059           0
5    0.738126           0
5    0.761192           0
5    0.784259           0
5    0.807325           0
5    0.830391           0
5    0.853458           0
5    0.876524           0
5    0.899591 0.000139919
5    0.922657  0.00545688
5    0.945724   0.0449991
5     0.96879    0.265537
5    0.991856    0.893891
5     1.01492     2.05043
5     1.03799      3.4858
5     1.06106     4.49808
5     1.08412     4.76149
5     1.10719     4.39278
5     1.13026     3.55037
5     1.15332     2.57686
5     1.17639     1.71102
5     1.19945     1.06723
5     1.22252    0.613771
5     1.24559    0.319431
5     1.26865    0.162304
5     1.29172   0.0794677
5     1.31479   0.0419295
5     1.33785   0.0400618
5     1.36092   0.0527864
5     1.38399   0.0965051
5     1.40705    0.187708
5     1.43012    0.298501
5     1.45319    0.455228
5     1.47625    0.620639
5     1.49932    0.763855
5     1.52238    0.885357
5     1.54545       0.954
5     1.56852    0.895968
5     1.59158    0.764834
5     1.61465    0.623992
5     1.63772    0.480169
5     1.66078    0.312132
5     1.68385    0.202788
5     1.70692    0.166542
5     1.72998    0.221486
5     1.75305    0.394833
5     1.77612    0.708281
5     1.79918     1.15449
5     1.82225     1.69116
5     1.84531     2.18959
5     1.86838     2.57576
5     1.89145     2.73794
5     1.91451     2.54396
5     1.93758     2.11347
5     1.96065     1.64891
5     1.98371     1.16111
5     2.00678    0.761034
5     2.02985    0.520661
5     2.05291    0.407785
5     2.07598    0.434196
5     2.09905    0.565152
5     2.12211    0.753015
5     2.14518    0.892649
5     2.16824    0.994429
5     2.19131    0.994347
5     2.21438    0.905014
5     2.23744    0.767812
5     2.26051    0.627034
5     2.28358     0.54911
5     2.30664    0.546278
6   0.0230664           0
6   0.0461329           0
6   0.0691993           0
6   0.0922657           0
6    0.115332           0
6    0.138399           0
6    0.161465           0
6    0.184531           0
6    0.207598           0
6    0.230664           0
6    0.253731           0
6    0.276797           0
6    0.299864           0
6     0.32293           0
6    0.345996           0
6    0.369063           0
6    0.392129           0
6    0.415196           0
6    0.438262           0
6    0.461329           0
6    0.484395           0
6    0.507461           0
6    0.530528           0
6    0.553594           0
6    0.576661           0
6    0.599727           0
6    0.622794           0
6     0.64586           0
6    0.668926           0
6    0.691993           0
6    0.715059           0
6    0.738126           0
6    0.761192           0
6    0.784259           0
6    0.807325           0
6    0.830391           0
6    0.853458           0
6    0.876524           0
6    0.899591 0.000116599
6    0.922657  0.00499105
6    0.945724   0.0427808
6     0.96879    0.263482
6    0.991856    0.889699
6     1.01492      2.0724
6     1.03799     3.49088
6     1.06106     4.50143
6     1.08412      4.7502
6     1.10719     4.36685
6     1.13026      3.5429
6     1.15332     2.58818
6     1.17639     1.71772
6     1.19945     1.06678
6     1.22252    0.622581
6     1.24559    0.316479
6     1.26865    0.162009
6     1.29172    0.078533
6     1.31479   0.0441305
6     1.33785   0.0401893
6     1.36092   0.0534442
6     1.38399   0.0950836
6     1.40705    0.185284
6     1.43012    0.302404
6     1.45319    0.455878
6     1.47625    0.620053
6     1.49932    0.759691
6     1.52238    0.887957
6     1.54545    0.946373
6     1.56852    0.895216
6     1.59158    0.770657
6     1.61465    0.623216
6     1.63772    0.477187
6     1.66078    0.316736
6     1.68385    0.205125
6     1.70692     0.16586
6     1.72998    0.222424
6     1.75305    0.397792
6     1.77612    0.710577
6     1.79918     1.15791
6     1.82225     1.69275
6     1.84531     2.18957
6     1.86838     2.56712
6     1.89145     2.72269
6     1.91451     2.53037
6     1.93758     2.11664
6     1.96065      1.6594
6     1.98371     1.17733
6     2.00678    0.762179
6     2.02985    0.516415
6     2.05291     0.40278
6     2.07598    0.433711
6     2.09905    0.566399
6     2.12211    0.750008
6     2.14518      0.8914
6     2.16824    0.994564
6     2.19131    0.991897
6     2.21438     0.91479
6     2.23744    0.774059
6     2.26051    0.626393
6     2.28358     0.55122
6     2.30664     0.54706
7   0.0230664           0
7   0.0461329           0
7   0.0691993           0
7   0.0922657           0
7    0.115332           0
7    0.138399           0
7    0.161465           0
7    0.184531           0
7    0.207598           0
7    0.230664           0
7    0.253731           0
7    0.276797           0
7    0.299864           0
7     0.32293           0
7    0.345996           0
7    0.369063           0
7    0.392129           0
7    0.415196           0
7    0.438262           0
7    0.461329           0
7    0.484395           0
7    0.507461           0
7    0.530528           0
7    0.553594           0
7    0.576661           0
7    0.599727           0
7    0.622794           0
7     0.64586           0
7    0.668926           0
7    0.691993           0
7    0.715059           0
7    0.738126           0
7    0.761192           0
7    0.784259           0
7    0.807325           0
7    0.830391           0
7    0.853458           0
7    0.876524           0
7    0.899591 9.99418e-05
7    0.922657  0.00427804
7    0.945724   0.0435504
7     0.96879    0.262533
7    0.991856    0.890413
7     1.01492     2.08258
7     1.03799     3.49225
7     1.06106     4.49055
7     1.08412     4.71712
7     1.10719     4.39037
7     1.13026       3.551
7     1.15332     2.58513
7     1.17639     1.71856
7     1.19945     1.07082
7     1.22252    0.618304
7     1.24559    0.316418
7     1.26865    0.168987
7     1.29172   0.0790378
7     1.31479   0.0414579
7     1.33785   0.0371364
7     1.36092   0.0532093
7     1.38399    0.102163
7     1.40705    0.185861
7     1.43012    0.302038
7     1.45319    0.450502
7     1.47625    0.610901
7     1.49932    0.763114
7     1.52238    0.895526
7     1.54545    0.947942
7     1.56852    0.898467
7     1.59158    0.766229
7     1.61465     0.62012
7     1.63772    0.476674
7     1.66078    0.311687
7     1.68385    0.208642
7     1.70692    0.169054
7     1.72998    0.223122
7     1.75305     0.39948
7     1.77612    0.709102
7     1.79918     1.15326
7     1.82225     1.69534
7     1.84531      2.1865
7     1.86838      2.5686
7     1.89145     2.71711
7     1.91451     2.53245
7     1.93758     2.11198
7     1.96065     1.66181
7     1.98371     1.18123
7     2.00678    0.769006
7     2.02985    0.516468
7     2.05291    0.400177
7     2.07598    0.435041
7     2.09905    0.566489
7     2.12211    0.745984
7     2.14518    0.896573
7     2.16824    0.993542
7     2.19131    0.990814
7     2.21438    0.911993
7     2.23744    0.772139
7     2.26051    0.630001
7     2.28358    0.550459
7     2.30664    0.547819
8   0.0230664           0
8   0.0461329           0
8   0.0691993           0
8   0.0922657           0
8    0.115332           0
8    0.138399           0
8    0.161465           0
8    0.184531           0
8    0.207598           0
8    0.230664           0
8    0.253731           0
8    0.276797           0
8    0.299864           0
8     0.32293           0
8    0.345996           0
8    0.369063           0
8    0.392129           0
8    0.415196           0
8    0.438262           0
8    0.461329           0
8    0.484395           0
8    0.507461           0
8    0.530528           0
8    0.553594           0
8    0.576661           0
8    0.599727           0
8    0.622794           0
8     0.64586           0
8    0.668926           0
8    0.691993           0
8    0.715059           0
8    0.738126           0
8    0.761192           0
8    0.784259           0
8    0.807325           0
8    0.830391           0
8    0.853458           0
8    0.876524           0
8    0.899591 8.74491e-05
8    0.922657  0.00399284
8    0.945724   0.0453952
8     0.96879      0.2625
8    0.991856    0.895203
8     1.01492     2.08554
8     1.03799     3.48655
8     1.06106     4.47224
8     1.08412     4.72242
8     1.10719     4.38538
8     1.13026     3.54643
8     1.15332     2.58835
8     1.17639     1.73499
8     1.19945      1.0783
8     1.22252     0.62096
8     1.24559    0.316234
8     1.26865      0.1635
8     1.29172   0.0752703
8     1.31479   0.0401962
8     1.33785   0.0361624
8     1.36092    0.053881
8     1.38399    0.103484
8     1.40705     0.18716
8     1.43012    0.301484
8     1.45319    0.447113
8     1.47625    0.612171
8     1.49932    0.770992
8     1.52238    0.894447
8     1.54545     0.94274
8     1.56852    0.894566
8     1.59158    0.765619
8     1.61465    0.619693
8     1.63772    0.475114
8     1.66078    0.313949
8     1.68385    0.210471
8     1.70692    0.168475
8     1.72998    0.223022
8     1.75305    0.398064
8     1.77612    0.709722
8     1.79918     1.15394
8     1.82225     1.69146
8     1.84531      2.1925
8     1.86838     2.56809
8     1.89145     2.71433
8     1.91451     2.53549
8     1.93758     2.11713
8     1.96065     1.66353
8     1.98371      1.1748
8     2.00678    0.764003
8     2.02985    0.517187
8     2.05291    0.404937
8     2.07598    0.438104
8     2.09905    0.566964
8     2.12211    0.740413
8     2.14518    0.896082
8     2.16824     0.99108
8     2.19131    0.991813
8     2.21438    0.909222
8     2.23744      0.7737
8     2.26051    0.632145
8     2.28358    0.554229
8     2.30664    0.553684
9   0.0230664           0
9   0.0461329           0
9   0.0691993           0
9   0.0922657           0
9    0.115332           0
9    0.138399           0
9    0.161465           0
9    0.184531           0
9    0.207598           0
9    0.230664           0
9    0.253731           0
9    0.276797           0
9    0.299864           0
9     0.32293           0
9    0.345996           0
9    0.369063           0
9    0.392129           0
9    0.415196           0
9    0.438262           0
9    0.461329           0
9    0.484395           0
9    0.507461           0
9    0.530528           0
9    0.553594           0
9    0.576661           0
9    0.599727           0
9    0.622794           0
9     0.64586           0
9    0.668926           0
9    0.691993           0
9    0.715059           0
9    0.738126           0
9    0.761192           0
9    0.784259           0
9    0.807325           0
9    0.830391           0
9    0.853458           0
9    0.876524           0
9    0.899591 7.77325e-05
9    0.922657  0.00354919
9    0.945724   0.0442949
9     0.96879    0.266168
9    0.991856    0.901236
9     1.01492     2.07289
9     1.03799     3.49167
9     1.06106     4.47005
9     1.08412     4.71564
9     1.10719      4.3881
9     1.13026     3.55075
9     1.15332     2.58939
9     1.17639      1.7377
9     1.19945     1.07303
9     1.22252    0.617475
9     1.24559    0.319807
9     1.26865     0.16447
9     1.29172   0.0760254
9     1.31479    0.041526
9     1.33785   0.0366099
9     1.36092   0.0555683
9     1.38399    0.104014
9     1.40705    0.185797
9     1.43012    0.300091
9     1.45319     0.44935
9     1.47625    0.613566
9     1.49932     0.77466
9     1.52238    0.893195
9     1.54545    0.942979
9     1.56852    0.890162
9     1.59158    0.760701
9     1.61465    0.613894
9     1.63772    0.472976
9     1.66078    0.315063
9     1.68385    0.213533
9     1.70692    0.172984
9     1.72998    0.225754
9     1.75305    0.402145
9     1.77612    0.716504
9     1.79918     1.15511
9     1.82225     1.69342
9     1.84531     2.19188
9     1.86838     2.55968
9     1.89145     2.70673
9     1.91451     2.52657
9     1.93758     2.11342
9     1.96065     1.66573
9     1.98371     1.17733
9     2.00678    0.767494
9     2.02985    0.519481
9     2.05291     0.40546
9     2.07598    0.438398
9     2.09905     0.56674
9     2.12211    0.741737
9     2.14518      0.8938
9     2.16824    0.994693
9     2.19131    0.993639
9     2.21438    0.909632
9     2.23744    0.773842
9     2.26051    0.635712
9     2.28358     0.55661
9     2.30664    0.556576
10   0.0230664           0
10   0.0461329           0
10   0.0691993           0
10   0.0922657           0
10    0.115332           0
10    0.138399           0
10    0.161465           0
10    0.184531           0
10    0.207598           0
10    0.230664           0
10    0.253731           0
10    0.276797           0
10    0.299864           0
10     0.32293           0
10    0.345996           0
10    0.369063           0
10    0.392129           0
10    0.415196           0
10    0.438262           0
10    0.461329           0
10    0.484395           0
10    0.507461           0
10    0.530528           0
10    0.553594           0
10    0.576661           0
10    0.599727           0
10    0.622794           0
10     0.64586           0
10    0.668926           0
10    0.691993           0
10    0.715059           0
10    0.738126           0
10    0.761192           0
10    0.784259           0
10    0.807325           0
10    0.830391           0
10    0.853458           0
10    0.876524           0
10    0.899591 6.99593e-05
10    0.922657  0.00319427
10    0.945724   0.0424006
10     0.96879    0.262153
10    0.991856    0.906639
10     1.01492     2.09226
10     1.03799     3.49329
10     1.06106     4.44694
10     1.08412     4.71287
10     1.10719     4.38136
10     1.13026      3.5612
10     1.15332     2.58632
10     1.17639     1.73514
10     1.19945     1.07032
10     1.22252    0.624526
10     1.24559    0.325421
10     1.26865    0.163084
10     1.29172   0.0770741
10     1.31479   0.0420285
10     1.33785   0.0369678
10     1.36092   0.0557464
10     1.38399    0.103215
10     1.40705    0.183783
10     1.43012    0.300038
10     1.45319    0.449624
10     1.47625    0.611456
10     1.49932    0.775661
10     1.52238    0.896662
10     1.54545    0.945519
10     1.56852    0.884522
10     1.59158      0.7588
10     1.61465    0.615119
10     1.63772    0.470561
10     1.66078    0.314354
10     1.68385    0.214608
10     1.70692    0.174252
10     1.72998    0.228226
10     1.75305    0.404551
10     1.77612    0.721985
10     1.79918     1.15836
10     1.82225     1.69413
10     1.84531     2.18873
10     1.86838     2.55765
10     1.89145     2.69791
10     1.91451     2.51627
10     1.93758     2.11304
10     1.96065     1.66477
10     1.98371     1.18038
10     2.00678    0.771513
10     2.02985    0.519365
10     2.05291    0.408876
10     2.07598    0.442259
10     2.09905    0.568698
10     2.12211    0.741546
10     2.14518    0.892137
10     2.16824    0.991984
10     2.19131    0.992097
10     2.21438    0.911308
10     2.23744    0.776941
10     2.26051    0.637205
10     2.28358    0.558107
10     2.30664    0.557777
1   0.0230664           0
1   0.0461329           0
1   0.0691993           0
1   0.0922657           0
1    0.115332           0
1    0.138399           0
1    0.161465           0
1    0.184531           0
1    0.207598           0
1    0.230664           0
1    0.253731           0
1    0.276797           0
1    0.299864           0
1     0.32293           0
1    0.345996           0
1    0.369063           0
1    0.392129           0
1    0.415196           0
1    0.438262           0
1    0.461329           0
1    0.484395           0
1    0.507461           0
1    0.530528           0
1    0.553594           0
1    0.576661           0
1    0.599727           0
1    0.622794           0
1     0.64586           0
1    0.668926           0
1    0.691993           0
1    0.715059           0
1    0.738126           0
1    0.761192           0
1    0.784259           0
1    0.807325           0
1    0.830391           0
1    0.853458           0
1    0.876524           0
1    0.899591 0.000139919
1    0.922657  0.00545688
1    0.945724   0.0449991
1     0.96879    0.265537
1    0.991856    0.893891
1     1.01492     2.05043
1     1.03799      3.4858
1     1.06106     4.49808
1     1.08412     4.76149
1     1.10719     4.39278
1     1.13026     3.55037
1     1.15332     2.57686
1     1.17639     1.71102
1     1.19945     1.06723
1     1.22252    0.613771
1     1.24559    0.319431
1     1.26865    0.162304
1     1.29172   0.0794677
1     1.31479   0.0419295
1     1.33785   0.0400618
1     1.36092   0.0527864
1     1.38399   0.0965051
1     1.40705    0.187708
1     1.43012    0.298501
1     1.45319    0.455228
1     1.47625    0.620639
1     1.49932    0.763855
1     1.52238    0.885357
1     1.54545       0.954
1     1.56852    0.895968
1     1.59158    0.764834
1     1.61465    0.623992
1     1.63772    0.480169
1     1.66078    0.312132
1     1.68385    0.202788
1     1.70692    0.166542
1     1.72998    0.221486
1     1.75305    0.394833
1     1.77612    0.708281
1     1.79918     1.15449
1     1.82225     1.69116
1     1.84531     2.18959
1     1.86838     2.57576
1     1.89145     2.73794
1     1.91451     2.54396
1     1.93758     2.11347
1     1.96065     1.64891
1     1.98371     1.16111
1     2.00678    0.761034
1     2.02985    0.520661
1     2.05291    0.407785
1     2.07598    0.434196
1     2.09905    0.565152
1     2.12211    0.753015
1     2.14518    0.892649
1     2.16824    0.994429
1     2.19131    0.994347
1     2.21438    0.905014
1     2.23744    0.767812
1     2.26051    0.627034
1     2.28358     0.54911
1     2.30664    0.546278
2   0.0230664           0
2   0.0461329           0
2   0.0691993           0
2   0.0922657           0
2    0.115332           0
2    0.138399           0
2    0.161465           0
2    0.184531           0
2    0.207598           0
2    0.230664           0
2    0.253731           0
2    0.276797           0
2    0.299864           0
2     0.32293           0
2    0.345996           0
2    0.369063           0
2    0.392129           0
2    0.415196           0
2    0.438262           0
2    0.461329           0
2    0.484395           0
2    0.507461           0
2    0.530528           0
2    0.553594           0
2    0.576661           0
2    0.599727           0
2    0.622794           0
2     0.64586           0
2    0.668926           0
2    0.691993           0
2    0.715059           0
2    0.738126           0
2    0.761192           0
2    0.784259           0
2    0.807325           0
2    0.830391           0
2    0.853458           0
2    0.876524           0
2    0.899591 6.99593e-05
2    0.922657  0.00319427
2    0.945724   0.0424006
2     0.96879    0.262153
2    0.991856    0.906639
2     1.01492     2.09226
2     1.03799     3.49329
2     1.06106     4.44694
2     1.08412     4.71287
2     1.10719     4.38136
2     1.13026      3.5612
2     1.15332     2.58632
2     1.17639     1.73514
2     1.19945     1.07032
2     1.22252    0.624526
2     1.24559    0.325421
2     1.26865    0.163084
2     1.29172   0.0770741
2     1.31479   0.0420285
2     1.33785   0.0369678
2     1.36092   0.0557464
2     1.38399    0.103215
2     1.40705    0.183783
2     1.43012    0.300038
2     1.45319    0.449624
2     1.47625    0.611456
2     1.49932    0.775661
2     1.52238    0.896662
2     1.54545    0.945519
2     1.56852    0.884522
2     1.59158      0.7588
2     1.61465    0.615119
2     1.63772    0.470561
2     1.66078    0.314354
2     1.68385    0.214608
2     1.70692    0.174252
2     1.72998    0.228226
2     1.75305    0.404551
2     1.77612    0.721985
2     1.79918     1.15836
2     1.82225     1.69413
2     1.84531     2.18873
2     1.86838     2.55765
2     1.89145     2.69791
2     1.91451     2.51627
2     1.93758     2.11304
2     1.96065     1.66477
2     1.98371     1.18038
2     2.00678    0.771513
2     2.02985    0.519365
2     2.05291    0.408876
2     2.07598    0.442259
2     2.09905    0.568698
2     2.12211    0.741546
2     2.14518    0.892137
2     2.16824    0.991984
2     2.19131    0.992097
2     2.21438    0.911308
2     2.23744    0.776941
2     2.26051    0.637205
2     2.28358    0.558107
2     2.30664    0.557777
3   0.0230664           0
3   0.0461329           0
3   0.0691993           0
3   0.0922657           0
3    0.115332           0
3    0.138399           0
3    0.161465           0
3    0.184531           0
3    0.207598           0
3    0.230664           0
3    0.253731           0
3    0.276797           0
3    0.299864           0
3     0.32293           0
3    0.345996           0
3    0.369063           0
3    0.392129           0
3    0.415196           0
3    0.438262           0
3    0.461329           0
3    0.484395           0
3    0.507461           0
3    0.530528           0
3    0.553594           0
3    0.576661           0
3    0.599727           0
3    0.622794           0
3     0.64586           0
3    0.668926           0
3    0.691993           0
3    0.715059           0
3    0.738126           0
3    0.761192           0
3    0.784259           0
3    0.807325           0
3    0.830391           0
3    0.853458           0
3    0.876524           0
3    0.899591 4.66395e-05
3    0.922657   0.0023957
3    0.945724   0.0403513
3     0.96879     0.25615
3    0.991856    0.912812
3     1.01492     2.11304
3     1.03799     3.49167
3     1.06106     4.45901
3     1.08412     4.69237
3     1.10719     4.36079
3     1.13026     3.56403
3     1.15332     2.60308
3     1.17639     1.73147
3     1.19945     1.07739
3     1.22252    0.617534
3     1.24559    0.323694
3     1.26865    0.165612
3     1.29172    0.078533
3     1.31479   0.0415553
3     1.33785   0.0347244
3     1.36092   0.0520259
3     1.38399   0.0985927
3     1.40705    0.176914
3     1.43012    0.295539
3     1.45319    0.443353
3     1.47625    0.606628
3     1.49932    0.776068
3     1.52238    0.906075
3     1.54545    0.953888
3     1.56852     0.90273
3     1.59158    0.768917
3     1.61465      0.6214
3     1.63772    0.469265
3     1.66078    0.307107
3     1.68385     0.20854
3     1.70692    0.169099
3     1.72998    0.225188
3     1.75305    0.401237
3     1.77612    0.719816
3     1.79918      1.1552
3     1.82225     1.68682
3     1.84531      2.2013
3     1.86838     2.56182
3     1.89145     2.69861
3     1.91451     2.52098
3     1.93758     2.13242
3     1.96065     1.65237
3     1.98371     1.17443
3     2.00678    0.767697
3     2.02985    0.516071
3     2.05291    0.407331
3     2.07598    0.439696
3     2.09905    0.565508
3     2.12211    0.746338
3     2.14518     0.89622
3     2.16824    0.992376
3     2.19131    0.995679
3     2.21438    0.906631
3     2.23744    0.770461
3     2.26051     0.63572
3     2.28358    0.550095
3     2.30664    0.553188
4   0.0230664           0
4   0.0461329           0
4   0.0691993           0
4   0.0922657           0
4    0.115332           0
4    0.138399           0
4    0.161465           0
4    0.184531           0
4    0.207598           0
4    0.230664           0
4    0.253731           0
4    0.276797           0
4    0.299864           0
4     0.32293           0
4    0.345996           0
4    0.369063           0
4    0.392129           0
4    0.415196           0
4    0.438262           0
4    0.461329           0
4    0.484395           0
4    0.507461           0
4    0.530528           0
4    0.553594           0
4    0.576661           0
4    0.599727           0
4    0.622794           0
4     0.64586           0
4    0.668926           0
4    0.691993           0
4    0.715059           0
4    0.738126           0
4    0.761192           0
4    0.784259           0
4    0.807325           0
4    0.830391           0
4    0.853458           0
4    0.876524           0
4    0.899591 6.99593e-05
4    0.922657  0.00326082
4    0.945724   0.0397703
4     0.96879    0.255777
4    0.991856    0.912235
4     1.01492     2.11222
4     1.03799     3.49266
4     1.06106     4.45517
4     1.08412     4.71517
4     1.10719      4.3548
4     1.13026      3.5477
4     1.15332       2.605
4     1.17639     1.73341
4     1.19945     1.08335
4     1.22252    0.614648
4     1.24559    0.320607
4     1.26865    0.167461
4     1.29172   0.0795703
4     1.31479   0.0400971
4     1.33785   0.0346713
4     1.36092   0.0515223
4     1.38399    0.096535
4     1.40705    0.174721
4     1.43012    0.291599
4     1.45319    0.445577
4     1.47625    0.603479
4     1.49932    0.777379
4     1.52238    0.908103
4     1.54545    0.961103
4     1.56852    0.905331
4     1.59158    0.772879
4     1.61465    0.624717
4     1.63772    0.464934
4     1.66078    0.301697
4     1.68385    0.204718
4     1.70692    0.170092
4     1.72998    0.226225
4     1.75305      0.3982
4     1.77612    0.713997
4     1.79918     1.14906
4     1.82225     1.68848
4     1.84531     2.20021
4     1.86838     2.57279
4     1.89145     2.69831
4     1.91451     2.52475
4     1.93758     2.13962
4     1.96065     1.65629
4     1.98371      1.1736
4     2.00678    0.765447
4     2.02985    0.512132
4     2.05291    0.405373
4     2.07598    0.438734
4     2.09905    0.567655
4     2.12211    0.744499
4     2.14518    0.892243
4     2.16824    0.989191
4     2.19131    0.996561
4     2.21438    0.913805
4     2.23744    0.771607
4     2.26051    0.635202
4     2.28358    0.546029
4     2.30664    0.548926
5   0.0230664           0
5   0.0461329           0
5   0.0691993           0
5   0.0922657           0
5    0.115332           0
5    0.138399           0
5    0.161465           0
5    0.184531           0
5    0.207598           0
5    0.230664           0
5    0.253731           0
5    0.276797           0
5    0.299864           0
5     0.32293           0
5    0.345996           0
5    0.369063           0
5    0.392129           0
5    0.415196           0
5    0.438262           0
5    0.461329           0
5    0.484395           0
5    0.507461           0
5    0.530528           0
5    0.553594           0
5    0.576661           0
5    0.599727           0
5    0.622794           0
5     0.64586           0
5    0.668926           0
5    0.691993           0
5    0.715059           0
5    0.738126           0
5    0.761192           0
5    0.784259           0
5    0.807325           0
5    0.830391           0
5    0.853458           0
5    0.876524           0
5    0.899591 5.59674e-05
5    0.922657  0.00276837
5    0.945724   0.0392443
5     0.96879    0.255674
5    0.991856    0.917611
5     1.01492     2.11487
5     1.03799     3.49704
5     1.06106     4.45743
5     1.08412     4.69687
5     1.10719     4.34803
5     1.13026      3.5508
5     1.15332     2.60705
5     1.17639     1.73208
5     1.19945     1.07786
5     1.22252    0.615647
5     1.24559    0.323988
5     1.26865    0.170852
5     1.29172   0.0829145
5     1.31479    0.042471
5     1.33785   0.0368338
5     1.36092   0.0533414
5     1.38399   0.0992369
5     1.40705    0.177445
5     1.43012     0.29422
5     1.45319    0.452597
5     1.47625    0.606691
5     1.49932    0.773341
5     1.52238    0.900562
5     1.54545    0.945481
5     1.56852     0.89594
5     1.59158    0.774208
5     1.61465    0.626531
5     1.63772    0.460491
5     1.66078    0.302172
5     1.68385    0.207831
5     1.70692    0.179003
5     1.72998    0.234461
5     1.75305     0.40495
5     1.77612    0.717121
5     1.79918     1.15703
5     1.82225     1.68465
5     1.84531     2.19263
5     1.86838     2.56377
5     1.89145     2.68985
5     1.91451     2.51597
5     1.93758     2.13758
5     1.96065     1.65649
5     1.98371     1.17022
5     2.00678    0.765391
5     2.02985    0.517143
5     2.05291    0.412441
5     2.07598    0.446436
5     2.09905    0.569647
5     2.12211    0.744794
5     2.14518    0.894497
5     2.16824    0.988743
5     2.19131     0.99314
5     2.21438    0.909177
5     2.23744      0.7715
5     2.26051      0.6431
5     2.28358    0.554045
5     2.30664    0.558979
6   0.0230664           0
6   0.0461329           0
6   0.0691993           0
6   0.0922657           0
6    0.115332           0
6    0.138399           0
6    0.161465           0
6    0.184531           0
6    0.207598           0
6    0.230664           0
6    0.253731           0
6    0.276797           0
6    0.299864           0
6     0.32293           0
6    0.345996           0
6    0.369063           0
6    0.392129           0
6    0.415196           0
6    0.438262           0
6    0.461329           0
6    0.484395           0
6    0.507461           0
6    0.530528           0
6    0.553594           0
6    0.576661           0
6    0.599727           0
6    0.622794           0
6     0.64586           0
6    0.668926           0
6    0.691993           0
6    0.715059           0
6    0.738126           0
6    0.761192           0
6    0.784259           0
6    0.807325           0
6    0.830391           0
6    0.853458           0
6    0.876524           0
6    0.899591 4.66395e-05
6    0.922657  0.00268407
6    0.945724    0.040309
6     0.96879    0.257278
6    0.991856    0.913177
6     1.01492     2.11332
6     1.03799     3.48694
6     1.06106     4.46328
6     1.08412     4.71303
6     1.10719     4.36358
6     1.13026     3.53361
6     1.15332     2.59344
6     1.17639     1.73351
6     1.19945     1.08122
6     1.22252    0.620229
6     1.24559    0.322861
6     1.26865    0.169841
6     1.29172   0.0832177
6     1.31479   0.0417424
6     1.33785   0.0358621
6     1.36092   0.0542664
6     1.38399   0.0976881
6     1.40705    0.176453
6     1.43012    0.291319
6     1.45319    0.450166
6     1.47625    0.606794
6     1.49932    0.774347
6     1.52238     0.89997
6     1.54545    0.947931
6     1.56852     0.89955
6     1.59158    0.780585
6     1.61465    0.628406
6     1.63772    0.456603
6     1.66078    0.302565
6     1.68385    0.205617
6     1.70692    0.178218
6     1.72998    0.235299
6     1.75305    0.404545
6     1.77612    0.715315
6     1.79918     1.15924
6     1.82225     1.68922
6     1.84531     2.19611
6     1.86838     2.56299
6     1.89145      2.6849
6     1.91451     2.51238
6     1.93758     2.13521
6     1.96065     1.65359
6     1.98371     1.16907
6     2.00678    0.769018
6     2.02985    0.518394
6     2.05291     0.41469
6     2.07598    0.447852
6     2.09905     0.57151
6     2.12211    0.745024
6     2.14518    0.893098
6     2.16824    0.985836
6     2.19131     0.98932
6     2.21438    0.907917
6     2.23744    0.771957
6     2.26051    0.644623
6     2.28358    0.554076
6     2.30664    0.556322
7   0.0230664           0
7   0.0461329           0
7   0.0691993           0
7   0.0922657           0
7    0.115332           0
7    0.138399           0
7    0.161465           0
7    0.184531           0
7    0.207598           0
7    0.230664           0
7    0.253731           0
7    0.276797           0
7    0.299864           0
7     0.32293           0
7    0.345996           0
7    0.369063           0
7    0.392129           0
7    0.415196           0
7    0.438262           0
7    0.461329           0
7    0.484395           0
7    0.507461           0
7    0.530528           0
7    0.553594           0
7    0.576661           0
7    0.599727           0
7    0.622794           0
7     0.64586           0
7    0.668926           0
7    0.691993           0
7    0.715059           0
7    0.738126           0
7    0.761192           0
7    0.784259           0
7    0.807325           0
7    0.830391           0
7    0.853458           0
7    0.876524           0
7    0.899591 3.99767e-05
7    0.922657   0.0025288
7    0.945724   0.0397658
7     0.96879    0.254124
7    0.991856    0.916949
7     1.01492     2.11692
7     1.03799     3.48348
7     1.06106     4.46789
7     1.08412     4.70975
7     1.10719     4.35815
7     1.13026     3.53906
7     1.15332     2.59725
7     1.17639     1.73597
7     1.19945     1.07862
7     1.22252    0.620385
7     1.24559    0.321804
7     1.26865     0.16842
7     1.29172   0.0832877
7     1.31479   0.0410994
7     1.33785   0.0346576
7     1.36092   0.0529362
7     1.38399   0.0955508
7     1.40705    0.174515
7     1.43012    0.288202
7     1.45319     0.44532
7     1.47625    0.604964
7     1.49932    0.776061
7     1.52238     0.90425
7     1.54545    0.953747
7     1.56852    0.907101
7     1.59158     0.78556
7     1.61465    0.628353
7     1.63772     0.45753
7     1.66078    0.300236
7     1.68385    0.203296
7     1.70692    0.174656
7     1.72998    0.232904
7     1.75305    0.402768
7     1.77612    0.710384
7     1.79918      1.1587
7     1.82225      1.6903
7     1.84531     2.19795
7     1.86838     2.56188
7     1.89145     2.68748
7     1.91451     2.51943
7     1.93758     2.14005
7     1.96065     1.65364
7     1.98371     1.16708
7     2.00678    0.767698
7     2.02985    0.517762
7     2.05291    0.412629
7     2.07598    0.444165
7     2.09905    0.568035
7     2.12211    0.744252
7     2.14518    0.895353
7     2.16824    0.988073
7     2.19131    0.992162
7     2.21438    0.909806
7     2.23744    0.770427
7     2.26051     0.64219
7     2.28358    0.551079
7     2.30664    0.552154
8   0.0230664           0
8   0.0461329           0
8   0.0691993           0
8   0.0922657           0
8    0.115332           0
8    0.138399           0
8    0.161465           0
8    0.184531           0
8    0.207598           0
8    0.230664           0
8    0.253731           0
8    0.276797           0
8    0.299864           0
8     0.32293           0
8    0.345996           0
8    0.369063           0
8    0.392129           0
8    0.415196           0
8    0.438262           0
8    0.461329           0
8    0.484395           0
8    0.507461           0
8    0.530528           0
8    0.553594           0
8    0.576661           0
8    0.599727           0
8    0.622794           0
8     0.64586           0
8    0.668926           0
8    0.691993           0
8    0.715059           0
8    0.738126           0
8    0.761192           0
8    0.784259           0
8    0.807325           0
8    0.830391           0
8    0.853458           0
8    0.876524           0
8    0.899591 3.49796e-05
8    0.922657  0.00254543
8    0.945724   0.0399922
8     0.96879    0.255218
8    0.991856    0.916792
8     1.01492     2.11515
8     1.03799     3.48027
8     1.06106     4.46094
8     1.08412     4.72708
8     1.10719      4.3598
8     1.13026     3.53503
8     1.15332     2.59222
8     1.17639     1.73676
8     1.19945      1.0853
8     1.22252    0.618223
8     1.24559    0.321278
8     1.26865    0.167275
8     1.29172   0.0809893
8     1.31479   0.0403613
8     1.33785   0.0336586
8     1.36092   0.0520927
8     1.38399   0.0944772
8     1.40705    0.172722
8     1.43012    0.287673
8     1.45319    0.444657
8     1.47625    0.606431
8     1.49932    0.778116
8     1.52238    0.905844
8     1.54545    0.956923
8     1.56852    0.909972
8     1.59158    0.786286
8     1.61465    0.629515
8     1.63772    0.455897
8     1.66078    0.298338
8     1.68385     0.20249
8     1.70692    0.173013
8     1.72998    0.231879
8     1.75305    0.402121
8     1.77612    0.709817
8     1.79918     1.15712
8     1.82225     1.68991
8     1.84531     2.19495
8     1.86838     2.56361
8     1.89145     2.69022
8     1.91451     2.52336
8     1.93758     2.14243
8     1.96065     1.65915
8     1.98371     1.16525
8     2.00678    0.764859
8     2.02985    0.515299
8     2.05291    0.409809
8     2.07598    0.442955
8     2.09905    0.567714
8     2.12211    0.744346
8     2.14518    0.896323
8     2.16824    0.988534
8     2.19131    0.994245
8     2.21438    0.909412
8     2.23744    0.770976
8     2.26051    0.640566
8     2.28358    0.547098
8     2.30664    0.548564
9   0.0230664           0
9   0.0461329           0
9   0.0691993           0
9   0.0922657           0
9    0.115332           0
9    0.138399           0
9    0.161465           0
9    0.184531           0
9    0.207598           0
9    0.230664           0
9    0.253731           0
9    0.276797           0
9    0.299864           0
9     0.32293           0
9    0.345996           0
9    0.369063           0
9    0.392129           0
9    0.415196           0
9    0.438262           0
9    0.461329           0
9    0.484395           0
9    0.507461           0
9    0.530528           0
9    0.553594           0
9    0.576661           0
9    0.599727           0
9    0.622794           0
9     0.64586           0
9    0.668926           0
9    0.691993           0
9    0.715059           0
9    0.738126           0
9    0.761192           0
9    0.784259           0
9    0.807325           0
9    0.830391           0
9    0.853458           0
9    0.876524           0
9    0.899591  3.1093e-05
9    0.922657  0.00235134
9    0.945724   0.0398865
9     0.96879    0.253518
9    0.991856    0.919426
9     1.01492     2.11736
9     1.03799     3.48167
9     1.06106     4.45921
9     1.08412     4.72148
9     1.10719     4.36132
9     1.13026      3.5339
9     1.15332     2.59428
9     1.17639     1.73315
9     1.19945     1.08426
9     1.22252    0.617525
9     1.24559    0.323131
9     1.26865    0.169195
9     1.29172   0.0810938
9     1.31479   0.0412765
9     1.33785   0.0347457
9     1.36092   0.0533483
9     1.38399   0.0949544
9     1.40705    0.172829
9     1.43012    0.287739
9     1.45319     0.44535
9     1.47625    0.608424
9     1.49932    0.776362
9     1.52238    0.905131
9     1.54545    0.953292
9     1.56852    0.906193
9     1.59158    0.785369
9     1.61465    0.631532
9     1.63772    0.456928
9     1.66078    0.299543
9     1.68385    0.203964
9     1.70692    0.174379
9     1.72998    0.234295
9     1.75305    0.404727
9     1.77612    0.711945
9     1.79918     1.15753
9     1.82225     1.68676
9     1.84531     2.19548
9     1.86838     2.56134
9     1.89145     2.68192
9     1.91451     2.51767
9     1.93758     2.14099
9     1.96065     1.65973
9     1.98371      1.1661
9     2.00678    0.770013
9     2.02985    0.518685
9     2.05291     0.41237
9     2.07598    0.445255
9     2.09905    0.569846
9     2.12211     0.74314
9     2.14518     0.89438
9     2.16824    0.988217
9     2.19131    0.991254
9     2.21438    0.907629
9     2.23744    0.771872
9     2.26051    0.641978
9     2.28358    0.549495
9     2.30664    0.553123
10   0.0230664           0
10   0.0461329           0
10   0.0691993           0
10   0.0922657           0
10    0.115332           0
10    0.138399           0
10    0.161465           0
10    0.184531           0
10    0.207598           0
10    0.230664           0
10    0.253731           0
10    0.276797           0
10    0.299864           0
10     0.32293           0
10    0.345996           0
10    0.369063           0
10    0.392129           0
10    0.415196           0
10    0.438262           0
10    0.461329           0
10    0.484395           0
10    0.507461           0
10    0.530528           0
10    0.553594           0
10    0.576661           0
10    0.599727           0
10    0.622794           0
10     0.64586           0
10    0.668926           0
10    0.691993           0
10    0.715059           0
10    0.738126           0
10    0.761192           0
10    0.784259           0
10    0.807325           0
10    0.830391           0
10    0.853458           0
10    0.876524           0
10    0.899591 4.19756e-05
10    0.922657  0.00236908
10    0.945724    0.039802
10     0.96879    0.254611
10    0.991856    0.921857
10     1.01492     2.11204
10     1.03799     3.47951
10     1.06106     4.46034
10     1.08412     4.72729
10     1.10719     4.35978
10     1.13026     3.53139
10     1.15332     2.59479
10     1.17639     1.72977
10     1.19945     1.08491
10     1.22252    0.621017
10     1.24559    0.325495
10     1.26865    0.168279
10     1.29172   0.0806303
10     1.31479   0.0411173
10     1.33785    0.034397
10     1.36092   0.0534709
10     1.38399   0.0957119
10     1.40705    0.173486
10     1.43012    0.289402
10     1.45319    0.444979
10     1.47625    0.608858
10     1.49932    0.777386
10     1.52238    0.905049
10     1.54545    0.950862
10     1.56852    0.904538
10     1.59158    0.784183
10     1.61465    0.628586
10     1.63772    0.455217
10     1.66078    0.300386
10     1.68385    0.205249
10     1.70692    0.176337
10     1.72998    0.234871
10     1.75305    0.405383
10     1.77612    0.712174
10     1.79918     1.15984
10     1.82225     1.68772
10     1.84531     2.19338
10     1.86838     2.55851
10     1.89145      2.6809
10     1.91451     2.51864
10     1.93758     2.13969
10     1.96065     1.66025
10     1.98371     1.16771
10     2.00678    0.770652
10     2.02985    0.518356
10     2.05291    0.412231
10     2.07598    0.446164
10     2.09905    0.570331
10     2.12211    0.742911
10     2.14518    0.894342
10     2.16824    0.987828
10     2.19131    0.990143
10     2.21438    0.906502
10     2.23744    0.773473
10     2.26051    0.644718
10     2.28358    0.551457
10     2.30664    0.554976
11   0.0230664           0
11   0.0461329           0
11   0.0691993           0
11   0.0922657           0
11    0.115332           0
11    0.138399           0
11    0.161465           0
11    0.184531           0
11    0.207598           0
11    0.230664           0
11    0.253731           0
11    0.276797           0
11    0.299864           0
11     0.32293           0
11    0.345996           0
11    0.369063           0
11    0.392129           0
11    0.415196           0
11    0.438262           0
11    0.461329           0
11    0.484395           0
11    0.507461           0
11    0.530528           0
11    0.553594           0
11    0.576661           0
11    0.599727           0
11    0.622794           0
11     0.64586           0
11    0.668926           0
11    0.691993           0
11    0.715059           0
11    0.738126           0
11    0.761192           0
11    0.784259           0
11    0.807325           0
11    0.830391           0
11    0.853458           0
11    0.876524           0
11    0.899591 3.81596e-05
11    0.922657   0.0024441
11    0.945724   0.0397905
11     0.96879    0.254747
11    0.991856     0.92093
11     1.01492     2.11325
11     1.03799     3.47789
11     1.06106     4.46115
11     1.08412     4.73168
11     1.10719     4.35631
11     1.13026     3.52811
11     1.15332     2.59056
11     1.17639     1.73466
11     1.19945     1.08607
11     1.22252    0.622667
11     1.24559    0.326507
11     1.26865    0.167343
11     1.29172   0.0796542
11     1.31479    0.040855
11     1.33785   0.0346336
11     1.36092   0.0535208
11     1.38399   0.0959358
11     1.40705    0.173084
11     1.43012     0.28804
11     1.45319    0.446349
11     1.47625     0.60992
11     1.49932    0.777771
11     1.52238    0.903757
11     1.54545    0.950485
11     1.56852     0.90455
11     1.59158    0.785152
11     1.61465     0.62836
11     1.63772    0.455133
11     1.66078    0.300533
11     1.68385    0.204147
11     1.70692    0.175879
11     1.72998    0.234281
11     1.75305    0.404946
11     1.77612    0.713608
11     1.79918     1.15936
11     1.82225     1.68821
11     1.84531     2.19313
11     1.86838     2.55673
11     1.89145      2.6798
11     1.91451     2.52365
11     1.93758     2.14274
11     1.96065     1.65973
11     1.98371     1.16722
11     2.00678      0.7697
11     2.02985    0.516475
11     2.05291    0.409108
11     2.07598    0.444209
11     2.09905    0.570199
11     2.12211    0.743924
11     2.14518      0.8959
11     2.16824     0.98922
11     2.19131    0.992012
11     2.21438    0.907111
11     2.23744    0.774073
11     2.26051    0.644491
11     2.28358    0.550313
11     2.30664    0.554722
12   0.0230664           0
12   0.0461329           0
12   0.0691993           0
12   0.0922657           0
12    0.115332           0
12    0.138399           0
12    0.161465           0
12    0.184531           0
12    0.207598           0
12    0.230664           0
12    0.253731           0
12    0.276797           0
12    0.299864           0
12     0.32293           0
12    0.345996           0
12    0.369063           0
12    0.392129           0
12    0.415196           0
12    0.438262           0
12    0.461329           0
12    0.484395           0
12    0.507461           0
12    0.530528           0
12    0.553594           0
12    0.576661           0
12    0.599727           0
12    0.622794           0
12     0.64586           0
12    0.668926           0
12    0.691993           0
12    0.715059           0
12    0.738126           0
12    0.761192           0
12    0.784259           0
12    0.807325           0
12    0.830391           0
12    0.853458           0
12    0.876524           0
12    0.899591 3.49796e-05
12    0.922657  0.00238461
12    0.945724   0.0393161
12     0.96879    0.255122
12    0.991856    0.922484
12     1.01492     2.11296
12     1.03799     3.47757
12     1.06106     4.45806
12     1.08412      4.7316
12     1.10719     4.35463
12     1.13026     3.53055
12     1.15332     2.59048
12     1.17639     1.73428
12     1.19945     1.08708
12     1.22252    0.623985
12     1.24559    0.326242
12     1.26865    0.167431
12     1.29172   0.0797811
12     1.31479   0.0408895
12     1.33785   0.0349424
12     1.36092   0.0537063
12     1.38399   0.0957745
12     1.40705    0.173899
12     1.43012    0.288031
12     1.45319    0.446078
12     1.47625    0.609046
12     1.49932    0.778642
12     1.52238    0.903166
12     1.54545    0.949815
12     1.56852    0.904692
12     1.59158    0.783493
12     1.61465    0.627107
12     1.63772    0.456109
12     1.66078    0.302119
12     1.68385    0.204323
12     1.70692    0.176278
12     1.72998    0.234769
12     1.75305    0.405807
12     1.77612    0.716245
12     1.79918     1.16073
12     1.82225     1.68596
12     1.84531     2.19081
12     1.86838     2.55714
12     1.89145     2.67725
12     1.91451     2.52002
12     1.93758     2.14387
12     1.96065     1.66047
12     1.98371     1.16781
12     2.00678    0.770848
12     2.02985    0.517397
12     2.05291    0.408819
12     2.07598    0.444311
12     2.09905    0.571504
12     2.12211    0.743096
12     2.14518    0.895325
12     2.16824     0.98977
12     2.19131    0.991983
12     2.21438    0.906682
12     2.23744    0.774122
12     2.26051    0.644478
12     2.28358    0.550814
12     2.30664     0.55434
13   0.0230664           0
13   0.0461329           0
13   0.0691993           0
13   0.0922657           0
13    0.115332           0
13    0.138399           0
13    0.161465           0
13    0.184531           0
13    0.207598           0
13    0.230664           0
13    0.253731           0
13    0.276797           0
13    0.299864           0
13     0.32293           0
13    0.345996           0
13    0.369063           0
13    0.392129           0
13    0.415196           0
13    0.438262           0
13    0.461329           0
13    0.484395           0
13    0.507461           0
13    0.530528           0
13    0.553594           0
13    0.576661           0
13    0.599727           0
13    0.622794           0
13     0.64586           0
13    0.668926           0
13    0.691993           0
13    0.715059           0
13    0.738126           0
13    0.761192           0
13    0.784259           0
13    0.807325           0
13    0.830391           0
13    0.853458           0
13    0.876524           0
13    0.899591 3.22889e-05
13    0.922657  0.00259023
13    0.945724   0.0394997
13     0.96879     0.25557
13    0.991856    0.921731
13     1.01492     2.10938
13     1.03799     3.47641
13     1.06106     4.45808
13     1.08412     4.74083
13     1.10719     4.35366
13     1.13026      3.5295
13     1.15332     2.58993
13     1.17639     1.73526
13     1.19945     1.08534
13     1.22252    0.621979
13     1.24559    0.325458
13     1.26865    0.166982
13     1.29172   0.0805251
13     1.31479   0.0415435
13     1.33785   0.0352381
13     1.36092   0.0535312
13     1.38399   0.0956426
13     1.40705    0.172932
13     1.43012    0.286231
13     1.45319    0.444524
13     1.47625    0.611008
13     1.49932    0.780241
13     1.52238    0.904682
13     1.54545    0.950038
13     1.56852    0.905184
13     1.59158    0.784026
13     1.61465    0.627688
13     1.63772    0.455985
13     1.66078    0.301611
13     1.68385    0.203988
13     1.70692    0.176004
13     1.72998    0.235144
13     1.75305    0.406067
13     1.77612    0.716879
13     1.79918     1.16122
13     1.82225     1.68582
13     1.84531     2.19095
13     1.86838     2.55781
13     1.89145     2.67612
13     1.91451     2.51718
13     1.93758     2.14221
13     1.96065     1.65842
13     1.98371     1.16793
13     2.00678    0.772311
13     2.02985    0.518388
13     2.05291    0.410725
13     2.07598    0.444501
13     2.09905    0.572622
13     2.12211    0.743572
13     2.14518    0.894495
13     2.16824    0.988519
13     2.19131    0.991984
13     2.21438    0.906556
13     2.23744     0.77217
13     2.26051    0.644153
13     2.28358    0.551872
13     2.30664    0.555213
14   0.0230664           0
14   0.0461329           0
14   0.0691993           0
14   0.0922657           0
14    0.115332           0
14    0.138399           0
14    0.161465           0
14    0.184531           0
14    0.207598           0
14    0.230664           0
14    0.253731           0
14    0.276797           0
14    0.299864           0
14     0.32293           0
14    0.345996           0
14    0.369063           0
14    0.392129           0
14    0.415196           0
14    0.438262           0
14    0.461329           0
14    0.484395           0
14    0.507461           0
14    0.530528           0
14    0.553594           0
14    0.576661           0
14    0.599727           0
14    0.622794           0
14     0.64586           0
14    0.668926           0
14    0.691993           0
14    0.715059           0
14    0.738126           0
14    0.761192           0
14    0.784259           0
14    0.807325           0
14    0.830391           0
14    0.853458           0
14    0.876524           0
14    0.899591 2.99825e-05
14    0.922657  0.00250028
14    0.945724   0.0390234
14     0.96879    0.255082
14    0.991856    0.922437
14     1.01492     2.11432
14     1.03799     3.47349
14     1.06106     4.45976
14     1.08412     4.74254
14     1.10719     4.35001
14     1.13026     3.52501
14     1.15332     2.59231
14     1.17639     1.73373
14     1.19945     1.08697
14     1.22252    0.623643
14     1.24559    0.325715
14     1.26865    0.166111
14     1.29172    0.080303
14     1.31479   0.0416276
14     1.33785    0.035537
14     1.36092   0.0537026
14     1.38399   0.0954827
14     1.40705    0.172857
14     1.43012    0.286397
14     1.45319    0.442996
14     1.47625    0.608003
14     1.49932     0.77766
14     1.52238    0.906616
14     1.54545    0.952302
14     1.56852    0.908872
14     1.59158    0.786083
14     1.61465    0.627437
14     1.63772    0.455013
14     1.66078    0.300236
14     1.68385    0.203888
14     1.70692    0.175151
14     1.72998    0.234704
14     1.75305    0.405681
14     1.77612    0.717768
14     1.79918     1.16208
14     1.82225     1.68629
14     1.84531     2.19107
14     1.86838     2.55861
14     1.89145     2.67423
14     1.91451      2.5153
14     1.93758     2.14456
14     1.96065     1.65857
14     1.98371     1.16797
14     2.00678    0.771503
14     2.02985    0.517577
14     2.05291    0.411496
14     2.07598    0.445878
14     2.09905    0.573446
14     2.12211    0.743297
14     2.14518    0.893209
14     2.16824    0.987774
14     2.19131    0.991018
14     2.21438    0.906171
14     2.23744    0.772732
14     2.26051    0.644298
14     2.28358    0.551698
14     2.30664    0.553815
15   0.0230664           0
15   0.0461329           0
15   0.0691993           0
15   0.0922657           0
15    0.115332           0
15    0.138399           0
15    0.161465           0
15    0.184531           0
15    0.207598           0
15    0.230664           0
15    0.253731           0
15    0.276797           0
15    0.299864           0
15     0.32293           0
15    0.345996           0
15    0.369063           0
15    0.392129           0
15    0.415196           0
15    0.438262           0
15    0.461329           0
15    0.484395           0
15    0.507461           0
15    0.530528           0
15    0.553594           0
15    0.576661           0
15    0.599727           0
15    0.622794           0
15     0.64586           0
15    0.668926           0
15    0.691993           0
15    0.715059           0
15    0.738126           0
15    0.761192           0
15    0.784259           0
15    0.807325           0
15    0.830391           0
15    0.853458           0
15    0.876524           0
15    0.899591 2.79837e-05
15    0.922657  0.00249331
15    0.945724   0.0389992
15     0.96879    0.255207
15    0.991856    0.923041
15     1.01492     2.11298
15     1.03799     3.47334
15     1.06106     4.45972
15     1.08412     4.74015
15     1.10719      4.3497
15     1.13026     3.52582
15     1.15332     2.59595
15     1.17639     1.73497
15     1.19945     1.08558
15     1.22252    0.623214
15     1.24559    0.325497
15     1.26865    0.165787
15     1.29172   0.0801835
15     1.31479   0.0416258
15     1.33785   0.0353326
15     1.36092   0.0534483
15     1.38399   0.0956741
15     1.40705    0.173317
15     1.43012    0.287308
15     1.45319    0.441331
15     1.47625     0.60716
15     1.49932     0.77769
15     1.52238    0.907306
15     1.54545    0.952965
15     1.56852    0.909085
15     1.59158    0.786414
15     1.61465    0.627128
15     1.63772    0.455093
15     1.66078    0.300057
15     1.68385    0.203626
15     1.70692    0.175059
15     1.72998    0.234306
15     1.75305     0.40536
15     1.77612    0.718541
15     1.79918     1.16342
15     1.82225     1.68523
15     1.84531     2.19044
15     1.86838     2.55935
15     1.89145     2.67392
15     1.91451      2.5162
15     1.93758     2.14333
15     1.96065     1.65912
15     1.98371     1.16774
15     2.00678     0.77144
15     2.02985    0.517584
15     2.05291    0.410887
15     2.07598    0.445265
15     2.09905     0.57277
15     2.12211    0.743418
15     2.14518    0.893489
15     2.16824    0.988446
15     2.19131    0.991592
15     2.21438    0.907114
15     2.23744    0.774543
15     2.26051    0.644473
15     2.28358    0.551908
15     2.30664    0.553411
16   0.0230664           0
16   0.0461329           0
16   0.0691993           0
16   0.0922657           0
16    0.115332           0
16    0.138399           0
16    0.161465           0
16    0.184531           0
16    0.207598           0
16    0.230664           0
16    0.253731           0
16    0.276797           0
16    0.299864           0
16     0.32293           0
16    0.345996           0
16    0.369063           0
16    0.392129           0
16    0.415196           0
16    0.438262           0
16    0.461329           0
16    0.484395           0
16    0.507461           0
16    0.530528           0
16    0.553594           0
16    0.576661           0
16    0.599727           0
16    0.622794           0
16     0.64586           0
16    0.668926           0
16    0.691993           0
16    0.715059           0
16    0.738126           0
16    0.761192           0
16    0.784259           0
16    0.807325           0
16    0.830391           0
16    0.853458           0
16    0.876524           0
16    0.899591 2.62347e-05
16    0.922657  0.00249552
16    0.945724   0.0388672
16     0.96879     0.25617
16    0.991856    0.922683
16     1.01492     2.11272
16     1.03799     3.47445
16     1.06106     4.45953
16     1.08412     4.74081
16     1.10719      4.3462
16     1.13026     3.52506
16     1.15332     2.59402
16     1.17639     1.73763
16     1.19945     1.08611
16     1.22252    0.622914
16     1.24559    0.326368
16     1.26865     0.16587
16     1.29172   0.0803866
16     1.31479    0.041426
16     1.33785   0.0353172
16     1.36092   0.0537114
16     1.38399   0.0959236
16     1.40705    0.173235
16     1.43012    0.286911
16     1.45319    0.441574
16     1.47625     0.60671
16     1.49932    0.776421
16     1.52238    0.908075
16     1.54545    0.954874
16     1.56852    0.908835
16     1.59158    0.785486
16     1.61465    0.626751
16     1.63772    0.454982
16     1.66078     0.30016
16     1.68385    0.204144
16     1.70692    0.175535
16     1.72998    0.234402
16     1.75305     0.40598
16     1.77612    0.719397
16     1.79918     1.16513
16     1.82225     1.68342
16     1.84531     2.19008
16     1.86838     2.55671
16     1.89145     2.67312
16     1.91451     2.51542
16     1.93758     2.14505
16     1.96065     1.65916
16     1.98371      1.1675
16     2.00678    0.771952
16     2.02985    0.517898
16     2.05291    0.410974
16     2.07598    0.445204
16     2.09905    0.571901
16     2.12211    0.743223
16     2.14518    0.893409
16     2.16824     0.98849
16     2.19131    0.992719
16     2.21438    0.907736
16     2.23744    0.774914
16     2.26051    0.644234
16     2.28358    0.552535
16     2.30664    0.553527
17   0.0230664           0
17   0.0461329           0
17   0.0691993           0
17   0.0922657           0
17    0.115332           0
17    0.138399           0
17    0.161465           0
17    0.184531           0
17    0.207598           0
17    0.230664           0
17    0.253731           0
17    0.276797           0
17    0.299864           0
17     0.32293           0
17    0.345996           0
17    0.369063           0
17    0.392129           0
17    0.415196           0
17    0.438262           0
17    0.461329           0
17    0.484395           0
17    0.507461           0
17    0.530528           0
17    0.553594           0
17    0.576661           0
17    0.599727           0
17    0.622794           0
17     0.64586           0
17    0.668926           0
17    0.691993           0
17    0.715059           0
17    0.738126           0
17    0.761192           0
17    0.784259           0
17    0.807325           0
17    0.830391           0
17    0.853458           0
17    0.876524           0
17    0.899591 2.46915e-05
17    0.922657  0.00255229
17    0.945724   0.0389744
17     0.96879    0.256771
17    0.991856    0.922503
17     1.01492     2.11173
17     1.03799     3.47352
17     1.06106      4.4572
17     1.08412     4.74157
17     1.10719     4.34606
17     1.13026     3.52734
17     1.15332     2.59421
17     1.17639     1.74007
17     1.19945     1.08602
17     1.22252    0.621578
17     1.24559    0.326448
17     1.26865    0.165502
17     1.29172   0.0798579
17     1.31479    0.041576
17     1.33785   0.0357314
17     1.36092    0.054154
17     1.38399   0.0965613
17     1.40705    0.173461
17     1.43012    0.287333
17     1.45319    0.441571
17     1.47625    0.605168
17     1.49932    0.776284
17     1.52238    0.906762
17     1.54545    0.953659
17     1.56852    0.908752
17     1.59158    0.787031
17     1.61465    0.627005
17     1.63772    0.454504
17     1.66078    0.300654
17     1.68385     0.20448
17     1.70692    0.175543
17     1.72998    0.234384
17     1.75305    0.405577
17     1.77612    0.718444
17     1.79918     1.16449
17     1.82225     1.68321
17     1.84531      2.1889
17     1.86838     2.55803
17     1.89145     2.67417
17     1.91451     2.51724
17     1.93758     2.14622
17     1.96065     1.65889
17     1.98371     1.16831
17     2.00678    0.771759
17     2.02985    0.516618
17     2.05291    0.410694
17     2.07598    0.444574
17     2.09905    0.571037
17     2.12211    0.742866
17     2.14518    0.892859
17     2.16824    0.988828
17     2.19131    0.994281
17     2.21438    0.908988
17     2.23744    0.774669
17     2.26051    0.643491
17     2.28358    0.552597
17     2.30664     0.55319
18   0.0230664           0
18   0.0461329           0
18   0.0691993           0
18   0.0922657           0
18    0.115332           0
18    0.138399           0
18    0.161465           0
18    0.184531           0
18    0.207598           0
18    0.230664           0
18    0.253731           0
18    0.276797           0
18    0.299864           0
18     0.32293           0
18    0.345996           0
18    0.369063           0
18    0.392129           0
18    0.415196           0
18    0.438262           0
18    0.461329           0
18    0.484395           0
18    0.507461           0
18    0.530528           0
18    0.553594           0
18    0.576661           0
18    0.599727           0
18    0.622794           0
18     0.64586           0
18    0.668926           0
18    0.691993           0
18    0.715059           0
18    0.738126           0
18    0.761192           0
18    0.784259           0
18    0.807325           0
18    0.830391           0
18    0.853458           0
18    0.876524           0
18    0.899591 2.33198e-05
18    0.922657  0.00253619
18    0.945724   0.0387879
18     0.96879    0.257264
18    0.991856    0.922317
18     1.01492     2.11038
18     1.03799     3.47626
18     1.06106     4.45964
18     1.08412     4.74281
18     1.10719     4.34311
18     1.13026     3.52515
18     1.15332     2.59173
18     1.17639      1.7408
18     1.19945     1.08713
18     1.22252    0.621809
18     1.24559    0.326373
18     1.26865    0.165415
18     1.29172   0.0800946
18     1.31479   0.0424101
18     1.33785   0.0362413
18     1.36092   0.0541362
18     1.38399   0.0967073
18     1.40705    0.173438
18     1.43012    0.288475
18     1.45319    0.442089
18     1.47625    0.605916
18     1.49932    0.776111
18     1.52238    0.906297
18     1.54545     0.95124
18     1.56852    0.906878
18     1.59158    0.786428
18     1.61465    0.626959
18     1.63772    0.454751
18     1.66078    0.301181
18     1.68385     0.20552
18     1.70692    0.176793
18     1.72998     0.23488
18     1.75305    0.405687
18     1.77612    0.719247
18     1.79918     1.16525
18     1.82225      1.6853
18     1.84531     2.18875
18     1.86838     2.55741
18     1.89145     2.67138
18     1.91451     2.51507
18     1.93758     2.14407
18     1.96065     1.65746
18     1.98371     1.16844
18     2.00678    0.773259
18     2.02985    0.517036
18     2.05291    0.412234
18     2.07598     0.44536
18     2.09905    0.571501
18     2.12211     0.74341
18     2.14518    0.892574
18     2.16824    0.988683
18     2.19131    0.994314
18     2.21438    0.909204
18     2.23744    0.774189
18     2.26051    0.643334
18     2.28358    0.553839
18     2.30664     0.55465
19   0.0230664           0
19   0.0461329           0
19   0.0691993           0
19   0.0922657           0
19    0.115332           0
19    0.138399           0
19    0.161465           0
19    0.184531           0
19    0.207598           0
19    0.230664           0
19    0.253731           0
19    0.276797           0
19    0.299864           0
19     0.32293           0
19    0.345996           0
19    0.369063           0
19    0.392129           0
19    0.415196           0
19    0.438262           0
19    0.461329           0
19    0.484395           0
19    0.507461           0
19    0.530528           0
19    0.553594           0
19    0.576661           0
19    0.599727           0
19    0.622794           0
19     0.64586           0
19    0.668926           0
19    0.691993           0
19    0.715059           0
19    0.738126           0
19    0.761192           0
19    0.784259           0
19    0.807325           0
19    0.830391           0
19    0.853458           0
19    0.876524           0
19    0.899591 2.20924e-05
19    0.922657  0.00263387
19    0.945724   0.0389814
19     0.96879    0.256001
19    0.991856      0.9209
19     1.01492     2.11328
19     1.03799     3.48052
19     1.06106     4.46116
19     1.08412      4.7378
19     1.10719     4.33899
19     1.13026     3.52886
19     1.15332     2.59069
19     1.17639     1.74145
19     1.19945     1.08796
19     1.22252    0.621495
19     1.24559    0.325864
19     1.26865     0.16496
19     1.29172   0.0800148
19     1.31479   0.0424751
19     1.33785   0.0360562
19     1.36092   0.0540165
19     1.38399   0.0968348
19     1.40705    0.173427
19     1.43012    0.288253
19     1.45319    0.442091
19     1.47625     0.60773
19     1.49932    0.777056
19     1.52238    0.906263
19     1.54545    0.950762
19     1.56852    0.906627
19     1.59158     0.78552
19     1.61465    0.626029
19     1.63772    0.454081
19     1.66078    0.301773
19     1.68385    0.206263
19     1.70692    0.177349
19     1.72998     0.23563
19     1.75305    0.405691
19     1.77612    0.718287
19     1.79918     1.16504
19     1.82225     1.68798
19     1.84531     2.18885
19     1.86838     2.55648
19     1.89145     2.67137
19     1.91451     2.51422
19     1.93758     2.14294
19     1.96065     1.65548
19     1.98371     1.16779
19     2.00678    0.774293
19     2.02985    0.517775
19     2.05291    0.413091
19     2.07598    0.445645
19     2.09905    0.571372
19     2.12211    0.743767
19     2.14518    0.893007
19     2.16824    0.988097
19     2.19131    0.994265
19     2.21438     0.90874
19     2.23744    0.774424
19     2.26051    0.643105
19     2.28358    0.553304
19     2.30664     0.55484
20   0.0230664           0
20   0.0461329           0
20   0.0691993           0
20   0.0922657           0
20    0.115332           0
20    0.138399           0
20    0.161465           0
20    0.184531           0
20    0.207598           0
20    0.230664           0
20    0.253731           0
20    0.276797           0
20    0.299864           0
20     0.32293           0
20    0.345996           0
20    0.369063           0
20    0.392129           0
20    0.415196           0
20    0.438262           0
20    0.461329           0
20    0.484395           0
20    0.507461           0
20    0.530528           0
20    0.553594           0
20    0.576661           0
20    0.599727           0
20    0.622794           0
20     0.64586           0
20    0.668926           0
20    0.691993           0
20    0.715059           0
20    0.738126           0
20    0.761192           0
20    0.784259           0
20    0.807325           0
20    0.830391           0
20    0.853458           0
20    0.876524           0
20    0.899591 4.19756e-05
20    0.922657  0.00258204
20    0.945724   0.0390351
20     0.96879     0.25565
20    0.991856     0.92109
20     1.01492     2.11383
20     1.03799     3.48171
20     1.06106     4.45983
20     1.08412     4.73656
20     1.10719     4.33608
20     1.13026     3.52813
20     1.15332      2.5921
20     1.17639     1.74451
20     1.19945     1.08917
20     1.22252     0.62009
20     1.24559    0.325951
20     1.26865     0.16493
20     1.29172   0.0799737
20     1.31479   0.0424643
20     1.33785   0.0363139
20     1.36092   0.0538964
20     1.38399    0.096538
20     1.40705    0.173659
20     1.43012    0.288726
20     1.45319    0.442255
20     1.47625     0.60816
20     1.49932    0.776142
20     1.52238    0.905704
20     1.54545    0.949786
20     1.56852    0.906311
20     1.59158    0.786997
20     1.61465    0.625821
20     1.63772     0.45407
20     1.66078    0.302017
20     1.68385    0.206566
20     1.70692    0.177353
20     1.72998    0.235555
20     1.75305    0.406274
20     1.77612    0.719469
20     1.79918     1.16452
20     1.82225     1.68703
20     1.84531     2.18795
20     1.86838     2.55606
20     1.89145     2.67165
20     1.91451     2.51302
20     1.93758     2.14382
20     1.96065     1.65567
20     1.98371     1.16821
20     2.00678    0.774229
20     2.02985    0.517468
20     2.05291    0.413291
20     2.07598    0.445927
20     2.09905    0.571203
20     2.12211    0.743461
20     2.14518    0.893434
20     2.16824    0.988555
20     2.19131    0.994268
20     2.21438     0.90832
20     2.23744    0.774526
20     2.26051    0.643459
20     2.28358    0.553183
20     2.30664    0.555163
