-5.56226
-5.56193
-5.56064
-5.56193
-5.56031
-5.56031
-5.56161
-5.56096
-5.56193
-5.56161
-5.56161
-5.56096
-5.56258
-5.5629
-5.56226
-5.56096
-5.55675
-5.55869
-5.55869
-5.5574
-5.55772
-5.55869
-5.55933
-5.55998
-5.5603
-5.55966
-5.55674
-5.55448
-5.55739
-5.55642
-5.55901
-5.55998
-5.56031
-5.55999
-5.56128
-5.56387
-5.56355
-5.56322
-5.56322
-5.56193
-5.56193
-5.56031
-5.55934
-5.55837
-5.5561
-5.5574
-5.55578
-5.55546
-5.55773
-5.55675
-5.55773
-5.5574
-5.55837
-5.55805
-5.56031
-5.56129
-5.56161
-5.56291
-5.56258
-5.56291
-5.56096
-5.5655
-5.56453
-5.56517
-5.56809
-5.56744
-5.5668
-5.56809
-5.56939
-5.56777
-5.57133
-5.56777
-5.56614
-5.56744
-5.56711
-5.56582
-5.56647
-5.56679
-5.56647
-5.56582
-5.56518
-5.56518
-5.56324
-5.56518
-5.56615
-5.56647
-5.56388
-5.56031
-5.56161
-5.56096
-5.55805
-5.55837
-5.55999
-5.56129
-5.56031
-5.56096
-5.55999
-5.56193
-5.56258
-5.56096
-5.56161
-5.56388
-5.5642
-5.56485
-5.5629
-5.56419
-5.56484
-5.56193
-5.5629
-5.56258
-5.56323
-5.56258
-5.56128
-5.55772
-5.56128
-5.56031
-5.56031
-5.56096
-5.55967
-5.55902
-5.55902
-5.55805
-5.55901
-5.56096
-5.56225
-5.56225
-5.56387
-5.5616
-5.56063
-5.55934
-5.55901
-5.55739
-5.55675
-5.55804
-5.55934
-5.56096
-5.56063
-5.56031
-5.56225
-5.5629
-5.5629
-5.5616
-5.56063
-5.56096
-5.55998
-5.55998
-5.55804
-5.5574
-5.55675
-5.55837
-5.55902
-5.55869
-5.56064
-5.56031
-5.56161
-5.56258
-5.56258
-5.56257
-5.56193
-5.56095
-5.56192
-5.56225
-5.5616
-5.56128
-5.56323
-5.56355
-5.56517
-5.56323
-5.56323
-5.56129
-5.56258
-5.56258
-5.56258
-5.56419
-5.56419
-5.56354
-5.56322
-5.56192
-5.56063
-5.56096
-5.55999
-5.56096
-5.56161
-5.56096
-5.56258
-5.56322
-5.56355
-5.56322
-5.56193
-5.56193
-5.5629
-5.56387
-5.56387
-5.56387
-5.5603
-5.56257
-5.56225
-5.56193
-5.56161
-5.56161
-5.56193
-5.56161
-5.56193
-5.55966
-5.56096
-5.56322
-5.56095
-5.56063
-5.56322
-5.56354
-5.56483
-5.56581
-5.56581
-5.56517
-5.56679
-5.56809
-5.56712
-5.56679
-5.56711
-5.56355
-5.56516
-5.56354
-5.56581
-5.56517
-5.56355
-5.56322
-5.56354
-5.56062
-5.55901
-5.55901
-5.55998
-5.55934
-5.55999
-5.55869
-5.55869
-5.55933
-5.55933
-5.55998
-5.5603
-5.5603
-5.56224
-5.5603
-5.5603
-5.56063
-5.56095
-5.56063
-5.56128
-5.56193
-5.5616
-5.56322
-5.56128
-5.56063
-5.55998
-5.55836
-5.55934
-5.55998
-5.55998
-5.55933
-5.55932
-5.5577
-5.55803
-5.559
-5.5603
-5.56095
-5.56128
-5.55966
-5.56031
-5.56225
-5.56192
-5.55933
-5.55933
-5.55998
-5.56127
-5.56289
-5.56095
-5.56159
-5.56192
-5.56224
-5.5616
-5.5629
-5.56419
-5.5642
-5.56517
-5.56679
-5.56517
-5.56322
-5.56452
-5.56354
-5.56192
-5.56322
-5.56063
-5.55901
-5.55933
-5.55901
-5.55998
-5.55868
-5.5603
-5.56095
-5.56063
-5.55933
-5.56192
-5.56516
-5.56354
-5.56289
-5.5603
-5.55966
-5.55868
-5.55998
-5.56127
-5.56257
-5.5603
-5.5603
-5.56289
-5.56418
-5.56451
-5.56353
-5.56353
-5.56321
-5.5616
-5.56192
-5.56192
-5.56354
-5.5616
-5.56127
-5.56289
-5.56419
-5.56257
-5.56354
-5.56386
-5.5616
-5.5616
-5.5616
-5.55933
-5.55965
-5.55932
-5.56029
-5.56029
-5.56028
-5.55996
-5.56029
-5.55964
-5.559
-5.55738
-5.55932
-5.55932
-5.56094
-5.56191
-5.56223
-5.56158
-5.56255
-5.56288
-5.56353
-5.56224
-5.56191
-5.55997
-5.56062
-5.56256
-5.56256
-5.56353
-5.56385
-5.56385
-5.56417
-5.56352
-5.56288
-5.56288
-5.56158
-5.56191
-5.55964
-5.56062
-5.56094
-5.56029
-5.559
-5.55997
-5.56029
-5.56255
-5.56223
-5.56255
-5.56255
-5.55996
-5.55932
-5.56256
-5.56385
-5.56288
-5.56256
-5.56353
-5.56418
-5.56645
-5.56742
-5.56612
-5.56483
-5.56353
-5.56418
-5.56256
-5.56353
-5.56548
-5.56579
-5.56352
-5.56514
-5.56255
-5.56029
-5.55997
-5.56029
-5.55965
-5.559
-5.56094
-5.56094
-5.56094
-5.56126
-5.56256
-5.56353
-5.56385
-5.56223
-5.56159
-5.56127
-5.56289
-5.56289
-5.56289
-5.56321
-5.56224
-5.56482
-5.5632
-5.56158
-5.56061
-5.55996
-5.56028
-5.55964
-5.56093
-5.56191
-5.56191
-5.56223
-5.56385
-5.56353
-5.56385
-5.56288
-5.56158
-5.56061
-5.55964
-5.56158
-5.56579
-5.56611
-5.56481
-5.56482
-5.5632
-5.56385
-5.56352
-5.5645
-5.56223
-5.56288
-5.5632
-5.56385
-5.56255
-5.56158
-5.56287
-5.5632
-5.56352
-5.5619
-5.5619
-5.56061
-5.56158
-5.56222
-5.5606
-5.56125
-5.55996
-5.5619
-5.56255
-5.5645
-5.56353
-5.56223
-5.56126
-5.56223
-5.5619
-5.56061
-5.5606
-5.5606
-5.56157
-5.56222
-5.5619
-5.56093
-5.56093
-5.56125
-5.56028
-5.56061
-5.56158
-5.5632
-5.56353
-5.56353
-5.56385
-5.56449
-5.56481
-5.56578
-5.5674
-5.56417
-5.56384
-5.5632
-5.56158
-5.56191
-5.56191
-5.56417
-5.5632
-5.56255
-5.56028
-5.56125
-5.56158
-5.5619
-5.5619
-5.56158
-5.56061
-5.56061
-5.55931
-5.56061
-5.56028
-5.55996
-5.55932
-5.5564
-5.55673
-5.5577
-5.55899
-5.5577
-5.55931
-5.5619
-5.56061
-5.55964
-5.55867
-5.55705
-5.5577
-5.55996
-5.55964
-5.56061
-5.56158
-5.5619
-5.56061
-5.55996
-5.55932
-5.55997
-5.56062
-5.56126
-5.5658
-5.56547
-5.56256
-5.5619
-5.56061
-5.56028
-5.56158
-5.55899
-5.56028
-5.56061
-5.55835
-5.55802
-5.559
-5.5577
-5.55835
-5.5564
-5.55608
-5.55802
-5.55834
-5.55996
-5.56223
-5.56256
-5.56288
-5.56256
-5.56191
-5.56191
-5.56126
-5.56062
-5.56159
-5.56256
-5.56418
-5.56613
-5.56483
-5.56612
-5.56547
-5.56353
-5.5645
-5.56418
-5.56417
-5.56094
-5.56029
-5.56191
-5.55868
-5.55868
-5.55771
-5.5577
-5.5577
-5.55608
-5.55705
-5.56061
-5.56385
-5.56288
-5.56288
-5.56288
-5.56418
-5.56451
-5.56386
-5.56224
-5.56159
-5.56127
-5.56288
-5.56288
-5.56256
-5.5632
-5.56223
-5.56158
-5.5632
-5.56191
-5.56256
-5.56321
-5.56386
-5.56418
-5.56418
-5.56321
-5.56224
-5.56192
-5.56256
-5.56224
-5.56354
-5.56224
-5.56127
-5.55965
-5.55998
-5.5616
-5.56548
-5.56516
-5.56419
-5.56483
-5.56483
-5.56451
-5.56451
-5.56354
-5.56354
-5.56322
-5.56484
-5.56484
-5.56484
-5.56646
-5.56808
-5.56419
-5.5629
-5.56483
-5.56451
-5.56483
-5.56386
-5.56224
-5.5603
-5.56094
-5.56062
-5.56127
-5.5616
-5.56031
-5.56128
-5.55868
-5.55966
-5.55966
-5.55901
-5.55966
-5.55998
-5.56063
-5.55933
-5.55998
-5.5603
-5.55933
-5.56062
-5.5616
-5.56354
-5.56451
-5.5629
-5.56387
-5.56225
-5.56225
-5.5616
-5.56127
-5.55868
-5.55706
-5.5564
-5.55737
-5.55511
-5.55608
-5.55933
-5.55998
-5.56095
-5.56128
-5.56419
-5.56452
-5.56387
-5.56451
-5.56581
-5.56678
-5.5658
-5.56645
-5.56645
-5.56678
-5.56484
-5.56516
-5.56322
-5.56192
-5.56225
-5.5616
-5.56224
-5.5603
-5.55901
-5.56095
-5.5603
-5.55965
-5.55868
-5.55804
-5.55966
-5.55933
-5.55901
-5.55609
-5.55771
-5.55674
-5.55868
-5.55933
-5.55836
-5.55674
-5.55609
-5.55609
-5.55642
-5.5561
-5.55578
-5.55675
-5.55837
-5.55998
-5.55901
-5.55868
-5.55932
-5.55867
-5.56159
-5.56289
-5.56321
-5.56354
-5.56354
-5.56354
-5.56419
-5.56386
-5.56353
-5.56386
-5.56353
-5.56191
-5.56288
-5.56191
-5.56159
-5.56094
-5.56062
-5.56224
-5.56159
-5.56062
-5.56094
-5.56062
-5.56223
-5.56126
-5.56126
-5.56288
-5.56256
-5.56288
-5.56321
-5.5632
-5.56288
-5.56126
-5.5619
-5.56255
-5.56353
-5.5632
-5.56191
-5.56127
-5.56353
-5.56418
-5.56353
-5.56418
-5.56191
-5.56256
-5.56158
-5.56061
-5.55673
-5.5564
-5.55769
-5.55834
-5.55964
-5.55932
-5.56029
-5.55997
-5.55997
-5.56191
-5.56159
-5.55933
-5.56127
-5.56354
-5.56354
-5.56321
-5.56256
-5.56353
-5.56482
-5.56644
-5.56547
-5.56709
-5.56321
-5.56418
-5.56289
-5.56224
-5.56321
-5.55998
-5.56289
-5.56451
-5.56386
-5.56645
-5.56548
-5.56483
-5.56386
-5.56451
-5.56256
-5.56159
-5.56224
-5.56483
-5.56322
-5.56419
-5.56419
-5.56451
-5.56354
-5.56549
-5.56743
-5.56678
-5.56516
-5.56354
-5.56159
-5.5616
-5.56224
-5.5616
-5.56289
-5.56192
-5.56289
-5.56127
-5.5603
-5.55933
-5.55901
-5.55868
-5.55998
-5.55966
-5.55966
-5.56322
-5.56419
-5.56548
-5.56548
-5.56548
-5.56516
-5.56322
-5.56095
-5.55966
-5.55965
-5.56063
-5.55998
-5.55966
-5.55966
-5.56095
-5.56063
-5.5616
-5.56225
-5.56322
-5.56257
-5.56581
-5.56581
-5.56484
-5.56419
-5.56355
-5.56517
-5.56711
-5.56355
-5.56613
-5.56711
-5.56581
-5.56549
-5.56581
-5.56581
-5.56549
-5.56225
-5.56063
-5.56063
-5.55998
-5.5616
-5.5603
-5.55998
-5.56095
-5.56095
-5.56031
-5.55901
-5.55998
-5.56096
-5.56096
-5.56226
-5.56193
-5.56258
-5.56226
-5.55966
-5.55901
-5.56128
-5.56257
-5.56322
-5.56419
-5.56484
-5.56484
-5.56452
-5.56355
-5.56484
-5.56128
-5.56161
-5.55999
-5.55934
-5.56064
-5.55934
-5.56064
-5.56063
-5.55934
-5.56031
-5.56063
-5.55965
-5.56062
-5.56095
-5.5616
-5.56095
-5.55998
-5.55934
-5.55998
-5.56095
-5.56095
-5.5603
-5.55966
-5.55933
-5.55901
-5.56289
-5.56225
-5.55933
-5.55966
-5.55836
-5.55966
-5.56225
-5.56225
-5.5629
-5.56355
-5.56193
-5.56225
-5.56258
-5.56031
-5.55966
-5.56128
-5.55966
-5.55739
-5.55642
-5.55642
-5.5548
-5.55512
-5.55707
-5.55901
-5.55998
-5.55999
-5.56096
-5.5616
-5.5629
-5.56225
-5.56225
-5.5616
-5.56225
-5.56096
-5.56128
-5.56096
-5.5616
-5.56031
-5.56096
-5.56322
-5.56193
-5.56193
-5.56128
-5.56063
-5.55934
-5.55901
-5.55966
-5.55966
-5.56063
-5.56192
-5.56095
-5.56062
-5.55998
-5.56192
-5.56062
-5.56062
-5.56095
-5.56127
-5.56225
-5.56354
-5.56516
-5.56678
-5.56516
-5.56678
-5.56451
-5.56451
-5.56419
-5.56386
-5.56516
-5.56419
-5.56322
-5.56257
-5.56387
-5.56581
