1.89852
1.89337
1.88421
1.87038
1.85093
1.82456
1.78963
1.74432
1.68693
1.61631
1.53251
1.43759
1.3362
1.23551
1.1439
1.06889
1.01512
0.983574
0.97207
0.976423
0.991664
1.01289
1.03585
1.05723
1.07486
1.08776
1.09603
1.10065
1.10303
1.10453
1.1059
1.10712
1.10745
1.10563
1.10027
1.09027
1.07535
1.05651
1.03587
1.01607
0.999271
0.986512
0.977769
0.972631
0.970912
0.972788
0.978415
0.98745
0.998875
1.0111
1.02232
1.03091
1.03573
1.03619
1.03239
1.02529
1.01656
1.00823
1.00194
0.998377
0.997395
0.99854
1.00142
1.00572
1.01101
1.01652
1.02122
1.02414
1.02486
1.02382
1.02236
1.02212
1.02433
1.02926
1.03617
1.0437
1.05039
1.05528
1.05826
1.05995
1.06121
1.06239
1.06311
1.06253
1.06029
1.05695
1.05361
1.05128
1.05046
1.05118
1.05325
1.05626
1.0597
1.06288
1.06503
1.0655
1.0638
1.05967
1.05307
1.0441
1.03299
1.02
1.00541
0.989666
0.973678
0.958955
0.94741
0.940813
0.9403
0.946289
0.958368
0.975061
0.993872
1.012
1.02716
1.03793
1.0438
1.04494
1.04216
1.03669
1.03008
1.02379
1.01868
1.01472
1.01128
1.00779
1.00443
1.00221
1.00237
1.00581
1.0127
1.02268
1.03506
1.04901
1.06347
1.07716
1.08874
1.09703
1.10147
1.10245
1.10139
1.10018
1.10021
1.10144
1.10252
1.1018
1.09835
1.09246
1.08578
1.08059
1.07855
1.07974
1.08273
1.08542
1.08597
1.08314
1.07643
1.06599
1.05273
1.03864
1.02706
1.02177
1.0245
1.03302
1.04263
1.04957
1.05298
1.05444
1.05635
1.06029
1.06651
1.07432
1.08273
1.09089
1.09845
1.10571
1.11308
1.12007
1.12489
1.12527
1.11973
1.10845
1.09355
1.07877
1.06828
1.0647
1.06785
1.07523
1.0838
1.09148
1.09744
1.10158
1.10386
1.10383
1.10069
1.09363
1.08239
1.0675
1.0501
1.03148
1.01259
0.994193
0.977443
0.96406
0.955697
0.953079
0.955964
0.963811
0.976294
0.99323
1.01415
1.038
1.06314
1.08758
1.10942
1.12705
1.13945
1.14622
1.14766
1.14451
1.1378
1.12858
1.11771
1.10592
1.09381
1.08204
1.07132
1.06243
1.05611
1.05297
1.05345
1.05775
1.0657
1.07659
1.08925
1.10214
1.11368
1.12248
1.12763
1.12887
1.12646
1.12109
1.11371
1.10557
1.09829
1.09389
1.09401
1.09907
1.10795
1.11883
1.12999
1.14009
1.14786
1.15197
1.15133
1.14559
1.13561
1.12324
1.11041
1.09809
1.08618
1.07423
1.06208
1.05011
1.03896
1.02928
1.02157
1.01618
1.01335
1.01306
1.01484
1.01767
1.02018
1.02089
1.01863
1.01285
1.00386
0.992925
0.982193
0.974432
0.972408
0.978009
0.991463
1.01101
1.0333
1.05431
1.0705
1.0796
1.08087
1.07512
1.0645
1.05218
1.04175
1.03616
1.03671
1.04271
1.05205
1.06236
1.07187
1.07951
1.08458
1.08652
1.08489
1.07968
1.0716
1.06199
1.05218
1.04293
1.0342
1.02595
1.01908
1.01576
1.01847
1.02826
1.04378
1.06168
1.07804
1.08971
1.09485
1.09309
1.08532
1.07361
1.0608
1.05002
1.04376
1.04307
1.04715
1.05384
1.06034
1.06408
1.06316
1.05663
1.04473
1.02894
1.01166
0.995526
0.982789
0.974904
0.972513
0.975598
0.983629
0.995586
1.0099
1.02449
1.03702
1.04538
1.04813
1.04514
1.03783
1.02919
1.0228
1.0213
1.025
1.03184
1.0389
1.0441
1.04699
1.04855
1.05032
1.05354
1.0586
1.065
1.0717
1.07767
1.08226
1.0853
1.08696
1.08749
1.08713
1.08617
1.08506
1.08441
1.08474
1.08625
1.08863
1.09123
1.09331
1.09432
1.09406
1.09266
1.09053
1.08808
1.08566
1.08359
1.08202
1.08088
1.07986
1.07844
1.07612
1.07265
1.06814
1.06317
1.05858
1.05523
1.05359
1.05339
1.05367
1.0533
1.05189
1.0503
1.05018
1.05275
1.05787
1.06433
1.07074
1.07609
1.07988
1.08202
1.08292
1.08337
1.08449
1.08721
1.09199
1.0986
1.10619
1.11365
1.11986
1.12384
1.12483
1.12234
1.1163
1.10709
1.09555
1.08296
1.0708
1.06045
1.05304
1.04916
1.04883
1.05145
1.05593
1.06093
1.06522
1.06797
1.06894
1.06848
1.0674
1.06672
1.06732
1.06952
1.07278
1.07566
1.07608
1.07206
1.06265
1.04871
1.03321
1.02034
1.01378
1.01495
1.02304
1.03618
1.05267
1.07134
1.09135
1.11184
1.13179
1.15004
1.16553
1.17743
1.18522
1.1886
1.18738
1.18138
1.17056
1.15521
1.13604
1.11436
1.09201
1.07118
1.05395
1.04157
1.03404
1.03052
1.03028
1.03332
1.04027
1.05162
1.06683
1.08384
1.09935
1.10984
1.11287
1.10837
1.09935
1.091
1.08805
1.09224
1.10224
1.11496
1.12691
1.13498
1.13724
1.13318
1.12361
1.11026
1.0954
1.08149
1.07075
1.06469
1.09861
1.10096
1.10558
1.11056
1.11417
1.11528
1.11341
1.10838
1.09989
1.08769
1.07228
1.05561
1.04104
1.03235
1.03217
1.04105
1.05761
1.07935
1.10336
1.12683
1.14772
1.16516
1.1794
1.19132
1.20174
1.21086
1.21802
1.22199
1.22143
1.21537
1.20353
1.18642
1.16521
1.14142
1.11666
1.09261
1.07087
1.053
1.04021
1.03292
1.03055
1.03171
1.03489
1.03905
1.04396
1.05009
1.05818
1.06848
1.0801
1.09104
1.0989
1.10172
1.09865
1.09002
1.07732
1.06277
1.04866
1.03641
1.02607
1.01687
1.00815
1.00012
0.994028
0.991883
0.995634
1.00601
1.02197
1.04118
1.06105
1.07931
1.09419
1.10426
1.10851
1.10679
1.1001
1.09039
1.08011
1.07141
1.06556
1.06254
1.06128
1.06015
1.05771
1.05315
1.04633
1.0375
1.02702
1.01531
1.00333
0.993022
0.987146
0.988055
0.996059
1.00894
1.0233
1.03635
1.04691
1.0552
1.06235
1.06951
1.0773
1.08548
1.0932
1.09951
1.10389
1.10643
1.10766
1.10822
1.10853
1.10853
1.1076
1.10471
1.09888
1.08972
1.07791
1.06533
1.0548
1.04916
1.05024
1.05799
1.07036
1.08399
1.09515
1.10065
1.09841
1.08802
1.071
1.05075
1.03148
1.01654
1.00712
1.00231
1.00026
0.999306
0.998672
0.99861
1.00013
1.00443
1.01216
1.02308
1.03615
1.05016
1.06415
1.07721
1.08799
1.09452
1.09495
1.08862
1.07665
1.06181
1.0479
1.0385
1.03597
1.04083
1.05201
1.06751
1.08507
1.10242
1.1174
1.12828
1.13421
1.13559
1.1338
1.1304
1.12632
1.12171
1.11632
1.11009
1.10336
1.09677
1.09099
1.08657
1.08426
1.08489
1.08886
1.09529
1.10204
1.10676
1.10793
1.10544
1.10056
1.09518
1.09058
1.08678
1.08281
1.07779
1.07162
1.06502
1.05904
1.05477
1.05303
1.05423
1.05836
1.06513
1.07432
1.08603
1.10057
1.11787
1.13719
1.15722
1.17639
1.19316
1.20613
1.21408
1.21612
1.21179
1.20103
1.18421
1.16204
1.13555
1.10618
1.07586
1.04703
1.02256
1.00511
0.996418
0.996674
1.00457
1.01796
1.03467
1.05298
1.07154
1.08889
1.10343
1.11373
1.11904
1.11947
1.11589
1.10963
1.1022
1.09504
1.0894
1.08616
1.08578
1.08819
1.09278
1.09843
1.10363
1.10653
1.10531
1.09857
1.08569
1.067
1.04346
1.01651
0.988032
0.960726
0.938384
0.925264
0.924618
0.93694
0.959118
0.985783
1.01199
1.03496
1.05402
1.06968
1.08264
1.09326
1.10135
1.10633
1.10751
1.10434
1.09668
1.08496
1.0704
1.05483
1.04026
1.02829
1.01973
1.01456
1.01211
1.01133
1.01112
1.01052
1.00895
1.00645
1.00392
1.00283
1.0045
1.00925
1.0164
1.0248
1.03359
1.04249
1.05155
1.06064
1.06914
1.07592
1.07992
1.08083
1.0794
1.07722
1.07589
1.07605
1.07712
1.07752
1.07546
1.06971
1.05997
1.04691
1.0319
1.01639
1.00144
0.987437
0.974127
0.960897
0.947547
0.93526
0.927189
0.927586
0.939366
0.962149
0.99235
1.02484
1.05477
1.07875
1.09535
1.10494
1.10906
1.10956
1.10767
1.10351
1.09663
1.08697
1.07566
1.06504
1.05761
1.05463
1.05563
1.05882
1.06193
1.06279
1.05982
1.05241
1.04109
1.02739
1.01332
1.00093
0.992172
0.988851
0.992274
1.00222
1.01648
1.03185
1.04595
1.05776
1.06718
1.07436
1.07926
1.08182
1.08229
1.08137
1.07975
1.07732
1.0727
1.06372
1.04836
1.02657
1.00281
0.987054
0.989106
1.00907
1.03794
1.0669
1.09176
1.11143
1.12577
1.13463
1.13774
1.13476
1.12548
1.11004
1.08908
1.06406
1.03746
1.01257
0.992833
0.98081
0.977446
0.981819
0.991679
1.00442
1.01791
1.03091
1.04296
1.05408
1.06432
1.07353
1.08122
1.08677
1.08974
1.09015
1.08878
1.08703
1.08647
1.08834
1.09301
1.09978
1.10705
1.11275
1.11468
1.11105
1.10092
1.08461
1.0641
1.04293
1.02527
1.01431
1.0111
1.01439
1.0217
1.03051
1.03924
1.04766
1.0565
1.06654
1.07764
1.08869
1.09808
1.10451
1.10744
1.10717
1.10469
1.10136
1.09854
1.09716
1.0976
1.09963
1.1025
1.10502
1.10613
1.10544
1.10342
1.10082
1.0979
1.09417
1.08887
1.08177
1.07372
1.06643
1.0619
1.06155
1.06563
1.07318
1.08252
1.09163
1.09832
1.10052
1.09667
1.08624
1.07008
1.05057
1.03112
1.01522
1.00527
1.00204
1.00494
1.01284
1.02449
1.03867
1.05427
1.07028
1.08595
1.10067
1.11373
1.12415
1.13062
1.13199
1.12757
1.11748
1.10289
1.08603
1.06953
1.05538
1.0445
1.03689
1.03214
1.02964
1.02868
1.02873
1.02966
1.0319
1.03629
1.0435
1.05321
1.06354
1.07157
1.0746
1.07129
1.06195
1.04822
1.03257
1.01801
1.00764
1.00405
1.00863
1.02108
1.03939
1.06051
1.11886
1.13555
1.14814
1.15666
1.1612
1.16155
1.15725
1.14811
1.13478
1.11903
1.10371
1.09205
1.0865
1.08792
1.09553
1.10738
1.12079
1.13297
1.14164
1.14559
1.14486
1.14046
1.13398
1.12698
1.1207
1.11591
1.11308
1.11226
1.11317
1.11523
1.11781
1.12028
1.12197
1.12216
1.12014
1.1153
1.1073
1.09625
1.08291
1.06896
1.05685
1.04939
1.0491
1.05746
1.07416
1.09657
1.12029
1.14069
1.15439
1.1598
1.15714
1.14824
1.13623
1.12501
1.11807
1.11728
1.12218
1.13047
1.13928
1.14623
1.14996
1.1501
1.1471
1.14208
1.13655
1.13207
1.12992
1.13064
1.13381
1.13811
1.14179
1.1433
1.14187
1.13754
1.13094
1.12293
1.11435
1.10611
1.09936
1.09548
1.0957
1.10032
1.10815
1.11664
1.12266
1.12355
1.11779
1.10531
1.08777
1.06884
1.05394
1.04769
1.05058
1.05892
1.06822
1.07564
1.07993
1.08074
1.07827
1.07329
1.0668
1.05979
1.05305
1.0473
1.04332
1.04184
1.0433
1.04743
1.05337
1.05989
1.06582
1.07039
1.07323
1.07414
1.07297
1.06977
1.06514
1.06045
1.05768
1.05873
1.06472
1.07526
1.08856
1.10209
1.11373
1.12241
1.12818
1.13156
1.13297
1.13247
1.13003
1.12578
1.12012
1.11352
1.10614
1.0978
1.08817
1.07699
1.06424
1.0503
1.03593
1.0223
1.01075
1.00251
0.998223
0.997584
0.999378
1.00199
1.00423
1.00588
1.00786
1.01173
1.019
1.03046
1.04562
1.06287
1.08006
1.09527
1.10731
1.11578
1.12076
1.12256
1.12156
1.11827
1.11339
1.10798
1.10339
1.10084
1.10108
1.10423
1.10979
1.11694
1.1248
1.1327
1.14026
1.14731
1.15375
1.1594
1.16403
1.16733
1.16921
1.16996
1.17027
1.17104
1.17276
1.17505
1.17654
1.1755
1.17074
1.16217
1.15092
1.13885
1.12788
1.11918
1.11283
1.10791
1.10307
1.09704
1.08889
1.07821
1.06526
1.05107
1.03727
1.02561
1.01757
1.014
1.01499
1.0202
1.02912
1.04123
1.05586
1.07202
1.08832
1.10321
1.11525
1.12346
1.12741
1.12735
1.12412
1.11915
1.11395
1.10966
1.10662
1.10429
1.10165
1.09774
1.09203
1.08453
1.07579
1.06678
1.05888
1.05366
1.05252
1.05624
1.06449
1.07574
1.08762
1.09758
1.10343
1.10353
1.09692
1.0833
1.06336
1.03923
1.01448
0.993149
0.978011
0.969536
0.966546
0.967744
0.972687
0.981886
0.996163
1.01579
1.0398
1.06593
1.09117
1.11264
1.12829
1.1373
1.13989
1.13706
1.13008
1.12002
1.10749
1.09289
1.07689
1.06073
1.04607
1.03464
1.02779
1.02617
1.0296
1.03695
1.04634
1.05545
1.062
1.06427
1.06155
1.05422
1.04368
1.03196
1.02131
1.01375
1.01078
1.0132
1.02112
1.03399
1.05072
1.06973
1.08906
1.10662
1.1206
1.12978
1.13388
1.13365
1.13064
1.12682
1.12409
1.12377
1.12628
1.13096
1.13636
1.1408
1.14317
1.1436
1.1435
1.14463
1.14769
1.1515
1.15357
1.15145
1.14374
1.13073
1.11427
1.09731
1.08293
1.07314
1.06806
1.06599
1.06434
1.06081
1.05413
1.04419
1.03179
1.01823
1.00482
0.992663
0.982783
0.976781
0.977202
0.986467
1.00431
1.02644
1.0464
1.05904
1.06287
1.06052
1.05712
1.05696
1.06077
1.06623
1.07056
1.07215
1.07069
1.06644
1.0597
1.05075
1.04011
1.02872
1.01778
1.00844
1.00129
0.996345
0.993231
0.991297
0.989587
0.987062
0.982968
0.977434
0.971676
0.967813
0.968234
0.974671
0.987533
1.00587
1.02781
1.0512
1.07409
1.09504
1.11299
1.12707
1.13649
1.1405
1.13857
1.13081
1.11828
1.10309
1.08788
1.07497
1.06558
1.05974
1.05718
1.05807
1.06314
1.07271
1.08568
1.09953
1.11157
1.12003
1.12437
1.12494
1.12257
1.11824
1.11296
1.10766
1.10302
1.09944
1.09694
1.0952
1.09373
1.09189
1.08905
1.08468
1.07855
1.07092
1.06259
1.05476
1.04858
1.04482
1.04373
1.04514
1.0487
1.05411
1.06099
1.06863
1.07598
1.08161
1.08407
1.08224
1.07574
1.0652
1.05225
1.03932
1.02908
1.02344
1.023
1.02758
1.03694
1.05101
1.06932
1.09025
1.11114
1.12908
1.14172
1.14768
1.14677
1.14004
1.12965
1.11846
1.10909
1.10308
1.10058
1.10071
1.10216
1.1039
1.10536
1.10627
1.1063
1.10493
1.10164
1.09619
1.08893
1.08097
1.07389
1.06916
1.0676
1.06893
1.07225
1.07697
1.0835
1.09268
1.10471
1.11835
1.13143
1.14173
1.14739
1.14676
1.13825
1.12079
1.09496
1.06446
1.03592
1.01542
1.00475
1.00191
1.00447
1.01088
1.01973
1.02923
1.03775
1.04449
1.04931
1.05199
1.05168
1.04745
1.03953
1.03005
1.0226
1.02011
1.02277
1.02772
1.03097
1.02973
1.02367
1.01516
1.00809
1.00567
1.00903
1.01777
1.11176
1.12595
1.14048
1.1537
1.16413
1.17056
1.17227
1.16924
1.1624
1.15365
1.14566
1.14123
1.14239
1.14942
1.16059
1.17271
1.18218
1.18591
1.182
1.17017
1.15228
1.13233
1.11545
1.10584
1.10488
1.11088
1.12045
1.13011
1.13717
1.14017
1.1389
1.13435
1.12817
1.12227
1.11844
1.11799
1.12157
1.12901
1.13926
1.1506
1.1609
1.1682
1.17124
1.16984
1.16488
1.15776
1.14974
1.14163
1.13402
1.12771
1.12361
1.12202
1.12231
1.12314
1.12328
1.1222
1.12027
1.11842
1.11765
1.11831
1.11962
1.12006
1.11867
1.1157
1.11214
1.10857
1.10451
1.09879
1.09036
1.07933
1.0674
1.05733
1.05202
1.05388
1.06472
1.08516
1.11328
1.14392
1.1707
1.18906
1.19756
1.1972
1.19001
1.17829
1.16445
1.15109
1.1407
1.13498
1.13396
1.13581
1.13756
1.13667
1.13226
1.12512
1.1169
1.10931
1.10365
1.10067
1.1003
1.10209
1.10614
1.11358
1.12562
1.14165
1.15866
1.17291
1.18215
1.18602
1.18534
1.18114
1.17424
1.16532
1.15507
1.1441
1.13297
1.1223
1.11287
1.10558
1.10125
1.10032
1.10277
1.108
1.11497
1.12236
1.12889
1.13361
1.13626
1.13728
1.13748
1.13737
1.13682
1.13522
1.13222
1.12824
1.12477
1.12409
1.12848
1.13926
1.15599
1.17657
1.19783
1.21662
1.23068
1.23929
1.24332
1.24454
1.2445
1.24353
1.24073
1.2348
1.22489
1.21112
1.19453
1.1767
1.15896
1.14187
1.12545
1.10962
1.0945
1.08041
1.06779
1.05712
1.04898
1.04398
1.0427
1.04552
1.05259
1.06374
1.0786
1.09674
1.1179
1.14176
1.16741
1.19302
1.2163
1.23522
1.24825
1.25444
1.25355
1.24608
1.2332
1.21661
1.19841
1.1809
1.16607
1.15501
1.1474
1.14195
1.13703
1.13157
1.12544
1.11946
1.1147
1.1116
1.10939
1.10665
1.10226
1.09654
1.09174
1.09101
1.09592
1.10495
1.1143
1.12016
1.12013
1.11331
1.10021
1.08276
1.06439
1.0496
1.04292
1.04708
1.06166
1.083
1.10556
1.12424
1.13617
1.141
1.14031
1.13659
1.13216
1.12836
1.12516
1.12179
1.11761
1.11274
1.10807
1.10493
1.10464
1.10801
1.11494
1.12435
1.13452
1.14375
1.15084
1.15523
1.15679
1.15576
1.15261
1.14815
1.14353
1.13989
1.13787
1.13726
1.13722
1.13685
1.13586
1.13489
1.13525
1.1382
1.14404
1.15173
1.15911
1.16364
1.16318
1.1567
1.1451
1.13162
1.12065
1.11495
1.11373
1.11406
1.11361
1.11218
1.11127
1.11282
1.11801
1.12681
1.13818
1.15083
1.16372
1.17625
1.18819
1.19945
1.21015
1.22043
1.23016
1.23866
1.24469
1.24683
1.24408
1.23629
1.22429
1.20962
1.19406
1.17933
1.1671
1.15918
1.1572
1.16193
1.17256
1.18665
1.20112
1.21351
1.22266
1.22867
1.2324
1.23486
1.23682
1.23867
1.24039
1.24161
1.24148
1.23862
1.2313
1.21803
1.19838
1.17371
1.14755
1.12513
1.11189
1.11124
1.12281
1.14264
1.16512
1.18519
1.19944
1.20617
1.20519
1.19752
1.18529
1.1713
1.15847
1.14889
1.14341
1.14164
1.14247
1.14488
1.14839
1.15284
1.15776
1.16211
1.16469
1.16477
1.1624
1.15851
1.15443
1.15104
1.14799
1.14366
1.13602
1.12398
1.10801
1.08995
1.07237
1.05815
1.05025
1.05126
1.06255
1.08332
1.11055
1.13997
1.1674
1.18972
1.20517
1.2133
1.21468
1.21066
1.20313
1.19417
1.18533
1.17702
1.16828
1.15725
1.14235
1.12338
1.10204
1.08153
1.06569
1.05789
1.0603
1.07362
1.09715
1.12896
1.16604
1.20447
1.23983
1.26797
1.28585
1.29221
1.28791
1.27583
1.26005
1.24458
1.23188
1.22234
1.21507
1.20913
1.20426
1.20081
1.19922
1.19938
1.20042
1.20083
1.19899
1.19383
1.18541
1.17488
1.16377
1.15313
1.143
1.13262
1.12108
1.10833
1.09582
1.08602
1.0807
1.07959
1.08086
1.08273
1.08452
1.08649
1.08912
1.09242
1.09586
1.0986
1.10016
1.10077
1.10139
1.1033
1.10754
1.1145
1.124
1.1356
1.14881
1.1629
1.17655
1.18797
1.19545
1.19774
1.19428
1.18524
1.17152
1.15492
1.13822
1.12457
1.11598
1.11223
1.11164
1.11305
1.11653
1.12262
1.13123
1.14118
1.15062
1.15745
1.15976
1.1561
1.14578
1.12909
1.10748
1.08334
1.05982
1.0401
1.02655
1.01997
1.01959
1.02391
1.03181
1.0433
1.05907
1.07908
1.10146
1.12301
1.14081
1.15331
1.16033
1.16255
1.16097
1.15648
1.14964
1.14067
1.12953
1.11645
1.10262
1.09036
1.0826
1.08164
1.08781
1.09929
1.11292
1.12566
1.13558
1.14221
1.14617
1.14852
1.15019
1.15142
1.15175
1.15049
1.14741
1.14307
1.13888
1.1365
1.13716
1.14111
1.14756
1.15508
1.16201
1.16671
1.10028
1.09739
1.09143
1.08366
1.07632
1.07213
1.07358
1.08195
1.09671
1.11544
1.13454
1.15007
1.15876
1.15874
1.15007
1.13482
1.11673
1.10017
1.08877
1.08453
1.08743
1.09583
1.10733
1.11979
1.13176
1.14224
1.15021
1.15457
1.15433
1.1488
1.13786
1.12208
1.10281
1.08213
1.06245
1.0458
1.03328
1.02503
1.02081
1.02052
1.0241
1.0312
1.04101
1.05242
1.06447
1.07642
1.08763
1.09752
1.10572
1.11219
1.11742
1.12251
1.12913
1.13904
1.15304
1.17016
1.18778
1.20244
1.21072
1.20997
1.19892
1.17798
1.14922
1.11635
1.08491
1.06146
1.05053
1.05159
1.05978
1.07012
1.07979
1.08748
1.09208
1.09267
1.08923
1.0829
1.0757
1.06973
1.06635
1.06594
1.06801
1.07171
1.07621
1.08086
1.08523
1.08891
1.09139
1.09208
1.09036
1.08576
1.07819
1.06815
1.05674
1.04552
1.03623
1.03046
1.02923
1.03277
1.04041
1.05084
1.06251
1.0742
1.08534
1.09613
1.10719
1.11895
1.13098
1.14193
1.15
1.15388
1.15344
1.15002
1.14606
1.14424
1.14662
1.15398
1.16579
1.18035
1.19519
1.20753
1.21465
1.21448
1.20613
1.1904
1.16988
1.14832
1.12927
1.11502
1.1061
1.10162
1.09981
1.09846
1.09564
1.0902
1.0823
1.07331
1.06498
1.05829
1.05301
1.04868
1.04579
1.04612
1.05143
1.06194
1.0756
1.08876
1.0978
1.10042
1.09619
1.08627
1.07294
1.05897
1.04711
1.03982
1.03899
1.0455
1.05873
1.07656
1.09609
1.11463
1.13044
1.14301
1.15266
1.16014
1.16613
1.17103
1.17495
1.17781
1.17934
1.17929
1.17758
1.17456
1.17095
1.16749
1.16451
1.16164
1.15798
1.15256
1.14499
1.13584
1.12666
1.11946
1.11577
1.11595
1.11906
1.1234
1.12734
1.12996
1.13118
1.13159
1.13201
1.13312
1.13525
1.13829
1.14179
1.14507
1.1475
1.1486
1.14813
1.14606
1.14242
1.13712
1.12995
1.12069
1.10952
1.09747
1.08653
1.07927
1.07769
1.08212
1.0909
1.10106
1.10938
1.1135
1.11239
1.10658
1.09793
1.08894
1.08184
1.07784
1.07689
1.07815
1.08064
1.0839
1.08815
1.09415
1.10279
1.11456
1.12936
1.14646
1.16474
1.18291
1.19975
1.21419
1.22535
1.23254
1.23515
1.23264
1.2245
1.21045
1.19087
1.16711
1.14144
1.11688
1.09688
1.08437
1.08062
1.08496
1.09559
1.11062
1.12825
1.14642
1.16306
1.1765
1.18583
1.1908
1.19179
1.18978
1.18619
1.18272
1.1808
1.18119
1.18368
1.18722
1.19021
1.191
1.18831
1.18146
1.17044
1.15588
1.13888
1.12093
1.10377
1.08908
1.07822
1.07183
1.06995
1.07211
1.0775
1.08498
1.093
1.09961
1.10294
1.1017
1.09576
1.08614
1.07475
1.06402
1.05635
1.05353
1.05629
1.06403
1.07498
1.08668
1.09652
1.10238
1.10301
1.09814
1.08823
1.07405
1.05635
1.03588
1.01394
0.99283
0.976012
0.967234
0.969004
0.981354
1.002
1.02759
1.05501
1.08196
1.10706
1.12959
1.14924
1.16569
1.17832
1.18632
1.1895
1.18909
1.18771
1.18763
1.18869
1.18811
1.18235
1.16923
1.14869
1.12267
1.09474
1.06946
1.05133
1.04336
1.04588
1.05639
1.07063
1.08417
1.09372
1.09781
1.09688
1.0929
1.08837
1.08531
1.0847
1.08661
1.09081
1.0968
1.10338
1.1088
1.11164
1.11208
1.11236
1.11545
1.12276
1.13278
1.1422
1.14795
1.1486
1.14449
1.13718
1.12874
1.12103
1.11543
1.11256
1.11242
1.1144
1.11737
1.1198
1.11991
1.11605
1.10717
1.09318
1.07516
1.05533
1.03655
1.0215
1.01191
1.00818
1.00949
1.01426
1.02074
1.02772
1.03475
1.04214
1.05073
1.06147
1.07518
1.09203
1.11117
1.13052
1.14708
1.15747
1.15879
1.14946
1.12991
1.10279
1.07261
1.0446
1.02318
1.01049
1.00569
1.00574
1.00709
1.00747
1.00659
1.00591
1.00781
1.01475
1.0281
1.04729
1.06956
1.09084
1.10727
1.11661
1.11896
1.11643
1.11194
1.10759
1.10378
1.09964
1.09418
1.08747
1.0814
1.07899
1.08222
1.09038
1.10062
1.10977
1.11567
1.11729
1.11467
1.10878
1.10161
1.09581
1.09388
1.09714
1.1051
1.11574
1.12657
1.13554
1.14156
1.14441
1.14447
1.14232
1.13857
1.13383
1.12894
1.125
1.12335
1.12507
1.13055
1.13921
1.14968
1.16033
1.16974
1.17692
1.18137
1.18283
1.18105
1.17558
1.16591
1.15183
1.13384
1.11337
1.09257
1.07393
1.05968
1.05137
1.04957
1.05365
1.06197
1.07229
1.08244
1.09067
1.09588
1.09771
1.09649
1.093
1.08793
1.08138
1.07281
1.06193
1.05035
1.04233
1.0421
1.04963
1.06041
1.06962
1.07494
1.0763
1.07456
1.07075
1.06576
1.06013
1.05383
1.0461
1.03598
1.02305
1.00815
0.993753
0.983577
0.981473
0.989855
1.00853
1.03457
1.06344
1.09059
1.11247
1.127
1.13336
1.13158
1.12247
1.10796
1.09154
1.07735
1.06793
1.06263
1.05866
1.05337
1.04554
1.03516
1.02281
1.00932
0.995719
0.9835
0.974608
0.970947
0.973638
0.982556
0.9966
1.01447
1.03522
1.05815
1.08207
1.1051
1.12493
1.13954
1.14775
1.14936
1.14514
1.13661
1.1258
1.11481
1.10539
1.09833
1.0936
1.09089
1.09014
1.09179
1.0965
1.10481
1.11668
1.13136
1.14733
1.1626
1.17512
1.18321
1.1859
1.18317
1.17582
1.16531
1.15327
1.14101
1.12945
1.11946
1.11241
1.10993
1.1128
1.11997
1.12888
1.13693
1.14251
1.14528
1.14577
1.14486
1.14322
1.14117
1.1389
1.13687
1.13575
1.13572
1.13588
1.13464
1.13092
1.12486
1.11779
1.11139
1.10691
1.10466
1.10399
1.10365
1.10239
1.09966
1.09602
1.09308
1.09278
1.09636
1.10369
1.11365
1.12483
1.13584
1.1451
1.15112
1.153
1.15092
1.1463
1.14122
1.13754
1.13616
1.13692
1.13872
1.13984
1.13849
1.13369
1.12593
1.11693
1.10825
1.10033
1.09281
1.08552
1.07875
1.0727
1.06694
1.06052
1.05266
1.04333
1.03361
1.02558
1.0217
1.02385
1.03264
1.0472
1.06558
1.08529
1.10397
1.11961
1.13081
1.13671
1.13725
1.13319
1.1263
1.11914
1.11457
1.11484
1.12075
1.13124
1.14378
1.15527
1.16306
1.16546
1.16188
1.15264
1.13873
1.12148
1.1024
1.08303
1.06506
1.05028
1.04056
1.0375
1.04199
1.05395
1.0722
1.0946
1.11831
1.14018
1.15725
1.16737
1.16943
1.16326
1.14939
1.12912
1.10548
1.08433
1.07298
1.07461
1.08445
1.0942
1.09863
1.09734
1.09314
1.08988
1.09071
1.09685
1.10739
1.11984
1.13118
1.13883
1.14113
1.13745
1.1279
1.11307
1.09387
1.07167
1.04866
1.0279
1.01293
1.00683
1.01108
1.02499
1.04603
1.07107
1.09745
1.12347
1.14807
1.1704
1.18939
1.20399
1.21363
1.21866
1.2204
1.22055
1.22051
1.22086
1.22141
1.22139
1.21978
1.2155
1.20758
1.19541
1.17887
1.15845
1.1351
1.11004
1.08449
1.05957
1.03613
1.01499
0.997082
0.983608
0.975718
0.973992
0.978061
0.986726
0.998396
1.01168
1.02579
1.04053
1.05604
1.07254
1.09009
1.10846
1.12706
1.14489
1.16081
1.17389
1.18368
1.19021
1.19383
1.19487
1.19338
1.18905
1.18156
1.17083
1.15736
1.1422
1.12669
1.11203
1.09911
1.08821
1.07894
1.07033
1.06141
1.05195
1.0429
1.03609
1.03344
1.03581
1.04224
1.05011
1.05647
1.0596
1.05986
1.05952
1.0617
1.06898
1.08209
1.09965
1.11888
1.1368
1.15133
1.16172
1.16828
1.17166
1.17212
1.16936
1.16283
1.15215
1.13733
1.11901
1.09845
1.07733
1.05732
1.03969
1.02541
1.01546
1.01091
1.0123
1.01905
1.02975
1.043
1.05789
1.07407
1.09136
1.10938
1.1273
1.14415
1.15909
1.17165
1.18175
1.18949
1.19499
1.19814
1.1984
1.19498
1.18717
1.17518
1.16071
1.14694
1.13726
1.13352
1.13484
1.13807
1.13932
1.13542
1.12502
1.10887
1.08968
1.07144
1.05858
1.05453
1.06038
1.07461
1.09409
1.11548
1.13625
1.15491
1.17066
1.18288
1.19079
1.1934
1.18973
1.17935
1.16289
1.14246
1.12146
1.10351
1.0913
1.0859
1.08713
1.09398
1.10464
1.11636
1.12581
1.12992
1.12671
1.11569
1.09784
1.07532
1.0511
1.02856
1.01107
1.00162
1.00241
1.01439
1.0367
1.06642
1.0991
1.12989
1.15466
1.1707
1.17696
1.17393
1.16343
1.14813
1.13102
1.11471
1.10111
1.0914
1.08627
1.08588
1.08968
1.09617
1.10309
1.10804
1.10934
1.10668
1.10132
1.09564
1.09214
1.0921
1.09485
1.09835
1.10062
1.10069
1.09863
1.09507
1.09081
1.08666
1.08349
1.08219
1.08358
1.08808
1.09538
1.10431
1.1132
1.12061
1.12604
1.13025
1.13494
1.14175
1.15126
1.16267
1.17436
1.18495
1.19372
1.20049
1.20491
1.20612
1.20289
1.19425
1.17996
1.16089
1.13882
1.11603
1.09484
1.07713
1.06418
1.05644
1.05381
1.05571
1.06123
1.06919
1.07844
1.08829
1.09879
1.11055
1.1241
1.13922
1.15471
1.16895
1.18063
1.18939
1.19579
1.20065
1.20436
1.20648
1.20623
1.20298
1.19675
1.18816
1.17809
1.16753
1.15741
1.1486
1.14197
1.13818
1.13753
1.13992
1.14472
1.15055
1.15527
1.15646
1.1523
1.14225
1.12693
1.10799
1.08778
1.0692
1.05524
1.04824
1.04894
1.05603
1.06662
1.0775
1.08642
1.09252
1.09574
1.09593
1.09266
1.08595
1.07711
1.0689
1.06444
1.06548
1.07138
1.08
1.08949
1.09935
1.11004
1.12181
1.13384
1.14423
1.15068
1.15127
1.14503
1.1323
1.11476
1.09514
1.0764
1.06045
