3.02659
3.09139
3.14662
3.18574
3.20686
3.2112
3.20272
3.1857
3.15803
3.11932
3.07345
3.03121
3.00267
2.99629
3.01198
3.05032
3.09956
3.14774
3.18012
3.18403
3.14925
3.07153
2.96147
2.83411
2.7097
2.60419
2.52414
2.47681
2.45488
2.45114
2.45721
2.46881
2.48515
2.51071
2.55625
2.62494
2.70688
2.79411
2.87102
2.92508
2.95313
2.96083
2.95271
2.93726
2.92295
2.91493
2.91164
2.90937
2.90961
2.91207
2.91779
2.93417
2.96357
3.00197
3.0443
3.08042
3.10388
3.10961
3.09625
3.0677
3.02693
2.97737
2.92656
2.87025
2.80883
2.74114
2.67593
2.61525
2.5677
2.54127
2.53628
2.55608
2.59683
2.65614
2.72771
2.80665
2.87995
2.93495
2.96569
2.97079
2.95445
2.92816
2.90046
2.88018
2.87628
2.89075
2.91996
2.95453
2.98488
2.99926
2.98954
2.95129
2.89424
2.81934
2.73968
2.66327
2.60033
2.56088
2.55232
2.58088
2.65005
2.75969
2.90235
3.07026
3.24704
3.41409
3.55343
3.64991
3.69971
3.70672
3.68244
3.64181
3.59887
3.5634
3.54379
3.53871
3.53944
3.53816
3.53262
3.51523
3.4914
3.46357
3.43932
3.41924
3.40502
3.39691
3.38986
3.38746
3.38809
3.39018
3.39137
3.38793
3.37529
3.35184
3.31297
3.26117
3.19745
3.12056
3.03509
2.9432
2.85145
2.76434
2.68543
2.6114
2.53845
2.46104
2.37729
2.2935
2.22117
2.16658
2.14014
2.14569
2.18267
2.24888
2.33918
2.45113
2.58322
2.73152
2.89327
3.05505
3.20503
3.32685
3.40566
3.42935
3.40294
3.32905
3.22681
3.11479
3.01442
2.9407
2.90456
2.90603
2.94499
3.01384
3.10777
3.21818
3.33464
3.44413
3.52577
3.55607
3.52823
3.45357
3.35208
3.24264
3.14352
3.06272
3.00486
2.97296
2.95964
2.96284
2.98264
3.01527
3.058
3.10668
3.15512
3.19497
3.21961
3.22101
3.19787
3.15355
3.09557
3.03187
2.97378
2.92477
2.87803
2.82396
2.74597
2.63274
2.48722
2.3268
2.16931
2.02433
1.9002
1.80057
1.72889
1.68589
1.671
1.67718
1.69785
1.71551
1.72026
1.71104
1.69155
1.67159
1.65338
1.64417
1.64092
1.64253
1.64663
1.65178
1.66782
1.69847
1.75041
1.82617
1.9286
2.06056
2.21838
2.39264
2.57525
2.7484
2.89023
2.99244
3.06248
3.11684
3.16628
3.20779
3.23641
3.23679
3.21324
3.1712
3.11926
3.06553
3.01056
2.95042
2.87467
2.78069
2.66566
2.54194
2.41839
2.30953
2.22662
2.17827
2.15797
2.16542
2.18963
2.22689
2.27088
2.31421
2.35429
2.38299
2.40057
2.40399
2.3981
2.3918
2.38909
2.3965
2.41016
2.42593
2.42254
2.39444
2.33532
2.2483
2.14074
2.02194
1.90852
1.82069
1.77424
1.78065
1.84556
1.9656
2.12833
2.30903
2.48637
2.64264
2.77564
2.88915
2.98315
3.05724
3.11267
3.14834
3.16649
3.16629
3.15165
3.12132
3.08115
3.03373
2.98488
2.93522
2.88344
2.83426
2.78804
2.74908
2.72089
2.7033
2.69711
2.69138
2.68679
2.68034
2.6688
2.65627
2.64139
2.62466
2.60786
2.59233
2.58265
2.58042
2.58539
2.60057
2.62617
2.65578
2.69178
2.73312
2.77047
2.80044
2.8167
2.81871
2.80879
2.79413
2.77649
2.75939
2.74296
2.73112
2.7286
2.73688
2.75712
2.78928
2.82571
2.85894
2.88423
2.90083
2.90844
2.914
2.91813
2.92001
2.91218
2.89333
2.86869
2.84954
2.84477
2.86167
2.89533
2.93495
2.96977
2.98837
2.97687
2.93695
2.87407
2.80499
2.74671
2.71617
2.72378
2.77489
2.86627
2.99142
3.13876
3.29508
3.44086
3.55928
3.63517
3.65789
3.63128
3.5602
3.46624
3.3608
3.25666
3.16625
3.08715
3.01387
2.94563
2.88175
2.8221
2.77417
2.74448
2.73692
2.74861
2.77266
2.8031
2.83454
2.85334
2.86235
2.87226
2.88405
2.90463
2.92895
2.9531
2.97303
2.98339
2.97801
2.94798
2.89557
2.82153
2.73326
2.64579
2.57714
2.53778
2.53576
2.57323
2.63456
2.70637
2.77405
2.83123
2.88469
2.9452
3.0228
3.10811
3.18773
3.23034
3.20963
3.11639
2.97226
2.8125
2.66293
2.54025
2.45731
2.41279
2.41229
2.4532
2.5281
2.62314
2.72456
2.81193
2.87684
2.91399
2.92443
2.91084
2.87974
2.83928
2.79627
2.76201
2.74653
2.75822
2.80412
2.88608
2.99943
3.14341
3.29856
3.44172
3.54013
3.56224
3.50045
3.37648
3.22169
3.07094
2.9505
2.87568
2.84543
2.85332
2.88552
2.92207
2.95088
2.96243
2.96094
2.95564
2.95772
2.96975
2.99488
3.02438
3.04923
3.06057
3.05921
3.04702
3.03266
3.02824
3.04126
3.07289
3.11301
3.145
3.15758
3.13711
3.08075
2.99254
2.87961
2.75464
2.62393
2.50029
2.3879
2.29247
2.21293
2.15446
2.11839
2.10946
2.13011
2.18203
2.26563
2.38128
2.52497
2.6869
2.85219
3.00604
3.13056
3.21332
3.24964
3.24083
3.19406
3.12455
3.04769
2.97775
2.92535
2.88802
2.85642
2.81863
2.76981
2.71119
2.65208
2.59702
2.55743
2.53353
2.52585
2.52593
2.51471
2.47834
2.40913
2.31433
2.21441
2.12731
2.06462
2.02612
2.01302
2.01499
2.03061
2.05957
2.10161
2.15818
2.22979
2.31507
2.4111
2.51443
2.62244
2.73669
2.85569
2.97431
3.08827
3.18436
3.25233
3.29197
3.31348
3.33027
3.34926
3.37379
3.40271
3.43442
3.46779
3.50394
3.53365
3.54257
3.51739
3.44844
3.34053
3.20709
3.07464
2.96382
2.88477
2.84378
2.84316
2.88306
2.96508
3.07535
3.19669
3.31043
3.40461
3.47391
3.5152
3.52537
3.49456
3.42019
3.30457
3.15863
3.00315
2.85171
2.72256
2.62636
2.56621
2.54014
2.53626
2.54074
2.53907
2.52619
2.50008
2.46824
2.43893
2.41008
2.37606
2.33397
2.2809
2.22038
2.15814
2.09872
2.03977
1.98034
1.91515
1.85355
1.81043
1.79913
1.82938
1.90233
2.00962
2.13708
2.27623
2.40987
2.52605
2.61423
2.66824
2.68702
2.67077
2.62389
2.55307
2.46668
2.37974
2.30635
2.26142
2.24632
2.26284
2.30765
2.3703
2.44302
2.5107
2.56195
2.58948
2.59405
2.59111
2.58742
2.59091
2.60078
2.61316
2.61914
2.61619
2.60197
2.57787
2.55212
2.52853
2.50704
2.49146
2.47704
2.46444
2.45367
2.44375
2.44249
2.45643
2.48342
2.52205
2.56804
2.61265
2.65191
2.6836
2.70996
2.73378
2.75459
2.77434
2.78809
2.79513
2.79152
2.7728
2.74146
2.69758
2.64483
2.58939
2.53815
2.50589
2.49888
2.52405
2.58115
2.66368
2.76065
2.84993
2.90573
2.90988
2.86653
2.79229
2.71269
2.65034
2.61344
2.60753
2.62725
2.6609
2.6972
2.72637
2.74393
2.74236
2.71975
2.69061
2.67177
2.68057
2.71582
2.76743
2.81931
2.86366
2.89478
2.90669
2.90098
2.87675
2.83492
2.78668
2.73436
2.68251
2.63261
2.57648
2.5166
2.44788
2.37814
2.31085
2.25347
2.20929
2.17783
2.15501
2.13946
2.1352
2.1518
2.19976
2.28463
2.40419
2.5456
2.69218
2.82455
2.92981
2.99944
3.03288
3.033
3.00809
2.97143
2.92902
2.89038
2.85847
2.83414
2.82196
2.82059
2.82927
2.84469
2.86538
2.8965
2.9379
2.99366
3.06397
3.15069
3.25132
3.34738
3.42579
3.46351
3.46037
3.41693
3.3448
3.25147
3.15199
3.05417
2.96819
2.90009
2.85368
2.83142
2.82921
2.83839
2.85279
2.86326
2.86115
2.84426
2.8143
2.77765
2.73988
2.70571
2.67565
2.65086
2.63247
2.61648
2.59836
2.5806
2.56525
2.55922
2.5665
2.58766
2.61796
2.65821
2.70959
2.77734
2.86432
2.97302
3.09125
3.20364
3.29131
3.33538
3.32657
3.265
3.15601
3.00607
2.83052
2.64451
2.46231
2.29743
2.15733
2.04827
1.97367
1.93976
1.94781
1.99629
2.07358
2.16384
2.24577
2.30915
2.36475
2.42813
2.50968
2.60668
2.71079
2.8085
2.88023
2.9136
2.90278
2.84103
2.7392
2.6102
2.4676
2.32789
2.20051
2.09257
2.00412
1.93596
1.88785
1.85748
1.84824
1.86514
1.91064
1.98753
2.09988
2.24448
2.40424
2.55769
2.68844
2.78896
2.86342
2.91563
2.95495
2.98502
3.01323
3.04651
3.087
3.1305
3.17864
3.22756
3.27312
3.31057
3.33022
3.31648
3.25898
3.16
3.04902
2.94148
2.85627
2.79303
2.74602
2.70679
2.66392
2.62526
2.59011
2.55675
2.52115
2.48101
2.44547
2.41995
2.41564
2.43578
2.47506
2.52679
2.58185
2.62989
2.65922
2.66845
2.65364
2.61233
2.54971
2.47466
2.39943
2.33242
2.28877
2.27214
2.28167
2.31158
2.35315
2.39399
2.42914
2.4617
2.4961
2.53976
2.59689
2.66484
2.73727
2.80451
2.85658
2.88725
2.89252
2.86447
2.81213
2.74417
2.68241
2.63849
2.61489
2.60724
2.61129
2.61359
2.61078
2.59841
2.57672
2.54768
2.517
2.49439
2.48319
2.48507
2.49596
2.50812
2.51835
2.51604
2.49961
2.4641
2.41145
2.35961
2.33036
2.34054
2.40127
2.51557
2.67346
2.86645
3.07526
3.27438
3.43263
3.52035
3.53155
3.47772
3.38499
3.28084
3.18139
3.09017
3.00808
2.93372
2.86225
2.79634
2.73989
2.69519
2.6626
2.64084
2.62636
2.61901
2.61657
2.62438
2.64395
2.66998
2.697
2.71679
2.72385
2.71137
2.67951
2.63184
2.57387
2.51636
2.46737
2.43976
2.44035
2.47564
2.53968
2.62987
2.7378
2.84952
2.95361
3.03279
3.07419
3.06831
3.01362
2.91512
2.78543
2.64168
2.50536
2.39253
2.32179
2.29781
2.31977
2.37877
2.46152
2.54883
2.6303
2.69759
2.75086
2.78951
2.81125
2.81351
2.79808
2.7694
2.73933
2.72421
2.73464
2.78255
2.86622
2.97128
3.08397
3.18503
3.25272
3.27964
3.26748
3.23143
3.19168
3.16709
3.16061
3.18266
3.22155
3.26965
3.31593
3.34354
3.3434
3.31126
3.2567
3.18713
3.11665
3.05758
3.01169
2.98994
2.98644
2.99402
3.00313
3.00533
2.99908
2.9929
2.99441
2.99892
3.01109
3.01887
3.00808
2.97369
2.9194
2.86031
2.81049
2.78631
2.79465
2.83631
2.90454
2.98968
3.07618
3.15188
3.20399
3.22965
3.23184
3.21236
3.18417
3.15687
3.1368
3.12831
3.12362
3.11218
3.07867
3.01282
2.92255
2.82527
2.73865
2.67623
2.63584
2.617
2.61472
2.61554
2.61143
2.59888
2.57849
2.54745
2.51104
2.46763
2.42007
2.37111
2.3262
2.28687
2.2589
2.2463
2.25199
2.27954
2.33163
2.40887
2.51062
2.63512
2.76656
2.89782
3.01676
3.11133
3.17559
3.20349
3.19504
3.16375
3.12038
3.0812
3.05718
3.05666
3.07924
3.13255
3.20727
3.29998
3.40218
3.50237
3.58573
3.64423
3.67022
3.66187
3.6215
3.5542
3.46769
3.37361
3.2822
3.19984
3.1351
3.09496
3.07327
3.07558
3.09518
3.1231
3.15262
3.17978
3.20634
3.22163
3.2287
3.22611
3.21776
3.21316
3.21732
3.23259
3.26119
3.29823
3.3373
3.36599
3.37531
3.36579
3.33755
3.29913
3.25753
3.2174
3.18398
3.15706
3.13587
3.11567
3.09552
3.07505
3.05161
3.0292
3.00781
2.98768
2.97195
2.95534
2.93175
2.89749
2.84942
2.7891
2.73372
2.69746
2.69571
2.73774
2.83081
2.9677
3.13595
3.31996
3.50594
3.67428
3.79913
3.85609
3.82709
3.72769
3.58554
3.43344
3.29253
3.16611
3.05845
2.96976
2.89689
2.84443
2.81117
2.79768
2.80136
2.81806
2.84274
2.87057
2.89945
2.93243
2.97244
3.0224
3.08785
3.16546
3.24538
3.31904
3.36842
3.38501
3.36291
3.30922
3.23631
3.15687
3.08737
3.0405
3.0219
3.02844
3.05592
3.09831
3.14769
3.20201
3.25989
3.31771
3.36455
3.39917
3.4145
3.40677
3.37886
3.33501
3.28157
3.2331
3.19024
3.14673
3.09621
3.02755
2.94112
2.84863
2.75976
2.68295
2.61933
2.57086
2.53355
2.50741
2.49035
2.47816
2.46663
2.45291
2.44218
2.44643
2.47006
2.5174
2.58891
2.67956
2.78392
2.88742
2.98049
3.04803
3.08123
3.07961
3.04838
2.98929
2.90824
2.81275
2.71334
2.62319
2.56056
2.5333
2.55018
2.60598
2.6862
2.7743
2.85488
2.91502
2.94829
2.95545
2.94176
2.91066
2.87571
2.8498
2.84662
2.86782
2.91489
2.97913
3.04866
3.11608
3.17181
3.21614
3.24817
3.26889
3.27794
3.2693
3.23385
3.17208
3.08675
2.9917
2.90008
2.81986
2.75529
2.70142
2.66642
2.653
2.66218
2.70283
2.76215
2.83003
2.8897
2.92221
2.90841
2.84771
2.74062
2.60337
2.45478
2.3112
2.19268
2.11156
2.07506
2.09004
2.15043
2.24961
2.37361
2.50333
2.61392
2.67597
2.67499
2.61665
2.53091
2.44687
2.38733
2.3706
2.40429
2.48992
2.61363
2.74529
2.85188
2.92531
2.97172
3.0113
3.05887
3.11729
3.18829
3.26849
3.35121
3.43418
3.50358
3.55422
3.57677
3.56752
3.52467
3.45125
3.35612
3.2479
3.13669
3.03477
2.94821
2.88767
2.857
2.84834
2.85556
2.85843
2.84989
2.82322
2.78611
2.74888
2.72513
2.72381
2.7486
2.79056
2.8404
2.88557
2.91681
2.92808
2.91863
2.88678
2.84358
2.7951
2.75352
2.73061
2.73186
2.75387
2.79221
2.83649
2.87864
2.90957
2.92314
2.91658
2.88975
2.84238
2.77705
2.69586
2.60137
2.50103
2.40543
2.32437
2.26116
2.22765
2.22295
2.25107
2.30215
2.37557
2.45814
2.53985
2.60572
2.64048
2.6443
2.62596
2.59576
2.56418
2.53947
2.52081
2.50383
2.4888
2.47464
2.46737
2.47123
2.48622
2.50986
2.53091
2.54217
2.52974
2.492
2.434
2.36371
2.29786
2.24112
2.20549
2.19509
2.21373
2.25501
2.3147
2.38716
2.47094
2.56609
2.67355
2.79578
2.92999
3.0679
3.19691
3.29876
3.35364
3.35009
3.29248
3.20377
3.10674
3.0197
2.95412
2.9118
2.89236
2.88706
2.88625
2.8791
2.86144
2.83527
2.80888
2.78933
2.77981
2.77771
2.77266
2.75995
2.73447
2.69635
2.64222
2.57387
2.49124
2.40044
2.31085
2.23724
2.18371
2.15806
2.15792
2.18313
2.22905
2.2886
2.35683
2.42723
2.49079
2.53919
2.56859
2.58026
2.57541
2.57099
2.58101
2.60619
2.6442
2.68567
2.72039
2.75189
2.78536
2.82906
2.89249
2.97218
3.05291
3.11599
3.14621
3.14528
3.12899
3.11116
3.09577
3.08312
3.06271
3.0287
2.98347
2.93657
2.89852
2.87675
2.88513
2.92754
3.00053
3.09622
3.19844
3.28839
3.34917
3.36157
3.31539
3.2096
3.05787
2.88054
2.70175
2.54023
2.41313
2.3284
2.29977
2.32773
2.41259
2.54277
2.70683
2.88751
3.06463
3.22116
3.35006
3.44903
3.51882
3.56062
3.57692
3.57304
3.55364
3.52212
3.49014
3.47066
3.47013
3.49451
3.54549
3.6193
3.70346
3.78216
3.84617
3.88316
3.89759
3.89341
3.88027
3.85969
3.83591
3.81207
3.78688
3.75741
3.72822
3.69698
3.66371
3.63039
3.59716
3.56757
3.54247
3.52808
3.5267
3.54055
3.56598
3.60058
3.63828
3.66897
3.67721
3.65943
3.61995
3.56769
3.51264
3.46524
3.42833
3.40469
3.38656
3.36413
3.32908
3.27638
3.20721
3.12792
3.05065
2.98504
2.93868
2.91715
2.92475
2.96352
3.03094
3.12129
3.22644
3.33661
3.43915
3.5276
3.59779
3.64983
3.68408
3.69706
3.67951
3.62813
3.53954
3.41733
3.27326
3.13046
2.99974
2.88865
2.79758
2.72148
2.65876
2.6087
2.57587
2.57426
2.60947
2.68815
2.80597
2.95098
3.10313
3.23555
3.31743
3.32534
3.25145
3.11649
2.95522
2.79724
2.66813
2.58059
2.53839
2.53811
2.5704
2.62465
2.68992
2.75684
2.8208
2.87192
2.90883
2.92496
2.92072
2.90041
2.86812
2.83181
2.80517
2.79988
2.82548
2.88362
2.96609
3.05794
3.1401
3.19444
3.21176
3.19547
3.14908
3.07601
2.98504
2.8825
2.77523
2.67606
2.5962
2.54086
2.51648
2.52203
2.55213
2.59732
2.64237
2.68023
2.70115
2.70063
2.67929
2.64578
2.61076
2.59426
2.6009
2.63315
2.68806
2.75022
2.80266
2.83844
2.84809
2.8327
2.79827
2.74431
2.68145
2.62296
2.58058
2.56495
2.58423
2.63051
2.69757
2.77082
2.83806
2.88448
2.8987
2.87748
2.82745
2.7668
2.70907
2.66668
2.64783
2.65296
2.67827
2.7161
2.75214
2.77888
2.78493
2.77013
2.72971
2.66992
2.59372
2.5084
2.42171
2.34061
2.27374
2.22823
2.21287
2.22913
2.27845
2.35811
2.45773
2.55876
2.6486
2.71282
2.75093
2.76647
2.77098
2.77239
2.77468
2.78151
2.79727
2.824
2.86501
2.92096
2.98407
3.04781
3.10713
3.16036
3.20737
3.25183
3.2911
3.32912
3.36486
3.40254
3.4399
3.47765
3.51244
3.54235
3.56117
3.56295
3.54104
3.49239
3.41678
3.31336
3.19122
3.05913
2.92651
2.80711
2.70684
2.63681
2.59905
2.59472
2.62647
2.68703
2.77481
2.8799
2.99214
3.09572
3.17256
3.20428
3.19149
3.1358
3.05077
2.95107
2.84828
2.75351
2.66962
2.6011
2.54301
2.48914
2.4301
2.3589
2.27559
2.18232
2.08453
1.99386
1.92522
1.89022
1.90099
1.95906
2.05974
2.19515
2.3438
2.48865
2.61332
2.7122
2.78717
2.84877
2.90719
2.96695
3.03436
3.11082
3.19108
3.27061
3.34598
3.40736
3.44454
3.45047
3.42602
3.37633
3.31738
3.25966
3.21007
3.17209
3.14366
3.12382
3.11125
3.10465
3.10299
3.10234
3.09674
3.07951
3.04822
3.00584
2.95771
2.91072
2.87224
2.8452
2.83769
2.85457
2.89982
2.97058
3.05627
3.15041
3.23857
3.31059
3.36463
3.40279
3.42407
3.43511
3.43739
3.43513
3.4278
3.42343
3.42033
3.42361
3.43347
3.4479
3.46934
3.49558
3.52233
3.53797
3.52554
3.47537
3.38399
3.25704
3.10647
2.95458
2.81727
2.70673
2.63321
2.59779
2.59562
2.61772
2.65108
2.68479
2.71115
2.73209
2.75213
2.78138
2.82698
2.9039
3.01062
3.14312
3.29378
3.44361
3.57673
3.67552
3.72183
3.70822
3.63024
3.49572
3.31639
3.11043
2.89278
2.6771
2.47997
2.31818
2.20597
2.15
2.15169
2.19687
2.27286
2.36929
2.4766
2.59003
2.69648
2.78701
2.86307
2.92716
2.98565
3.03737
3.0854
3.13142
3.17327
3.21067
3.24063
3.2551
3.24706
3.21104
3.14726
3.05976
2.96308
2.87108
2.80007
2.76313
2.76449
2.79848
2.85284
2.90732
2.94927
2.97568
2.98581
2.98584
2.98365
2.9851
2.99242
3.01257
3.05097
3.10822
3.17464
3.2337
3.26198
3.24439
3.18575
3.10828
3.03863
2.99272
2.9762
2.98683
3.02159
3.06706
3.10323
3.10484
3.05415
2.95783
2.83295
2.70405
2.59327
2.50887
2.4544
2.42658
2.41563
2.41517
2.41713
2.4219
2.43636
2.46393
2.51414
2.59121
2.68787
2.78549
2.85824
2.88986
2.87613
2.83611
2.7862
2.74124
2.70765
2.68919
2.67683
2.6641
2.64448
2.61799
2.5867
2.55542
2.5253
2.49652
2.46927
2.44473
2.42573
2.41475
2.41529
2.43163
2.46992
2.53033
2.6101
2.70671
2.81116
2.91673
3.0196
3.11597
3.2015
3.27382
3.33038
3.36786
3.38449
3.37714
3.34756
3.29939
3.23933
3.17439
3.10934
3.05048
2.99899
2.95796
2.92724
2.90928
2.89164
2.86572
2.82107
2.76272
2.70197
2.65628
2.6371
2.64408
