1.57133
1.55553
1.543
1.53481
1.53194
1.53381
1.53888
1.54634
1.55656
1.56971
1.58449
1.59829
1.60828
1.61245
1.61011
1.60207
1.59055
1.57877
1.57041
1.56912
1.57789
1.5976
1.62594
1.65813
1.68897
1.71451
1.73261
1.74285
1.74622
1.74487
1.74135
1.73741
1.73297
1.72616
1.71468
1.69758
1.67619
1.6537
1.63393
1.61986
1.61263
1.61137
1.61391
1.61786
1.62138
1.62366
1.62488
1.62572
1.62673
1.6277
1.62759
1.62514
1.61964
1.61149
1.60218
1.59389
1.58885
1.58852
1.593
1.60118
1.61157
1.623
1.63497
1.64747
1.6607
1.67458
1.68834
1.70053
1.70934
1.71319
1.7111
1.70288
1.68894
1.67017
1.64792
1.62423
1.60187
1.58393
1.57264
1.56834
1.56964
1.57418
1.57931
1.5825
1.58188
1.57687
1.56842
1.55882
1.55105
1.54806
1.55201
1.56359
1.58182
1.60452
1.62921
1.65341
1.6747
1.69063
1.69895
1.69802
1.68706
1.66627
1.6369
1.60143
1.56355
1.528
1.49965
1.48216
1.47686
1.48234
1.49529
1.51158
1.52732
1.53957
1.54685
1.54948
1.54936
1.54914
1.55089
1.55517
1.56111
1.56728
1.57259
1.57651
1.57904
1.5803
1.5804
1.57937
1.57726
1.57439
1.57161
1.57001
1.57051
1.57363
1.57957
1.58852
1.60057
1.61555
1.63283
1.65128
1.66947
1.68623
1.70118
1.71504
1.72938
1.74565
1.76411
1.78341
1.80097
1.81399
1.82031
1.81888
1.80981
1.79393
1.77224
1.74539
1.7137
1.67765
1.63847
1.59857
1.56144
1.53122
1.51186
1.506
1.51403
1.5337
1.5607
1.58974
1.61577
1.63489
1.64469
1.64451
1.63513
1.6182
1.59542
1.56836
1.53904
1.51118
1.4905
1.48271
1.48986
1.50905
1.53473
1.56139
1.58486
1.60264
1.61381
1.61863
1.61794
1.61264
1.60342
1.59087
1.57571
1.55906
1.54252
1.52809
1.51798
1.51395
1.51664
1.5252
1.53751
1.55081
1.56275
1.57233
1.58068
1.59117
1.60816
1.63457
1.66976
1.70978
1.74982
1.78628
1.81728
1.84191
1.8595
1.86965
1.87272
1.87041
1.86567
1.86188
1.86156
1.8653
1.87194
1.87947
1.88618
1.89129
1.89484
1.89741
1.8994
1.90055
1.89985
1.89573
1.88655
1.87103
1.84851
1.81897
1.783
1.74195
1.69866
1.65798
1.6253
1.60308
1.58909
1.57873
1.56905
1.5604
1.55522
1.55583
1.5626
1.57374
1.58653
1.59891
1.61062
1.62307
1.63847
1.65851
1.68325
1.71088
1.73812
1.76133
1.77752
1.78532
1.78518
1.77881
1.76832
1.7554
1.74141
1.72767
1.71555
1.70638
1.70095
1.69923
1.70022
1.70196
1.70215
1.69929
1.69384
1.68857
1.68731
1.69303
1.70682
1.72827
1.75581
1.78658
1.81633
1.84035
1.85447
1.8557
1.84258
1.81571
1.77848
1.73698
1.69766
1.66438
1.6375
1.61576
1.59833
1.5852
1.57657
1.57235
1.5721
1.57542
1.582
1.59146
1.60314
1.61617
1.62965
1.64306
1.65626
1.66924
1.6815
1.69202
1.6997
1.70418
1.70614
1.70694
1.70775
1.70913
1.71106
1.71336
1.71595
1.71882
1.72184
1.72461
1.72645
1.72671
1.72501
1.72134
1.71598
1.70925
1.70137
1.69274
1.68447
1.6784
1.67612
1.67786
1.68247
1.68841
1.69457
1.70033
1.70521
1.7086
1.70951
1.70698
1.70065
1.69105
1.67977
1.66894
1.66036
1.65453
1.65066
1.64755
1.64477
1.64311
1.64379
1.64729
1.6525
1.65683
1.65747
1.65282
1.64348
1.63208
1.62237
1.61808
1.62176
1.63395
1.6528
1.67434
1.69361
1.70603
1.70853
1.69995
1.68077
1.65266
1.61825
1.58106
1.54542
1.51595
1.49663
1.48975
1.49523
1.51067
1.53201
1.55497
1.57623
1.59417
1.60887
1.62152
1.63347
1.64523
1.65605
1.66438
1.66874
1.66853
1.6642
1.65699
1.64869
1.64156
1.63742
1.63632
1.63644
1.63549
1.6324
1.62759
1.62229
1.61786
1.61571
1.61739
1.62442
1.63766
1.65656
1.67874
1.70051
1.71776
1.72703
1.7263
1.71598
1.69904
1.68014
1.66311
1.64895
1.6357
1.62028
1.60053
1.57695
1.55415
1.54052
1.54422
1.56709
1.60312
1.64325
1.68015
1.70957
1.72944
1.73881
1.73752
1.72614
1.70652
1.68195
1.65682
1.63548
1.62091
1.61418
1.61482
1.62167
1.63332
1.64805
1.6635
1.67675
1.68474
1.68496
1.67598
1.65739
1.62952
1.59362
1.55309
1.51477
1.48828
1.48183
1.49758
1.53037
1.57092
1.60984
1.64021
1.65844
1.66419
1.65987
1.64964
1.6383
1.62971
1.6257
1.62557
1.62672
1.62624
1.62238
1.61528
1.60675
1.59947
1.59574
1.59629
1.59983
1.60357
1.60439
1.60018
1.59088
1.57862
1.56726
1.561
1.56289
1.57384
1.59283
1.61767
1.6458
1.67476
1.70248
1.72754
1.74923
1.76715
1.78093
1.79004
1.79369
1.79102
1.78122
1.76371
1.73855
1.70671
1.67039
1.63296
1.5986
1.57141
1.55451
1.54928
1.55517
1.56994
1.58998
1.61086
1.62846
1.64062
1.64808
1.65365
1.66045
1.67013
1.68233
1.69518
1.70628
1.71366
1.7163
1.71454
1.71084
1.70972
1.7158
1.73098
1.75291
1.77649
1.79684
1.81112
1.81886
1.82124
1.82
1.81635
1.81058
1.8023
1.7911
1.7769
1.76011
1.74129
1.72092
1.69923
1.6761
1.65142
1.62575
1.60111
1.58082
1.56767
1.56154
1.5594
1.55768
1.55437
1.54909
1.54209
1.53337
1.52284
1.51102
1.49994
1.49346
1.49604
1.51041
1.53557
1.56694
1.59852
1.62515
1.6438
1.6532
1.65259
1.64133
1.61987
1.59096
1.55942
1.53007
1.50583
1.48759
1.47578
1.47166
1.47707
1.49328
1.51961
1.55305
1.58905
1.62286
1.65051
1.6694
1.6787
1.67958
1.67501
1.66898
1.66509
1.66513
1.66859
1.67363
1.67872
1.68364
1.68949
1.69775
1.70893
1.72209
1.7356
1.74849
1.76126
1.77534
1.79142
1.80786
1.82075
1.82588
1.82083
1.80552
1.78185
1.75274
1.7215
1.69159
1.66629
1.64822
1.63879
1.63822
1.6461
1.66169
1.68363
1.70924
1.73471
1.75614
1.77057
1.7765
1.77384
1.76363
1.74783
1.72939
1.71198
1.69895
1.69182
1.68949
1.68906
1.68756
1.68336
1.67678
1.66961
1.66399
1.66134
1.66181
1.66447
1.66806
1.67157
1.6745
1.67691
1.6792
1.68186
1.685
1.68797
1.68943
1.68805
1.68328
1.67574
1.66686
1.65834
1.65142
1.64652
1.64325
1.6408
1.63846
1.63613
1.63432
1.63404
1.6363
1.64166
1.65015
1.66138
1.67457
1.68834
1.70049
1.70837
1.70947
1.70217
1.68614
1.66275
1.63563
1.61073
1.59487
1.59253
1.60335
1.6224
1.64291
1.65908
1.66763
1.66807
1.66212
1.65276
1.64303
1.63523
1.63126
1.63291
1.64047
1.65068
1.65781
1.65772
1.65037
1.63865
1.62602
1.61496
1.60697
1.60303
1.60369
1.60884
1.61738
1.62753
1.63768
1.64723
1.65681
1.66761
1.68059
1.69573
1.7119
1.72738
1.7406
1.75086
1.75853
1.76457
1.76944
1.77211
1.77006
1.76032
1.74117
1.71321
1.67943
1.64436
1.61273
1.58832
1.57329
1.56802
1.57128
1.58072
1.59366
1.60771
1.62113
1.63285
1.64218
1.64876
1.65258
1.65397
1.65346
1.65128
1.6472
1.64044
1.63005
1.61506
1.59513
1.57149
1.5476
1.52848
1.51832
1.51865
1.52857
1.54589
1.56792
1.59164
1.61418
1.63331
1.64755
1.65609
1.65887
1.65666
1.6512
1.6449
1.64024
1.63902
1.64183
1.64797
1.65605
1.6646
1.67242
1.67859
1.68276
1.68539
1.68764
1.69045
1.69382
1.69667
1.69745
1.69522
1.69004
1.68264
1.67342
1.66174
1.64603
1.62488
1.5983
1.56842
1.53934
1.5163
1.50385
1.50456
1.51862
1.54451
1.57969
1.62088
1.66433
1.70639
1.74408
1.77536
1.79895
1.81391
1.81942
1.8149
1.80081
1.77969
1.75661
1.73705
1.72327
1.71274
1.70066
1.68377
1.66183
1.63719
1.61376
1.59579
1.58703
1.58987
1.60471
1.62982
1.66176
1.69624
1.72938
1.75861
1.78282
1.80199
1.81664
1.82726
1.83397
1.83637
1.83365
1.82459
1.80779
1.78249
1.7497
1.71312
1.67819
1.64958
1.62899
1.61548
1.60708
1.60197
1.59847
1.59485
1.58964
1.58208
1.57227
1.56086
1.54862
1.53635
1.52544
1.51878
1.52049
1.53365
1.55708
1.58516
1.61117
1.63096
1.64426
1.65348
1.66145
1.66944
1.67707
1.68382
1.69022
1.69743
1.70584
1.71413
1.71972
1.72021
1.7146
1.7036
1.68927
1.67429
1.66128
1.65239
1.64912
1.65227
1.66185
1.67687
1.6953
1.71426
1.73056
1.74147
1.74541
1.7424
1.73415
1.72349
1.71326
1.70501
1.69834
1.69138
1.68209
1.66939
1.65373
1.63682
1.62101
1.60866
1.60188
1.60234
1.61085
1.62624
1.64492
1.66218
1.67438
1.68037
1.68131
1.67951
1.67734
1.67656
1.67815
1.68217
1.68766
1.69293
1.69622
1.69637
1.69335
1.68826
1.6828
1.67877
1.67796
1.68226
1.6929
1.70881
1.72572
1.73762
1.7394
1.72836
1.70417
1.6681
1.62275
1.57245
1.52393
1.4858
1.46541
1.46512
1.48113
1.50614
1.53313
1.55772
1.57863
1.59667
1.61323
1.62903
1.64374
1.65647
1.66642
1.6735
1.67822
1.68129
1.68314
1.68352
1.68178
1.67752
1.67114
1.66413
1.65865
1.65674
1.6597
1.66771
1.67997
1.69483
1.70987
1.72229
1.72943
1.7294
1.72127
1.70523
1.68247
1.65518
1.62644
1.59995
1.57954
1.56854
1.56926
1.58236
1.60677
1.63957
1.67634
1.71178
1.7408
1.75953
1.7662
1.76122
1.74699
1.7273
1.70645
1.68793
1.67342
1.66292
1.65611
1.65338
1.65578
1.66368
1.67557
1.6881
1.69707
1.69887
1.69155
1.67519
1.65213
1.62681
1.60487
1.59137
1.58869
1.59555
1.60778
1.62015
1.62829
1.62969
1.62378
1.61185
1.59676
1.58235
1.57248
1.56983
1.57498
1.58646
1.60146
1.6167
1.62926
1.637
1.639
1.63584
1.62963
1.62312
1.61836
1.61555
1.61311
1.60899
1.60234
1.59439
1.58828
1.5875
1.59378
1.60592
1.62022
1.63213
1.63795
1.63574
1.62538
1.60832
1.58739
1.56618
1.54842
1.53691
1.53276
1.53522
1.54213
1.55071
1.5583
1.56294
1.5638
1.56201
1.56109
1.56588
1.57921
1.59936
1.62141
1.64053
1.65383
1.66056
1.66176
1.65961
1.65675
1.65536
1.65662
1.66076
1.66753
1.6765
1.68729
1.69939
1.71213
1.72452
1.73544
1.74378
1.74862
1.74911
1.74447
1.73398
1.71721
1.69439
1.66668
1.63629
1.60618
1.57947
1.55892
1.54654
1.5433
1.5487
1.56036
1.57442
1.58688
1.59488
1.59694
1.59239
1.58089
1.56266
1.53918
1.51316
1.48789
1.46649
1.45155
1.44479
1.4469
1.45742
1.47485
1.49694
1.52107
1.54469
1.56556
1.58191
1.59251
1.59681
1.59513
1.58898
1.58054
1.5717
1.56335
1.55599
1.55048
1.54781
1.54804
1.54988
1.55142
1.55096
1.54743
1.54059
1.53145
1.52216
1.51547
1.51357
1.51717
1.5254
1.53632
1.54782
1.55822
1.56664
1.57292
1.57747
1.58101
1.58427
1.58777
1.59173
1.59592
1.5998
1.60294
1.6054
1.60817
1.61299
1.62161
1.6347
1.65111
1.66782
1.68062
1.68507
1.67788
1.65791
1.62639
1.58634
1.54172
1.49664
1.45573
1.42518
1.41224
1.42123
1.44917
1.48728
1.5268
1.5628
1.59372
1.61969
1.6411
1.65802
1.67017
1.6772
1.67915
1.67663
1.67083
1.66324
1.65509
1.64696
1.6385
1.62863
1.61602
1.59978
1.58027
1.55942
1.54054
1.52752
1.52339
1.52922
1.5437
1.56367
1.58498
1.60347
1.61605
1.62131
1.61965
1.61265
1.60207
1.58919
1.57476
1.5594
1.54406
1.53017
1.51936
1.5131
1.51219
1.5164
1.52437
1.53374
1.54199
1.54805
1.55344
1.56155
1.57499
1.59345
1.61422
1.63425
1.65175
1.66623
1.67771
1.6863
1.69226
1.69646
1.7003
1.70491
1.71038
1.71543
1.71787
1.71547
1.70689
1.69196
1.67176
1.64827
1.6242
1.60287
1.58754
1.58039
1.58172
1.59042
1.60516
1.62496
1.64852
1.67318
1.69496
1.70969
1.71437
1.70808
1.69219
1.67004
1.64611
1.62483
1.60937
1.60112
1.60007
1.60539
1.61527
1.62667
1.63587
1.63964
1.63651
1.62695
1.61299
1.59748
1.58297
1.57114
1.56246
1.55637
1.55216
1.55001
1.55162
1.55934
1.57419
1.59445
1.61649
1.63703
1.65442
1.66829
1.67857
1.68463
1.68528
1.67928
1.66625
1.64741
1.62594
1.60656
1.59455
1.59419
1.60725
1.63258
1.66653
1.70414
1.74028
1.77039
1.79104
1.80003
1.79652
1.7811
1.75579
1.72395
1.69051
1.66232
1.64685
1.6483
1.66467
1.68885
1.71259
1.72939
1.73485
1.72666
1.70494
1.67357
1.6405
1.61438
1.59883
1.59077
1.58482
1.57719
1.56643
1.55241
1.53567
1.51728
1.4989
1.48265
1.47089
1.46561
1.46801
1.47821
1.49535
1.51777
1.5432
1.56908
1.59274
1.61169
1.62394
1.62871
1.62714
1.62238
1.61853
1.61889
1.62454
1.63394
1.64375
1.65031
1.651
1.6452
1.63448
1.62204
1.61136
1.60492
1.60389
1.6086
1.61863
1.63236
1.64691
1.65881
1.66521
1.6647
1.65756
1.64545
1.63084
1.61647
1.60475
1.59739
1.5953
1.59872
1.60735
1.62077
1.63853
1.65981
1.68296
1.7055
1.7248
1.73865
1.7456
1.74489
1.73645
1.72108
1.70046
1.6773
1.65515
1.63788
1.62842
1.62737
1.6328
1.64134
1.64996
1.65712
1.6628
1.66778
1.67265
1.6772
1.68032
1.68062
1.67745
1.67176
1.66618
1.66394
1.66751
1.67758
1.69295
1.71114
1.72908
1.74391
1.75347
1.75656
1.75302
1.74359
1.72971
1.7129
1.69402
1.67296
1.64892
1.62132
1.5905
1.55813
1.5275
1.5037
1.49235
1.49643
1.51413
1.53972
1.56665
1.59004
1.60738
1.61821
1.62341
1.62484
1.62503
1.6266
1.63114
1.63803
1.64491
1.64941
1.65081
1.6502
1.64961
1.65078
1.65469
1.6618
1.67255
1.68735
1.70597
1.72691
1.7475
1.76473
1.77631
1.78105
1.77888
1.77052
1.75717
1.74035
1.72175
1.70317
1.68644
1.67338
1.66547
1.66302
1.66434
1.6661
1.66493
1.65936
1.65056
1.64133
1.63401
1.6289
1.62392
1.61597
1.60293
1.58546
1.56751
1.55474
1.55107
1.55601
1.56534
1.57472
1.58244
1.58965
1.59868
1.61104
1.62633
1.64245
1.65637
1.66499
1.66584
1.65774
1.6412
1.61846
1.59325
1.57031
1.55477
1.55121
1.56252
1.58879
1.62698
1.67169
1.71688
1.75726
1.78889
1.80893
1.81558
1.80801
1.78678
1.75391
1.71293
1.66843
1.62528
1.58746
1.55722
1.53511
1.52061
1.51291
1.51134
1.51529
1.52375
1.53493
1.54627
1.55492
1.55828
1.55464
1.54363
1.52654
1.50627
1.48657
1.47081
1.46096
1.45703
1.45751
1.46034
1.46395
1.46763
1.47138
1.47543
1.4798
1.48434
1.48901
1.49391
1.49909
1.50432
1.50897
1.5122
1.5131
1.51099
1.50556
1.49693
1.48595
1.47449
1.46548
1.46201
1.46578
1.47588
1.48935
1.50287
1.51406
1.52186
1.52649
1.5294
1.53307
1.54013
1.55216
1.56887
1.5883
1.60763
1.6241
1.63557
1.64061
1.63838
1.62854
1.61135
1.58794
1.56054
1.53212
1.50555
1.48275
1.46431
1.44999
1.43969
1.43422
1.43531
1.44498
1.46444
1.49292
1.52692
1.56143
1.59231
1.6178
1.63845
1.65584
1.67116
1.68435
1.69378
1.6967
1.6903
1.673
1.64524
1.60993
1.57224
1.53929
1.51911
1.51815
1.5378
1.57307
1.61515
1.65539
1.6875
1.70819
1.71673
1.71437
1.70362
1.68741
1.66846
1.64901
1.63097
1.61607
1.60583
1.60125
1.60252
1.60899
1.61906
1.63016
1.63898
1.64207
1.63686
1.62277
1.60177
1.57816
1.55724
1.54333
1.53852
1.54262
1.55425
1.57191
1.59425
1.61973
1.64622
1.671
1.69128
1.70488
1.71076
1.70918
1.70167
1.6907
1.67925
1.6703
1.66619
1.66812
1.67556
1.68619
1.69647
1.70259
1.70183
1.69353
1.67952
1.66347
1.64937
1.64009
1.63684
1.63971
1.64817
1.66101
1.67594
1.68963
1.69842
1.69949
1.69185
1.6765
1.65599
1.63368
1.61338
1.59907
1.59388
1.59869
1.61148
1.62822
1.64448
1.65674
1.6629
1.66231
1.65594
1.64621
1.6363
1.62911
1.62654
1.62938
1.63776
1.65122
1.66871
1.68864
1.70915
1.72831
1.74421
1.75493
1.75863
1.75401
1.74081
1.72026
1.69514
1.6695
1.6477
1.63286
1.62582
1.6251
1.62802
1.63223
1.63636
1.63965
1.64116
1.63964
1.63425
1.62524
1.61396
1.60231
1.59176
1.58267
1.57462
1.56703
1.55962
1.55217
1.54443
1.53605
1.52695
1.51744
1.50818
1.50007
1.49431
1.49245
1.49616
1.50676
1.52461
1.54897
1.57826
1.6103
1.64244
1.67181
1.69568
1.71205
1.71991
1.71915
1.71024
1.69394
1.67128
1.64394
1.61478
1.58806
1.56865
1.56036
1.56435
1.57892
1.60076
1.62619
1.65193
1.67535
1.69487
1.71018
1.72239
1.73354
1.74591
1.76127
1.78041
1.80282
1.82667
1.84898
1.86624
1.87505
1.87289
1.85863
1.83311
1.79937
1.76214
1.72663
1.69677
1.674
1.65726
1.64391
1.63115
1.61685
1.60004
1.58077
1.55979
1.53826
1.51786
1.50083
1.4898
1.48682
1.49216
1.50387
1.5186
1.53317
1.5456
1.55532
1.56268
1.56817
1.57209
1.5745
1.5758
1.57704
1.57986
1.58589
1.59578
1.60883
1.62341
1.63777
1.6505
1.66019
1.66516
1.66373
1.65512
1.63999
1.62051
1.59975
1.58074
1.56563
1.55519
1.54915
1.54675
1.54708
1.54926
1.55244
1.55575
1.55846
1.55998
1.55997
1.55821
1.55451
1.54863
1.54073
1.53223
1.52619
1.52667
1.53694
1.5581
1.58855
1.62455
1.66121
1.69378
1.7186
1.73366
1.73876
1.73534
1.72615
1.71445
1.70325
1.69446
1.68839
1.68351
1.67704
1.66582
1.64745
1.62099
1.58739
1.5494
1.51099
1.47659
1.45066
1.43714
1.43888
1.45676
1.48903
1.53192
1.58113
1.6329
1.6837
1.72971
1.76667
1.79093
1.80068
1.79673
1.78199
1.76005
1.73396
1.70593
1.67813
1.65305
1.63281
1.61785
1.60688
1.5982
1.59067
1.58377
1.57726
1.57095
1.56495
1.56005
1.558
1.56097
1.57076
1.5878
1.61062
1.63609
1.66002
1.6782
1.68745
1.68664
1.67732
1.66336
1.64951
1.63941
1.63439
1.63363
1.6353
1.63772
1.63957
1.63952
1.63585
1.62702
1.61258
1.59434
1.57699
1.56705
1.56911
1.58192
1.59909
1.6137
1.62154
1.6212
1.61296
1.59846
1.58115
1.56666
1.56166
1.57064
1.59301
1.62352
1.65533
1.68292
1.70343
1.71653
1.72362
1.72669
1.7277
1.72801
1.72789
1.72629
1.72103
1.70959
1.69069
1.6659
1.64036
1.62096
1.6125
1.61493
1.62424
1.63533
1.64418
1.64877
1.64928
1.64766
1.64659
1.64799
1.65216
1.65807
1.66459
1.67122
1.67793
1.68468
1.69122
1.69706
1.70139
1.70314
1.70107
1.69413
1.68174
1.66435
1.6433
1.62044
1.59751
1.57582
1.55621
1.53934
1.52586
1.51638
1.51149
1.5117
1.5173
1.52803
1.54279
1.5599
1.57753
1.59419
1.60879
1.62052
1.62872
1.63319
1.63464
1.63527
1.63825
1.64608
1.65833
1.67139
1.68062
1.68312
1.67918
