-4.94088
-4.92644
-4.91376
-4.90572
-4.9024
-4.90367
-4.90873
-4.91574
-4.92566
-4.93865
-4.95404
-4.96845
-4.97919
-4.98351
-4.98223
-4.97374
-4.96222
-4.95059
-4.94298
-4.94229
-4.95106
-4.97092
-4.99836
-5.03025
-5.06094
-5.08603
-5.10474
-5.11361
-5.11638
-5.11517
-5.11226
-5.10817
-5.10343
-5.09738
-5.08574
-5.06729
-5.0462
-5.0231
-5.00273
-4.98896
-4.98218
-4.97986
-4.98195
-4.98635
-4.99033
-4.992
-4.99247
-4.99345
-4.99356
-4.99333
-4.99337
-4.99046
-4.98375
-4.975
-4.96523
-4.95769
-4.95326
-4.95294
-4.95711
-4.96439
-4.97463
-4.98712
-4.99787
-5.00977
-5.0227
-5.03793
-5.05139
-5.06404
-5.07315
-5.0761
-5.07416
-5.06564
-5.0523
-5.03428
-5.01339
-4.9897
-4.96749
-4.95061
-4.93992
-4.93592
-4.93798
-4.94223
-4.94706
-4.95055
-4.94978
-4.94446
-4.9357
-4.92641
-4.91863
-4.91579
-4.92004
-4.93314
-4.95016
-4.97332
-4.99785
-5.02221
-5.0435
-5.05898
-5.06715
-5.06637
-5.05541
-5.03386
-5.00435
-4.96796
-4.92947
-4.89377
-4.86527
-4.84824
-4.84293
-4.84827
-4.86107
-4.87721
-4.89295
-4.9061
-4.91354
-4.91602
-4.91695
-4.91825
-4.91894
-4.92322
-4.92885
-4.93623
-4.94214
-4.94698
-4.9498
-4.95031
-4.95147
-4.95089
-4.94939
-4.94727
-4.94479
-4.94273
-4.94264
-4.94469
-4.95139
-4.96094
-4.97269
-4.98782
-5.0045
-5.0231
-5.0416
-5.05896
-5.07376
-5.08747
-5.1009
-5.11611
-5.13427
-5.15342
-5.16978
-5.1831
-5.18972
-5.18859
-5.17998
-5.1641
-5.14271
-5.11616
-5.08447
-5.04887
-5.00879
-4.96888
-4.93144
-4.90092
-4.88126
-4.87661
-4.88343
-4.90325
-4.93011
-4.95975
-4.98594
-5.00506
-5.01395
-5.01393
-5.00424
-4.98746
-4.96393
-4.93626
-4.9074
-4.87983
-4.85869
-4.85121
-4.85881
-4.87785
-4.90293
-4.92959
-4.95231
-4.96994
-4.98141
-4.98502
-4.98463
-4.98054
-4.97177
-4.95983
-4.94527
-4.92907
-4.91283
-4.89901
-4.8889
-4.88532
-4.88831
-4.89688
-4.90903
-4.92324
-4.93533
-4.94431
-4.95295
-4.96314
-4.97998
-5.00714
-5.04369
-5.08372
-5.12225
-5.1581
-5.1888
-5.21359
-5.23132
-5.24208
-5.24561
-5.24405
-5.23764
-5.23295
-5.23293
-5.23727
-5.24497
-5.2522
-5.25967
-5.26386
-5.26666
-5.26817
-5.26955
-5.27222
-5.27151
-5.26725
-5.25746
-5.24225
-5.22064
-5.19065
-5.15346
-5.11272
-5.06928
-5.02783
-4.99515
-4.97309
-4.9594
-4.94904
-4.93876
-4.9301
-4.92327
-4.92508
-4.9323
-4.9436
-4.95684
-4.96937
-4.98123
-4.99322
-5.00938
-5.02957
-5.05583
-5.08315
-5.11055
-5.13406
-5.15085
-5.15774
-5.15866
-5.15184
-5.14164
-5.12812
-5.11323
-5.09963
-5.08692
-5.07835
-5.07262
-5.0715
-5.07309
-5.07409
-5.07458
-5.07201
-5.06793
-5.0613
-5.06063
-5.06575
-5.07939
-5.10053
-5.12717
-5.15794
-5.1886
-5.21323
-5.22781
-5.22934
-5.21622
-5.1895
-5.15212
-5.11137
-5.07174
-5.03861
-5.01188
-4.98984
-4.97286
-4.96079
-4.95232
-4.94809
-4.94709
-4.95041
-4.95623
-4.96615
-4.97767
-4.99071
-5.00313
-5.01563
-5.02959
-5.04241
-5.05468
-5.06505
-5.07258
-5.07766
-5.07871
-5.08072
-5.08153
-5.08216
-5.08454
-5.08639
-5.08883
-5.09185
-5.09487
-5.09794
-5.09933
-5.09913
-5.09818
-5.09467
-5.0881
-5.08197
-5.07425
-5.06471
-5.0575
-5.05218
-5.0505
-5.05225
-5.05716
-5.06249
-5.06851
-5.07381
-5.079
-5.08254
-5.08269
-5.07971
-5.07337
-5.06302
-5.05159
-5.04121
-5.03278
-5.0262
-5.02263
-5.01921
-5.01613
-5.01311
-5.01349
-5.01775
-5.02416
-5.02895
-5.03005
-5.0248
-5.01545
-5.0054
-4.9966
-4.99156
-4.99584
-5.00788
-5.02688
-5.04767
-5.06619
-5.07786
-5.08021
-5.07133
-5.05229
-5.02433
-4.99038
-4.95303
-4.91784
-4.88851
-4.86889
-4.86247
-4.86705
-4.88309
-4.90277
-4.92513
-4.94714
-4.96388
-4.97752
-4.99062
-5.00257
-5.01358
-5.025
-5.03439
-5.03965
-5.03914
-5.03406
-5.02699
-5.01914
-5.01081
-5.00803
-5.00859
-5.00766
-5.00701
-5.00332
-4.99896
-4.99456
-4.99059
-4.98828
-4.98935
-4.99744
-5.01023
-5.02837
-5.05071
-5.07308
-5.08989
-5.09946
-5.09949
-5.08825
-5.07177
-5.05256
-5.03477
-5.02077
-5.00813
-4.99332
-4.97206
-4.94893
-4.92612
-4.91278
-4.91558
-4.9383
-4.97494
-5.01507
-5.05243
-5.08291
-5.10202
-5.11245
-5.11131
-5.09948
-5.07909
-5.05437
-5.02803
-5.00699
-4.99227
-4.98539
-4.98588
-4.99334
-5.00544
-5.01942
-5.03411
-5.04631
-5.05369
-5.05422
-5.04523
-5.02589
-4.99832
-4.96076
-4.92037
-4.88251
-4.85556
-4.84911
-4.86547
-4.89766
-4.93805
-4.97713
-5.00781
-5.02559
-5.03194
-5.02806
-5.01739
-5.00634
-4.99745
-4.9942
-4.99467
-4.99612
-4.99504
-4.99194
-4.98468
-4.97645
-4.96962
-4.96695
-4.96705
-4.97029
-4.97464
-4.97621
-4.97261
-4.96285
-4.95014
-4.93968
-4.93296
-4.93455
-4.94505
-4.96344
-4.98843
-5.01596
-5.04598
-5.07385
-5.09952
-5.12105
-5.14018
-5.15456
-5.16443
-5.16793
-5.16466
-5.1544
-5.1372
-5.11219
-5.07989
-5.04281
-5.00509
-4.96982
-4.94217
-4.92526
-4.91973
-4.92518
-4.93994
-4.95923
-4.97936
-4.99696
-5.00852
-5.01522
-5.01988
-5.02653
-5.03635
-5.04916
-5.06157
-5.07372
-5.08095
-5.08435
-5.08288
-5.07858
-5.07775
-5.08339
-5.09812
-5.1205
-5.14423
-5.16459
-5.17841
-5.18705
-5.18883
-5.1885
-5.1856
-5.17998
-5.17216
-5.16156
-5.14766
-5.13057
-5.11099
-5.09002
-5.06848
-5.0449
-5.01977
-4.995
-4.97036
-4.94976
-4.93616
-4.92974
-4.92775
-4.92618
-4.92332
-4.91774
-4.90998
-4.90097
-4.89134
-4.87952
-4.86859
-4.86286
-4.86544
-4.87951
-4.90391
-4.9365
-4.96884
-4.99517
-5.01367
-5.02261
-5.02171
-5.0115
-4.98988
-4.96143
-4.93018
-4.90099
-4.87675
-4.85866
-4.8473
-4.84257
-4.84813
-4.86419
-4.89052
-4.92457
-4.95967
-4.99409
-5.02219
-5.04123
-5.05084
-5.05111
-5.04593
-5.03899
-5.0348
-5.03408
-5.0383
-5.04455
-5.04919
-5.0535
-5.0595
-5.06715
-5.07773
-5.09029
-5.1035
-5.11609
-5.12946
-5.14309
-5.16007
-5.17711
-5.19001
-5.19575
-5.1913
-5.17584
-5.15187
-5.12396
-5.09242
-5.06281
-5.03766
-5.01958
-5.01016
-5.00944
-5.01776
-5.03351
-5.0547
-5.08001
-5.10533
-5.12722
-5.14043
-5.14621
-5.14355
-5.13304
-5.1183
-5.10001
-5.08259
-5.06866
-5.06062
-5.0592
-5.05831
-5.05758
-5.05428
-5.04891
-5.04204
-5.03687
-5.03346
-5.03333
-5.0369
-5.0408
-5.04415
-5.04783
-5.04964
-5.05223
-5.05474
-5.05713
-5.06085
-5.06261
-5.05988
-5.05451
-5.0465
-5.03657
-5.02789
-5.02113
-5.01683
-5.01371
-5.01066
-5.00847
-5.00584
-5.00493
-5.00481
-5.00661
-5.01243
-5.02076
-5.0323
-5.04609
-5.06047
-5.07429
-5.08201
-5.08312
-5.07536
-5.05918
-5.03655
-5.00927
-4.98331
-4.96624
-4.96389
-4.97427
-4.99333
-5.01383
-5.02925
-5.03885
-5.04005
-5.0341
-5.02459
-5.0147
-5.0075
-5.00339
-5.00503
-5.0135
-5.02371
-5.03191
-5.03197
-5.02446
-5.01184
-4.99951
-4.98875
-4.98076
-4.97772
-4.97777
-4.98172
-4.99056
-4.99981
-5.01042
-5.02071
-5.02954
-5.04095
-5.05257
-5.06785
-5.08342
-5.09936
-5.11303
-5.12344
-5.13066
-5.13639
-5.14127
-5.14424
-5.14249
-5.1329
-5.11375
-5.08519
-5.05096
-5.01528
-4.9838
-4.95939
-4.94436
-4.93848
-4.9416
-4.95164
-4.96397
-4.97818
-4.99084
-5.00181
-5.01159
-5.01787
-5.02153
-5.02263
-5.02257
-5.0219
-5.01767
-5.01076
-4.99962
-4.98493
-4.96546
-4.9406
-4.91701
-4.89622
-4.88712
-4.8876
-4.89843
-4.9153
-4.93749
-4.96
-4.98224
-5.00137
-5.01606
-5.02536
-5.02798
-5.02547
-5.02091
-5.01492
-5.0098
-5.00843
-5.01124
-5.01783
-5.02592
-5.03386
-5.04032
-5.04619
-5.05126
-5.05435
-5.05675
-5.06031
-5.06369
-5.06714
-5.06837
-5.0663
-5.06066
-5.05371
-5.0445
-5.03297
-5.0174
-4.99717
-4.96998
-4.94009
-4.91117
-4.88782
-4.87552
-4.87638
-4.88984
-4.91452
-4.95001
-4.9915
-5.0351
-5.07746
-5.11485
-5.14614
-5.16987
-5.18574
-5.19125
-5.18643
-5.17158
-5.15061
-5.12707
-5.10736
-5.09465
-5.08457
-5.07234
-5.05469
-5.0329
-5.00856
-4.98467
-4.96761
-4.96005
-4.96244
-4.97849
-5.00376
-5.03494
-5.06942
-5.10242
-5.1321
-5.15631
-5.17594
-5.19059
-5.20045
-5.20731
-5.20987
-5.20624
-5.19642
-5.18008
-5.15508
-5.12138
-5.08434
-5.04987
-5.02171
-5.00173
-4.98791
-4.97997
-4.97426
-4.97076
-4.96714
-4.96102
-4.9521
-4.9429
-4.93149
-4.91909
-4.90698
-4.89607
-4.88879
-4.89005
-4.90306
-4.9283
-4.95458
-4.98074
-5.00038
-5.01443
-5.0238
-5.03041
-5.03976
-5.04724
-5.05384
-5.06008
-5.0673
-5.07676
-5.0846
-5.09064
-5.09084
-5.08432
-5.07332
-5.05913
-5.0437
-5.02978
-5.02165
-5.01807
-5.02047
-5.03051
-5.04644
-5.06563
-5.08443
-5.10194
-5.1124
-5.11573
-5.11258
-5.10448
-5.09336
-5.08343
-5.07578
-5.06882
-5.06186
-5.05257
-5.03941
-5.0233
-5.00578
-4.98967
-4.97792
-4.97159
-4.971
-4.98026
-4.99535
-5.01539
-5.03266
-5.0444
-5.05054
-5.05239
-5.04968
-5.04781
-5.04657
-5.04756
-5.05067
-5.05602
-5.06235
-5.06609
-5.06684
-5.06382
-5.05843
-5.05357
-5.04909
-5.04948
-5.05363
-5.06352
-5.07974
-5.09664
-5.10825
-5.11048
-5.09975
-5.07434
-5.03828
-4.99262
-4.94277
-4.895
-4.85717
-4.83799
-4.83785
-4.85402
-4.87933
-4.90587
-4.92986
-4.95167
-4.97061
-4.98657
-5.00222
-5.01663
-5.02875
-5.03825
-5.04517
-5.04974
-5.05328
-5.05527
-5.05716
-5.05603
-5.05102
-5.04449
-5.03762
-5.03259
-5.03008
-5.03274
-5.0403
-5.0518
-5.06636
-5.08079
-5.09412
-5.10202
-5.1029
-5.09387
-5.07827
-5.05581
-5.02838
-5.00009
-4.97269
-4.95152
-4.93991
-4.94078
-4.95434
-4.97935
-5.0123
-5.04893
-5.08332
-5.11263
-5.13061
-5.13698
-5.13185
-5.11762
-5.09747
-5.07753
-5.0593
-5.04525
-5.0346
-5.02779
-5.02566
-5.02882
-5.03611
-5.0471
-5.05903
-5.06724
-5.06981
-5.06173
-5.04371
-5.02124
-4.99668
-4.97428
-4.96078
-4.95735
-4.96421
-4.97705
-4.98987
-4.99665
-4.99911
-4.99169
-4.98021
-4.96587
-4.95071
-4.94039
-4.93728
-4.94334
-4.95452
-4.96997
-4.98521
-4.99656
-5.00582
-5.00736
-5.00405
-4.99768
-4.99072
-4.98581
-4.98361
-4.98072
-4.97493
-4.97039
-4.96275
-4.95588
-4.95465
-4.96032
-4.97232
-4.98601
-4.99853
-5.0045
-5.00229
-4.99163
-4.97472
-4.95378
-4.93348
-4.91617
-4.90572
-4.90187
-4.90312
-4.91064
-4.91952
-4.92697
-4.93146
-4.93126
-4.92992
-4.9299
-4.93529
-4.94953
-4.97014
-4.99265
-5.01237
-5.02476
-5.0324
-5.0345
-5.03144
-5.02828
-5.02719
-5.02875
-5.03214
-5.03936
-5.04758
-5.05837
-5.07062
-5.08366
-5.09545
-5.10667
-5.11532
-5.12031
-5.1211
-5.11661
-5.10612
-5.08966
-5.06714
-5.03776
-5.00813
-4.97831
-4.9513
-4.9306
-4.91701
-4.91286
-4.91887
-4.92978
-4.94399
-4.95675
-4.96536
-4.96697
-4.96302
-4.94926
-4.93103
-4.9083
-4.88259
-4.85655
-4.83516
-4.81991
-4.8133
-4.81556
-4.82593
-4.84337
-4.86621
-4.89079
-4.91427
-4.93574
-4.95224
-4.96103
-4.96669
-4.96516
-4.9587
-4.95011
-4.94112
-4.93293
-4.92375
-4.91929
-4.91663
-4.91686
-4.91931
-4.92054
-4.91963
-4.9164
-4.90957
-4.90072
-4.89083
-4.88399
-4.88284
-4.88599
-4.89437
-4.90499
-4.91618
-4.92719
-4.93591
-4.94265
-4.94735
-4.95209
-4.95656
-4.96037
-4.96509
-4.96866
-4.97194
-4.97553
-4.97754
-4.98031
-4.98574
-4.9942
-5.00714
-5.02536
-5.04209
-5.05398
-5.05708
-5.04974
-5.0287
-4.99657
-4.95668
-4.91297
-4.86773
-4.82621
-4.79596
-4.78287
-4.79291
-4.82011
-4.85822
-4.89804
-4.93344
-4.96527
-4.99154
-5.01219
-5.02942
-5.0408
-5.04754
-5.04918
-5.04651
-5.04055
-5.03266
-5.02436
-5.01639
-5.00733
-4.9967
-4.98424
-4.96725
-4.94698
-4.92673
-4.90724
-4.89467
-4.8904
-4.89683
-4.91131
-4.93038
-4.95169
-4.97049
-4.98306
-4.98787
-4.98651
-4.97965
-4.96862
-4.95635
-4.94267
-4.92716
-4.91046
-4.89732
-4.88621
-4.87965
-4.87904
-4.88295
-4.89062
-4.9012
-4.90885
-4.91475
-4.92135
-4.92901
-4.94199
-4.96076
-4.98153
-5.00217
-5.01982
-5.0346
-5.04533
-5.05436
-5.06123
-5.06604
-5.06972
-5.07357
-5.07935
-5.08546
-5.08715
-5.0843
-5.07571
-5.06093
-5.04134
-5.01724
-4.99363
-4.97168
-4.95621
-4.94951
-4.95114
-4.95909
-4.97413
-4.99438
-5.01765
-5.04155
-5.06363
-5.07836
-5.08501
-5.07947
-5.06328
-5.04113
-5.01734
-4.99561
-4.9797
-4.9716
-4.9707
-4.97496
-4.98484
-4.99595
-5.00515
-5.00801
-5.00548
-4.99592
-4.98196
-4.9672
-4.95254
-4.94131
-4.93218
-4.92579
-4.92188
-4.92003
-4.92179
-4.93011
-4.94376
-4.96356
-4.98576
-5.00675
-5.02429
-5.0368
-5.04799
-5.05375
-5.05394
-5.04931
-5.03445
-5.01547
-4.9943
-4.97507
-4.96275
-4.9639
-4.97666
-5.00245
-5.03609
-5.07265
-5.10909
-5.13921
-5.16016
-5.17051
-5.167
-5.15233
-5.12748
-5.09608
-5.06294
-5.0343
-5.01897
-5.02073
-5.03862
-5.06295
-5.08624
-5.10319
-5.10851
-5.10077
-5.0789
-5.04662
-5.01293
-4.98787
-4.97187
-4.96442
-4.95922
-4.95144
-4.94099
-4.92667
-4.90947
-4.89169
-4.87209
-4.85615
-4.84378
-4.83805
-4.83969
-4.84974
-4.86763
-4.89036
-4.91594
-4.94197
-4.96473
-4.98413
-4.99639
-5.00025
-4.99928
-4.99346
-4.99036
-4.99027
-4.99607
-5.00487
-5.01438
-5.02064
-5.02133
-5.01492
-5.00496
-4.99312
-4.98274
-4.97615
-4.97527
-4.97983
-4.99122
-5.00435
-5.0189
-5.0314
-5.03795
-5.03684
-5.02985
-5.01774
-5.00388
-4.98996
-4.97869
-4.97178
-4.96985
-4.97281
-4.9813
-4.99441
-5.01172
-5.033
-5.056
-5.07749
-5.09498
-5.10943
-5.11547
-5.11476
-5.10481
-5.09064
-5.07018
-5.04792
-5.02532
-5.00669
-4.99782
-4.99769
-5.00312
-5.01181
-5.02104
-5.02774
-5.03267
-5.0378
-5.04236
-5.04736
-5.05034
-5.05019
-5.04747
-5.04223
-5.038
-5.03501
-5.03873
-5.04925
-5.06493
-5.08418
-5.10076
-5.11589
-5.1253
-5.12839
-5.12334
-5.11345
-5.09973
-5.08382
-5.06539
-5.04433
-5.0206
-4.99284
-4.96173
-4.92965
-4.89962
-4.87613
-4.86431
-4.86749
-4.8852
-4.91034
-4.93727
-4.96127
-4.97891
-4.99019
-4.99449
-4.99501
-4.99459
-4.99662
-5.0016
-5.00881
-5.01568
-5.02049
-5.02203
-5.02052
-5.01993
-5.02094
-5.02546
-5.03272
-5.04438
-5.05903
-5.07734
-5.09784
-5.11842
-5.134
-5.14527
-5.1491
-5.14724
-5.13887
-5.12522
-5.10855
-5.0895
-5.06956
-5.05177
-5.03887
-5.03141
-5.02835
-5.03119
-5.03356
-5.03103
-5.02516
-5.0162
-5.00681
-5.00055
-4.99484
-4.9888
-4.98086
-4.96737
-4.94944
-4.93164
-4.91871
-4.91535
-4.92089
-4.93022
-4.93975
-4.94899
-4.95635
-4.96568
-4.97894
-4.9953
-5.01156
-5.02519
-5.03562
-5.03737
-5.02943
-5.01304
-4.98984
-4.96463
-4.94244
-4.92674
-4.92333
-4.9348
-4.96183
-5.00017
-5.04458
-5.08856
-5.12819
-5.15891
-5.18032
-5.18682
-5.1794
-5.15711
-5.12424
-5.08296
-5.03755
-4.99379
-4.95657
-4.92679
-4.90468
-4.89002
-4.88293
-4.88272
-4.88713
-4.89483
-4.90631
-4.91781
-4.9251
-4.92756
-4.92361
-4.91244
-4.89445
-4.87342
-4.85417
-4.83781
-4.82932
-4.82569
-4.82632
-4.8278
-4.83141
-4.83569
-4.83898
-4.84213
-4.84711
-4.85134
-4.85647
-4.86243
-4.86806
-4.87374
-4.87825
-4.88238
-4.88359
-4.88147
-4.87514
-4.86666
-4.85629
-4.84513
-4.83551
-4.83294
-4.83731
-4.84681
-4.85938
-4.8729
-4.88394
-4.8922
-4.89577
-4.89776
-4.90128
-4.90834
-4.92022
-4.93663
-4.95621
-4.97509
-4.99096
-5.00213
-5.00717
-5.00463
-4.99374
-4.97564
-4.95223
-4.92543
-4.89716
-4.87119
-4.84854
-4.83041
-4.81639
-4.80594
-4.80001
-4.80231
-4.81273
-4.83235
-4.86053
-4.89483
-4.92754
-4.95765
-4.9833
-5.00425
-5.0224
-5.03771
-5.05105
-5.06169
-5.06416
-5.05807
-5.04062
-5.013
-4.978
-4.94045
-4.90719
-4.8867
-4.88529
-4.90616
-4.94279
-4.98488
-5.02557
-5.05768
-5.07837
-5.08691
-5.08425
-5.07319
-5.05653
-5.03742
-5.01858
-5.00024
-4.98624
-4.97555
-4.97111
-4.97254
-4.97811
-4.98742
-4.99883
-5.00795
-5.01164
-5.0069
-4.9931
-4.97255
-4.94879
-4.9268
-4.91214
-4.90764
-4.91113
-4.92216
-4.94072
-4.96352
-4.98915
-5.0167
-5.04209
-5.06222
-5.07688
-5.08351
-5.08238
-5.07471
-5.06299
-5.0526
-5.04379
-5.03938
-5.04055
-5.04754
-5.05788
-5.06952
-5.07474
-5.07412
-5.06688
-5.05242
-5.03561
-5.02181
-5.01147
-5.00868
-5.01245
-5.01971
-5.03254
-5.04748
-5.06072
-5.06981
-5.07194
-5.06354
-5.04849
-5.02753
-5.00552
-4.98522
-4.9709
-4.96586
-4.97113
-4.98513
-5.00157
-5.01753
-5.02964
-5.03534
-5.0349
-5.02914
-5.01941
-5.01025
-5.0023
-5.00003
-5.00227
-5.01186
-5.02562
-5.04342
-5.0632
-5.0831
-5.10181
-5.11696
-5.12707
-5.12926
-5.12434
-5.11159
-5.09089
-5.06486
-5.03968
-5.01757
-5.00349
-4.9966
-4.99648
-4.99925
-5.00302
-5.00714
-5.01043
-5.01134
-5.00997
-5.00504
-4.99557
-4.98444
-4.97309
-4.96254
-4.953
-4.9448
-4.93615
-4.92904
-4.92129
-4.914
-4.90501
-4.89591
-4.88595
-4.87639
-4.86722
-4.8607
-4.85854
-4.8627
-4.87345
-4.89055
-4.91567
-4.94541
-4.97745
-5.00974
-5.03791
-5.06223
-5.07875
-5.08782
-5.08903
-5.08012
-5.06442
-5.04116
-5.01381
-4.9845
-4.95717
-4.93655
-4.92901
-4.9324
-4.94758
-4.97017
-4.99576
-5.0215
-5.04402
-5.06384
-5.07869
-5.09044
-5.10053
-5.11215
-5.12766
-5.14634
-5.16785
-5.19155
-5.21432
-5.23173
-5.24115
-5.23839
-5.22382
-5.19906
-5.16486
-5.12823
-5.09272
-5.06301
-5.04024
-5.02411
-5.01091
-4.9977
-4.9843
-4.9681
-4.94822
-4.92709
-4.90602
-4.88501
-4.86737
-4.85635
-4.85397
-4.85961
-4.87268
-4.88757
-4.90199
-4.91441
-4.92368
-4.93089
-4.93608
-4.93969
-4.94226
-4.9437
-4.94494
-4.94746
-4.95334
-4.96323
-4.97613
-4.99086
-5.00553
-5.01765
-5.0275
-5.03231
-5.03119
-5.02258
-5.00729
-4.98902
-4.96765
-4.94804
-4.93353
-4.92385
-4.91766
-4.91632
-4.91664
-4.91883
-4.92141
-4.92593
-4.92848
-4.93106
-4.93106
-4.92869
-4.92544
-4.91986
-4.91272
-4.90452
-4.89833
-4.89955
-4.91013
-4.93099
-4.96084
-4.99729
-5.03305
-5.06471
-5.08983
-5.10504
-5.11029
-5.10703
-5.09754
-5.08583
-5.07493
-5.0672
-5.06113
-5.0558
-5.04842
-5.03841
-5.01929
-4.99283
-4.95984
-4.92094
-4.88222
-4.84706
-4.82007
-4.807
-4.80859
-4.82648
-4.85814
-4.90133
-4.9507
-5.00262
-5.05403
-5.10049
-5.13776
-5.16232
-5.17282
-5.16781
-5.15277
-5.13113
-5.10534
-5.07821
-5.04966
-5.02443
-5.00525
-4.99028
-4.97901
-4.96897
-4.96174
-4.95545
-4.9488
-4.94279
-4.93693
-4.93173
-4.92998
-4.93341
-4.9435
-4.96008
-4.98306
-5.00792
-5.03186
-5.05049
-5.06005
-5.05954
-5.05067
-5.03625
-5.02285
-5.01351
-5.00803
-5.00758
-5.0103
-5.01333
-5.01473
-5.01483
-5.01116
-5.00188
-4.98653
-4.96829
-4.95124
-4.9419
-4.94426
-4.95707
-4.97455
-4.98902
-4.99641
-4.9956
-4.98797
-4.97332
-4.95555
-4.93999
-4.93424
-4.94398
-4.96589
-4.99596
-5.02762
-5.0543
-5.07481
-5.08762
-5.09319
-5.09505
-5.09455
-5.09486
-5.0952
-5.09239
-5.08683
-5.07524
-5.05604
-5.03125
-5.00569
-4.98659
-4.97784
-4.98178
-4.99124
-5.00234
-5.01118
-5.01683
-5.01735
-5.01663
-5.01601
-5.01756
-5.02112
-5.02674
-5.0328
-5.03927
-5.04614
-5.05334
-5.06049
-5.06648
-5.07081
-5.07271
-5.0711
-5.06355
-5.05056
-5.03332
-5.01166
-4.9888
-4.96647
-4.94508
-4.92547
-4.90906
-4.89603
-4.88671
-4.88196
-4.88187
-4.88778
-4.89881
-4.91403
-4.93144
-4.94907
-4.96603
-4.98003
-4.9916
-4.99981
-5.00518
-5.00542
-5.00589
-5.00843
-5.01701
-5.02941
-5.04323
-5.05337
-5.05632
-5.05193
