1.04755
1.03702
1.02867
1.02321
1.02129
1.02254
1.02592
1.0309
1.03771
1.04647
1.05632
1.06553
1.07218
1.07497
1.07341
1.06805
1.06037
1.05251
1.04694
1.04608
1.05193
1.06507
1.08396
1.10542
1.12598
1.143
1.15507
1.1619
1.16415
1.16324
1.1609
1.15827
1.15532
1.15077
1.14312
1.13172
1.11746
1.10247
1.08929
1.07991
1.07509
1.07425
1.07594
1.07857
1.08092
1.08244
1.08325
1.08381
1.08448
1.08514
1.08506
1.08343
1.07976
1.07433
1.06812
1.06259
1.05923
1.05902
1.062
1.06745
1.07438
1.082
1.08998
1.09831
1.10713
1.11638
1.12556
1.13369
1.13956
1.14213
1.14074
1.13525
1.12596
1.11344
1.09861
1.08282
1.06791
1.05595
1.04842
1.04556
1.04643
1.04946
1.05288
1.055
1.05459
1.05125
1.04561
1.03921
1.03403
1.03204
1.03467
1.04239
1.05455
1.06968
1.08614
1.10227
1.11647
1.12709
1.13264
1.13201
1.1247
1.11084
1.09127
1.06762
1.04236
1.01867
0.999766
0.988109
0.984571
0.98823
0.996863
1.00772
1.01821
1.02638
1.03123
1.03299
1.03291
1.03276
1.03393
1.03678
1.04074
1.04485
1.04839
1.05101
1.05269
1.05353
1.0536
1.05292
1.05151
1.0496
1.04774
1.04667
1.04701
1.04908
1.05305
1.05901
1.06705
1.07703
1.08855
1.10085
1.11298
1.12416
1.13412
1.14336
1.15292
1.16377
1.17608
1.18894
1.20065
1.20933
1.21354
1.21259
1.20654
1.19596
1.18149
1.16359
1.14247
1.11843
1.09232
1.06571
1.04096
1.02081
1.00791
1.004
1.00935
1.02247
1.04047
1.05982
1.07718
1.08993
1.09646
1.09634
1.09009
1.0788
1.06362
1.04557
1.02603
1.00745
0.993667
0.988475
0.99324
1.00604
1.02315
1.04093
1.05658
1.06843
1.07588
1.07909
1.07863
1.07509
1.06895
1.06058
1.05047
1.03938
1.02834
1.01873
1.01199
1.0093
1.01109
1.0168
1.02501
1.03387
1.04183
1.04822
1.05378
1.06078
1.07211
1.08971
1.11317
1.13985
1.16655
1.19085
1.21152
1.22794
1.23966
1.24643
1.24848
1.24694
1.24378
1.24126
1.24104
1.24353
1.24796
1.25298
1.25746
1.26086
1.26322
1.26494
1.26626
1.26703
1.26656
1.26382
1.2577
1.24735
1.23234
1.21265
1.18867
1.1613
1.13244
1.10532
1.08353
1.06872
1.05939
1.05249
1.04604
1.04027
1.03682
1.03722
1.04173
1.04916
1.05768
1.06594
1.07375
1.08204
1.09231
1.10567
1.12217
1.14059
1.15875
1.17422
1.18501
1.19021
1.19012
1.18587
1.17888
1.17027
1.16094
1.15178
1.1437
1.13759
1.13397
1.13282
1.13348
1.13464
1.13477
1.13286
1.12923
1.12572
1.12487
1.12869
1.13788
1.15218
1.17054
1.19105
1.21089
1.2269
1.23631
1.23714
1.22839
1.21047
1.18566
1.15799
1.13177
1.10959
1.09167
1.07717
1.06555
1.0568
1.05105
1.04823
1.04807
1.05028
1.05467
1.06097
1.06876
1.07745
1.08643
1.09537
1.10418
1.11282
1.121
1.12802
1.13314
1.13612
1.13743
1.13796
1.1385
1.13942
1.14071
1.14224
1.14397
1.14588
1.1479
1.14974
1.15097
1.15114
1.15
1.14756
1.14399
1.1395
1.13425
1.12849
1.12298
1.11893
1.11741
1.11858
1.12165
1.12561
1.12971
1.13355
1.13681
1.13907
1.13967
1.13799
1.13376
1.12737
1.11985
1.11263
1.10691
1.10302
1.10044
1.09837
1.09651
1.0954
1.09586
1.0982
1.10167
1.10455
1.10498
1.10188
1.09565
1.08805
1.08158
1.07872
1.08117
1.0893
1.10187
1.11623
1.12907
1.13735
1.13902
1.1333
1.12051
1.10177
1.07884
1.05404
1.03028
1.01063
0.997751
0.993166
0.996822
1.00711
1.02134
1.03665
1.05082
1.06278
1.07258
1.08102
1.08898
1.09682
1.10404
1.10959
1.11249
1.11236
1.10947
1.10466
1.09912
1.09437
1.09161
1.09088
1.09096
1.09033
1.08827
1.08506
1.08153
1.07858
1.07714
1.07826
1.08295
1.09177
1.10437
1.11916
1.13367
1.14518
1.15135
1.15087
1.14398
1.1327
1.12009
1.10874
1.0993
1.09047
1.08019
1.06702
1.0513
1.0361
1.02701
1.02948
1.04473
1.06875
1.0955
1.1201
1.13972
1.15296
1.15921
1.15834
1.15076
1.13768
1.1213
1.10455
1.09032
1.08061
1.07612
1.07655
1.08111
1.08888
1.0987
1.109
1.11783
1.12316
1.12331
1.11732
1.10493
1.08634
1.06241
1.03539
1.00985
0.992186
0.98789
0.998388
1.02025
1.04728
1.07323
1.09347
1.10563
1.10946
1.10658
1.09976
1.0922
1.08647
1.0838
1.08371
1.08448
1.08416
1.08159
1.07685
1.07116
1.06631
1.06383
1.06419
1.06656
1.06905
1.06959
1.06679
1.06058
1.05241
1.04484
1.04067
1.04192
1.04922
1.06189
1.07844
1.0972
1.11651
1.13499
1.1517
1.16615
1.1781
1.18729
1.19336
1.1958
1.19402
1.18748
1.17581
1.15903
1.1378
1.11359
1.08864
1.06574
1.04761
1.03634
1.03285
1.03678
1.04662
1.05999
1.07391
1.08564
1.09375
1.09872
1.10244
1.10697
1.11342
1.12155
1.13012
1.13752
1.14244
1.1442
1.14302
1.14056
1.13981
1.14387
1.15399
1.1686
1.18433
1.19789
1.20741
1.21257
1.21416
1.21333
1.2109
1.20705
1.20154
1.19406
1.1846
1.17341
1.16086
1.14728
1.13282
1.1174
1.10095
1.08383
1.0674
1.05388
1.04511
1.04103
1.0396
1.03846
1.03625
1.03272
1.02806
1.02225
1.01523
1.00735
0.999962
0.995638
0.997359
1.00694
1.02371
1.04463
1.06568
1.08343
1.09587
1.10213
1.10173
1.09422
1.07991
1.06064
1.03961
1.02005
1.00389
0.991725
0.983855
0.981104
0.984712
0.995519
1.01307
1.03537
1.05937
1.08191
1.10034
1.11293
1.11914
1.11972
1.11667
1.11265
1.11006
1.11009
1.11239
1.11575
1.11915
1.12243
1.12632
1.13183
1.13928
1.14806
1.15707
1.16566
1.17418
1.18356
1.19428
1.20524
1.21383
1.21726
1.21389
1.20368
1.1879
1.16849
1.14767
1.12773
1.11086
1.09881
1.09253
1.09215
1.0974
1.10779
1.12242
1.13949
1.15647
1.17076
1.18038
1.18433
1.18256
1.17575
1.16522
1.15293
1.14132
1.13264
1.12788
1.12633
1.12604
1.12504
1.12224
1.11785
1.11307
1.10933
1.10756
1.10787
1.10964
1.11204
1.11438
1.11633
1.11794
1.11947
1.12124
1.12334
1.12531
1.12628
1.12537
1.12219
1.11716
1.11124
1.10556
1.10095
1.09768
1.0955
1.09386
1.09231
1.09075
1.08955
1.08936
1.09087
1.09444
1.1001
1.10759
1.11638
1.12556
1.13366
1.13891
1.13965
1.13478
1.1241
1.1085
1.09042
1.07382
1.06325
1.06168
1.0689
1.0816
1.09527
1.10605
1.11175
1.11204
1.10808
1.10184
1.09535
1.09015
1.08751
1.08861
1.09364
1.10045
1.10521
1.10515
1.10024
1.09244
1.08402
1.07664
1.07132
1.06868
1.06912
1.07256
1.07825
1.08502
1.09179
1.09815
1.10454
1.11174
1.12039
1.13048
1.14126
1.15159
1.1604
1.16724
1.17235
1.17638
1.17963
1.18141
1.18004
1.17355
1.16078
1.14214
1.11962
1.09624
1.07516
1.05888
1.04886
1.04535
1.04752
1.05381
1.06244
1.07181
1.08075
1.08857
1.09478
1.09917
1.10172
1.10265
1.10231
1.10086
1.09813
1.09363
1.0867
1.07671
1.06342
1.04766
1.03173
1.01899
1.01221
1.01243
1.01904
1.0306
1.04528
1.06109
1.07612
1.08888
1.09837
1.10406
1.10591
1.10444
1.1008
1.0966
1.09349
1.09268
1.09455
1.09865
1.10403
1.10973
1.11495
1.11906
1.12184
1.12359
1.12509
1.12697
1.12922
1.13111
1.13163
1.13015
1.12669
1.12176
1.11561
1.10783
1.09735
1.08325
1.06554
1.04561
1.02623
1.01086
1.00257
1.00304
1.01241
1.02967
1.05313
1.08058
1.10955
1.13759
1.16272
1.18358
1.1993
1.20927
1.21295
1.20993
1.20054
1.18646
1.17107
1.15803
1.14885
1.14183
1.13377
1.12251
1.10788
1.09146
1.07584
1.06386
1.05802
1.05991
1.06981
1.08655
1.10784
1.13082
1.15292
1.17241
1.18855
1.20133
1.2111
1.21817
1.22264
1.22425
1.22243
1.21639
1.2052
1.18833
1.16647
1.14208
1.11879
1.09972
1.086
1.07698
1.07138
1.06798
1.06565
1.06323
1.05976
1.05472
1.04818
1.04057
1.03241
1.02424
1.01696
1.01252
1.01366
1.02243
1.03805
1.05677
1.07411
1.08731
1.09617
1.10232
1.10763
1.11296
1.11804
1.12255
1.12681
1.13162
1.13723
1.14275
1.14648
1.14681
1.14307
1.13573
1.12618
1.11619
1.10752
1.10159
1.09941
1.10151
1.1079
1.11791
1.1302
1.14284
1.15371
1.16098
1.1636
1.1616
1.1561
1.149
1.14217
1.13667
1.13223
1.12759
1.12139
1.11293
1.10249
1.09121
1.08067
1.07244
1.06792
1.06823
1.0739
1.08416
1.09661
1.10812
1.11625
1.12024
1.12088
1.11968
1.11822
1.1177
1.11877
1.12144
1.12511
1.12862
1.13081
1.13091
1.1289
1.12551
1.12187
1.11918
1.11864
1.12151
1.1286
1.13921
1.15048
1.15841
1.1596
1.15224
1.13611
1.11207
1.08184
1.0483
1.01595
0.990531
0.976942
0.976747
0.987422
1.0041
1.02209
1.03848
1.05242
1.06444
1.07549
1.08602
1.09583
1.10431
1.11095
1.11566
1.11881
1.12086
1.12209
1.12234
1.12119
1.11835
1.1141
1.10942
1.10577
1.1045
1.10647
1.11181
1.11998
1.12989
1.13991
1.14819
1.15295
1.15293
1.14752
1.13682
1.12164
1.10346
1.0843
1.06663
1.05302
1.04569
1.04617
1.05491
1.07118
1.09305
1.11756
1.14119
1.16053
1.17302
1.17747
1.17415
1.16466
1.15154
1.13763
1.12528
1.11561
1.10861
1.10407
1.10225
1.10385
1.10912
1.11705
1.1254
1.13138
1.13258
1.1277
1.11679
1.10142
1.08454
1.06992
1.06091
1.05913
1.0637
1.07186
1.0801
1.08552
1.08646
1.08252
1.07457
1.06451
1.0549
1.04832
1.04655
1.04999
1.05764
1.06764
1.0778
1.08617
1.09134
1.09266
1.09056
1.08642
1.08208
1.0789
1.07704
1.07541
1.07266
1.06822
1.06293
1.05886
1.05834
1.06252
1.07062
1.08015
1.08809
1.09197
1.0905
1.08359
1.07222
1.05826
1.04412
1.03228
1.02461
1.02184
1.02348
1.02809
1.0338
1.03887
1.04196
1.04254
1.04134
1.04073
1.04392
1.0528
1.06624
1.08094
1.09369
1.10255
1.10704
1.10784
1.1064
1.1045
1.10357
1.10441
1.10717
1.11168
1.11767
1.12486
1.13293
1.14142
1.14968
1.15696
1.16252
1.16575
1.16608
1.16298
1.15598
1.14481
1.12959
1.11112
1.09086
1.07078
1.05298
1.03928
1.03102
1.02886
1.03247
1.04024
1.04961
1.05792
1.06325
1.06463
1.06159
1.05392
1.04178
1.02612
1.00878
0.991926
0.977663
0.967702
0.963191
0.9646
0.971615
0.983236
0.997958
1.01404
1.02979
1.04371
1.0546
1.06168
1.06454
1.06342
1.05932
1.05369
1.0478
1.04223
1.03733
1.03365
1.03188
1.03203
1.03326
1.03428
1.03397
1.03162
1.02706
1.02096
1.01478
1.01031
1.00905
1.01145
1.01693
1.02421
1.03188
1.03881
1.04442
1.04861
1.05165
1.05401
1.05618
1.05851
1.06116
1.06394
1.06653
1.06862
1.07027
1.07211
1.07533
1.08107
1.0898
1.10074
1.11188
1.12041
1.12338
1.11859
1.10527
1.08426
1.05756
1.02782
0.99776
0.970485
0.950122
0.941495
0.947485
0.966116
0.991517
1.01787
1.04187
1.06248
1.07979
1.09407
1.10535
1.11344
1.11813
1.11943
1.11775
1.11388
1.10882
1.10339
1.09797
1.09234
1.08575
1.07735
1.06652
1.05352
1.03961
1.02703
1.01834
1.0156
1.01948
1.02913
1.04245
1.05665
1.06898
1.07737
1.08087
1.07977
1.0751
1.06804
1.05946
1.04984
1.0396
1.02938
1.02011
1.01291
1.00874
1.00813
1.01093
1.01625
1.02249
1.02799
1.03203
1.03563
1.04103
1.04999
1.0623
1.07615
1.0895
1.10117
1.11082
1.11848
1.1242
1.12817
1.13098
1.13353
1.1366
1.14025
1.14362
1.14525
1.14365
1.13792
1.12797
1.11451
1.09885
1.0828
1.06858
1.05836
1.05359
1.05448
1.06028
1.07011
1.08331
1.09901
1.11545
1.12997
1.13979
1.14291
1.13872
1.12813
1.11336
1.0974
1.08322
1.07291
1.06741
1.06672
1.07026
1.07684
1.08445
1.09058
1.0931
1.09101
1.08463
1.07533
1.06499
1.05531
1.04743
1.04164
1.03758
1.03477
1.03334
1.03441
1.03956
1.04946
1.06297
1.07766
1.09136
1.10295
1.1122
1.11905
1.12309
1.12352
1.11952
1.11083
1.09828
1.08396
1.07104
1.06303
1.06279
1.0715
1.08839
1.11102
1.1361
1.16018
1.18026
1.19403
1.20002
1.19768
1.1874
1.17053
1.1493
1.127
1.10821
1.0979
1.09887
1.10978
1.1259
1.14173
1.15293
1.15657
1.15111
1.13663
1.11571
1.09367
1.07625
1.06588
1.06052
1.05654
1.05146
1.04429
1.03494
1.02378
1.01152
0.999265
0.988436
0.980594
0.977075
0.978673
0.985471
0.996899
1.01185
1.0288
1.04605
1.06183
1.07446
1.08263
1.08581
1.08476
1.08159
1.07902
1.07926
1.08302
1.08929
1.09583
1.10021
1.10067
1.0968
1.08965
1.08136
1.07424
1.06995
1.06926
1.0724
1.07909
1.08824
1.09794
1.10587
1.11014
1.1098
1.10504
1.09697
1.08723
1.07765
1.06983
1.06492
1.06353
1.06581
1.07157
1.08051
1.09235
1.10654
1.12197
1.137
1.14987
1.1591
1.16374
1.16326
1.15763
1.14738
1.13364
1.1182
1.10344
1.09192
1.08561
1.08492
1.08853
1.09422
1.09998
1.10475
1.10853
1.11185
1.1151
1.11813
1.12021
1.12042
1.1183
1.11451
1.11078
1.10929
1.11167
1.11838
1.12864
1.14076
1.15272
1.1626
1.16898
1.17104
1.16868
1.16239
1.15314
1.14193
1.12935
1.11531
1.09928
1.08088
1.06034
1.03875
1.01833
1.00247
0.994897
0.99762
1.00942
1.02648
1.04444
1.06003
1.07159
1.07881
1.08227
1.08323
1.08335
1.0844
1.08743
1.09202
1.09661
1.09961
1.10054
1.10014
1.09974
1.10052
1.10312
1.10787
1.11504
1.1249
1.13731
1.15128
1.165
1.17649
1.18421
1.18737
1.18592
1.18034
1.17145
1.16023
1.14783
1.13544
1.12429
1.11559
1.11032
1.10868
1.10956
1.11074
1.10995
1.10624
1.10038
1.09422
1.08934
1.08593
1.08261
1.07731
1.06862
1.05698
1.04501
1.03649
1.03405
1.03734
1.04356
1.04981
1.05496
1.05977
1.06579
1.07403
1.08422
1.09497
1.10425
1.10999
1.11056
1.10516
1.09414
1.07897
1.06217
1.04687
1.03651
1.03414
1.04168
1.0592
1.08465
1.11446
1.14458
1.17151
1.19259
1.20596
1.21039
1.20534
1.19119
1.16928
1.14196
1.11229
1.08352
1.0583
1.03815
1.02341
1.01374
1.0086
1.00756
1.0102
1.01584
1.02328
1.03085
1.03661
1.03886
1.03643
1.02908
1.01769
1.00418
0.991046
0.980543
0.973972
0.971354
0.97167
0.973561
0.975969
0.97842
0.980918
0.983618
0.986534
0.98956
0.992672
0.995941
0.999392
1.00288
1.00598
1.00813
1.00874
1.00732
1.00371
0.997956
0.990636
0.982996
0.976986
0.974674
0.977185
0.983919
0.992901
1.00191
1.00937
1.01457
1.01766
1.0196
1.02205
1.02675
1.03477
1.04591
1.05887
1.07175
1.08274
1.09038
1.09374
1.09225
1.08569
1.07423
1.05863
1.04036
1.02141
1.0037
0.988498
0.976207
0.966661
0.959792
0.956144
0.956875
0.963318
0.976297
0.995283
1.01795
1.04096
1.06154
1.07853
1.0923
1.1039
1.1141
1.1229
1.12918
1.13113
1.12687
1.11533
1.09683
1.07329
1.04816
1.02619
1.01274
1.0121
1.0252
1.04871
1.07677
1.10359
1.125
1.13879
1.14448
1.14291
1.13574
1.12494
1.1123
1.09934
1.08731
1.07738
1.07056
1.0675
1.06835
1.07266
1.07937
1.08677
1.09265
1.09471
1.09124
1.08185
1.06784
1.05211
1.03816
1.02889
1.02568
1.02842
1.03617
1.04794
1.06283
1.07982
1.09748
1.114
1.12752
1.13659
1.14051
1.13945
1.13444
1.12714
1.1195
1.11353
1.11079
1.11208
1.11704
1.12413
1.13098
1.13506
1.13455
1.12902
1.11968
1.10898
1.09958
1.09339
1.09123
1.09314
1.09878
1.10734
1.11729
1.12642
1.13228
1.13299
1.1279
1.11766
1.10399
1.08912
1.07559
1.06605
1.06259
1.06579
1.07432
1.08548
1.09632
1.1045
1.1086
1.10821
1.10396
1.09748
1.09087
1.08607
1.08436
1.08625
1.09184
1.10081
1.11247
1.12576
1.13943
1.1522
1.16281
1.16995
1.17242
1.16934
1.16054
1.14684
1.13009
1.113
1.09847
1.08858
1.08388
1.0834
1.08535
1.08816
1.09091
1.0931
1.09411
1.09309
1.0895
1.08349
1.07597
1.06821
1.06117
1.05512
1.04975
1.04469
1.03975
1.03478
1.02962
1.02403
1.01797
1.01163
1.00545
1.00004
0.996207
0.994966
0.997437
1.0045
1.01641
1.03265
1.05217
1.07353
1.09496
1.11454
1.13046
1.14137
1.1466
1.1461
1.14016
1.12929
1.11419
1.09596
1.07652
1.05871
1.04577
1.04024
1.0429
1.05262
1.06717
1.08413
1.10129
1.1169
1.12992
1.14012
1.14826
1.15569
1.16394
1.17418
1.18694
1.20188
1.21778
1.23265
1.24416
1.25003
1.24859
1.23908
1.22208
1.19958
1.17476
1.15108
1.13118
1.116
1.10484
1.09594
1.08743
1.0779
1.06669
1.05384
1.03986
1.02551
1.01191
1.00055
0.993203
0.991216
0.994773
1.00258
1.0124
1.02212
1.0304
1.03688
1.04179
1.04545
1.04806
1.04967
1.05053
1.05136
1.05324
1.05726
1.06386
1.07255
1.08227
1.09185
1.10033
1.1068
1.11011
1.10915
1.10341
1.09332
1.08034
1.0665
1.05383
1.04375
1.03679
1.03277
1.03117
1.03138
1.03284
1.03496
1.03717
1.03897
1.03999
1.03998
1.03881
1.03634
1.03242
1.02716
1.02149
1.01746
1.01778
1.02463
1.03873
1.05904
1.08303
1.10747
1.12918
1.14573
1.15577
1.15917
1.1569
1.15077
1.14297
1.1355
1.12964
1.12559
1.12234
1.11803
1.11055
1.0983
1.08066
1.05826
1.03294
1.00733
0.984395
0.967106
0.958093
0.959251
0.971176
0.992686
1.02128
1.05409
1.0886
1.12247
1.15314
1.17778
1.19395
1.20045
1.19782
1.18799
1.17337
1.15597
1.13728
1.11875
1.10203
1.08854
1.07857
1.07125
1.06546
1.06044
1.05585
1.05151
1.0473
1.0433
1.04004
1.03867
1.04065
1.04718
1.05853
1.07375
1.09073
1.10668
1.1188
1.12497
1.12443
1.11821
1.10891
1.09967
1.09294
1.08959
1.08909
1.0902
1.09181
1.09305
1.09301
1.09057
1.08468
1.07505
1.0629
1.05132
1.0447
1.04607
1.05461
1.06606
1.0758
1.08103
1.0808
1.07531
1.06564
1.0541
1.04444
1.04111
1.04709
1.062
1.08235
1.10355
1.12194
1.13562
1.14436
1.14908
1.15113
1.1518
1.15201
1.15193
1.15086
1.14735
1.13973
1.12713
1.1106
1.09357
1.08064
1.075
1.07662
1.08282
1.09022
1.09612
1.09918
1.09952
1.09844
1.09772
1.09866
1.10144
1.10538
1.10973
1.11414
1.11862
1.12312
1.12748
1.13137
1.13426
1.13542
1.13405
1.12942
1.12116
1.10957
1.09553
1.08029
1.06501
1.05054
1.03747
1.02622
1.01724
1.01092
1.00766
1.0078
1.01154
1.01869
1.02853
1.03993
1.05169
1.0628
1.07253
1.08034
1.08582
1.08879
1.08976
1.09018
1.09217
1.09739
1.10555
1.11426
1.12041
1.12208
1.11945
