-3.36955
-3.37091
-3.37076
-3.37091
-3.37046
-3.36985
-3.36985
-3.3694
-3.3691
-3.36895
-3.36955
-3.37016
-3.37092
-3.37107
-3.37212
-3.37167
-3.37167
-3.37182
-3.37257
-3.37317
-3.37317
-3.37333
-3.37242
-3.37212
-3.37197
-3.37152
-3.37212
-3.37077
-3.37016
-3.37031
-3.37091
-3.37076
-3.37046
-3.37122
-3.37107
-3.36971
-3.37001
-3.3694
-3.36879
-3.3691
-3.36955
-3.36849
-3.36804
-3.3685
-3.36895
-3.36834
-3.36759
-3.36774
-3.36683
-3.36562
-3.36577
-3.36532
-3.36411
-3.36351
-3.36305
-3.36381
-3.36441
-3.36441
-3.36411
-3.36321
-3.36305
-3.36411
-3.3629
-3.3623
-3.362
-3.36336
-3.36306
-3.36351
-3.36381
-3.36291
-3.36306
-3.36276
-3.36336
-3.36412
-3.36548
-3.36547
-3.36562
-3.36668
-3.36728
-3.36759
-3.36834
-3.36804
-3.36774
-3.36805
-3.36789
-3.36759
-3.36729
-3.36759
-3.36759
-3.36774
-3.36804
-3.36955
-3.36834
-3.3688
-3.36865
-3.3688
-3.3688
-3.36835
-3.3682
-3.36835
-3.36835
-3.3676
-3.36744
-3.36653
-3.36593
-3.36577
-3.36562
-3.36607
-3.36607
-3.36592
-3.36578
-3.36563
-3.36563
-3.36654
-3.36669
-3.36654
-3.36759
-3.3691
-3.36804
-3.36804
-3.36774
-3.36895
-3.36956
-3.37046
-3.37077
-3.37001
-3.37107
-3.37152
-3.37212
-3.37288
-3.37318
-3.37273
-3.37212
-3.37107
-3.37182
-3.37243
-3.37212
-3.37228
-3.37167
-3.37182
-3.37213
-3.37273
-3.37258
-3.37243
-3.37152
-3.37046
-3.37016
-3.37001
-3.36881
-3.36911
-3.36941
-3.36971
-3.37017
-3.37016
-3.37047
-3.37077
-3.37077
-3.37122
-3.37031
-3.37031
-3.37001
-3.3697
-3.3694
-3.37061
-3.3694
-3.36955
-3.36941
-3.37001
-3.37017
-3.37017
-3.36926
-3.36941
-3.36911
-3.36926
-3.36851
-3.3679
-3.36835
-3.36865
-3.36819
-3.36849
-3.36895
-3.3688
-3.3682
-3.3682
-3.36745
-3.3673
-3.3676
-3.36639
-3.36669
-3.3679
-3.36835
-3.36896
-3.36956
-3.37001
-3.37031
-3.37092
-3.37091
-3.37137
-3.37167
-3.37167
-3.37152
-3.37243
-3.37258
-3.37198
-3.37228
-3.37197
-3.37182
-3.37257
-3.37394
-3.37394
-3.37243
-3.37183
-3.37152
-3.37167
-3.37183
-3.37243
-3.37288
-3.37364
-3.37197
-3.37106
-3.37137
-3.37197
-3.37303
-3.37273
-3.37348
-3.37258
-3.37182
-3.37076
-3.37016
-3.37167
-3.37167
-3.37152
-3.37092
-3.37122
-3.37212
-3.37167
-3.37046
-3.37076
-3.37061
-3.36985
-3.36985
-3.37
-3.37031
-3.37031
-3.36971
-3.3697
-3.36804
-3.36925
-3.3697
-3.36985
-3.37031
-3.37046
-3.37061
-3.37015
-3.37091
-3.37106
-3.37257
-3.37227
-3.37242
-3.37273
-3.37333
-3.37243
-3.37348
-3.37303
-3.37333
-3.37272
-3.37182
-3.37197
-3.37136
-3.37197
-3.37166
-3.37227
-3.37287
-3.37212
-3.37242
-3.37273
-3.37408
-3.37272
-3.37333
-3.37272
-3.37257
-3.37227
-3.37136
-3.37137
-3.37227
-3.37288
-3.37334
-3.37364
-3.37364
-3.37379
-3.37363
-3.37439
-3.37408
-3.37423
-3.37439
-3.37408
-3.37454
-3.37559
-3.37574
-3.37574
-3.37499
-3.37499
-3.37423
-3.37469
-3.37453
-3.37454
-3.37348
-3.37257
-3.37333
-3.37318
-3.37318
-3.37303
-3.37288
-3.37348
-3.37257
-3.37378
-3.37378
-3.37303
-3.37348
-3.37303
-3.37288
-3.37303
-3.37303
-3.37333
-3.37288
-3.37242
-3.37318
-3.37333
-3.37212
-3.37273
-3.37288
-3.37197
-3.37303
-3.37378
-3.37439
-3.37439
-3.37469
-3.37409
-3.37394
-3.37348
-3.37378
-3.37394
-3.37318
-3.37273
-3.37273
-3.37197
-3.37182
-3.37227
-3.37242
-3.37167
-3.37197
-3.37167
-3.37136
-3.37
-3.3697
-3.37046
-3.37167
-3.37212
-3.37258
-3.37197
-3.37197
-3.37333
-3.37423
-3.37348
-3.37408
-3.37393
-3.37408
-3.37333
-3.37258
-3.37182
-3.37167
-3.37137
-3.37152
-3.37167
-3.37212
-3.37197
-3.37242
-3.37257
-3.37227
-3.37272
-3.37182
-3.37242
-3.37076
-3.37016
-3.37092
-3.36971
-3.36865
-3.3691
-3.3691
-3.36835
-3.36895
-3.37001
-3.37091
-3.37061
-3.36986
-3.37001
-3.37046
-3.36925
-3.37061
-3.37227
-3.37122
-3.37152
-3.37091
-3.37137
-3.37227
-3.37272
-3.37257
-3.37197
-3.37302
-3.37257
-3.37182
-3.37197
-3.37258
-3.37213
-3.37243
-3.37319
-3.37228
-3.37273
-3.37242
-3.37167
-3.37182
-3.37243
-3.37303
-3.37152
-3.37197
-3.37197
-3.37226
-3.37136
-3.37121
-3.37182
-3.37182
-3.37228
-3.37334
-3.37258
-3.37364
-3.37379
-3.37334
-3.37258
-3.37242
-3.37121
-3.37151
-3.37136
-3.37121
-3.37106
-3.37167
-3.37212
-3.37137
-3.37061
-3.36956
-3.36895
-3.36926
-3.36926
-3.3685
-3.3688
-3.36714
-3.36729
-3.36774
-3.36728
-3.36728
-3.36788
-3.36729
-3.36714
-3.36729
-3.3676
-3.36714
-3.36775
-3.3682
-3.36774
-3.36804
-3.36774
-3.3685
-3.3691
-3.36941
-3.3688
-3.36956
-3.3694
-3.3697
-3.37016
-3.37121
-3.37076
-3.37046
-3.37107
-3.37182
-3.37243
-3.37197
-3.37152
-3.37242
-3.37197
-3.37166
-3.37121
-3.37061
-3.37076
-3.37016
-3.37122
-3.37137
-3.37197
-3.37182
-3.37303
-3.37363
-3.37439
-3.37424
-3.37364
-3.37318
-3.37349
-3.37364
-3.37318
-3.37243
-3.37212
-3.37121
-3.37076
-3.37076
-3.37045
-3.37
-3.37001
-3.36925
-3.3685
-3.3685
-3.36789
-3.36714
-3.36623
-3.36608
-3.36623
-3.36683
-3.36638
-3.36744
-3.36729
-3.36805
-3.36835
-3.36774
-3.36804
-3.36758
-3.36713
-3.36759
-3.36774
-3.36774
-3.36729
-3.3682
-3.36759
-3.3685
-3.36925
-3.3694
-3.36986
-3.37046
-3.37076
-3.37046
-3.3697
-3.3691
-3.36925
-3.3688
-3.36835
-3.36925
-3.36925
-3.36894
-3.36849
-3.36819
-3.36835
-3.3685
-3.36895
-3.36865
-3.36789
-3.36759
-3.3685
-3.3685
-3.36865
-3.3694
-3.3694
-3.3691
-3.36835
-3.36956
-3.37032
-3.37002
-3.36987
-3.36942
-3.36911
-3.37017
-3.37002
-3.37047
-3.37077
-3.37092
-3.37092
-3.37107
-3.37152
-3.37092
-3.37107
-3.37091
-3.37092
-3.37152
-3.37062
-3.37123
-3.37168
-3.37183
-3.37213
-3.37153
-3.37092
-3.37001
-3.36971
-3.36895
-3.36971
-3.37092
-3.37047
-3.36986
-3.37001
-3.36941
-3.3688
-3.3682
-3.3679
-3.3676
-3.3682
-3.36774
-3.36865
-3.36926
-3.36926
-3.36987
-3.37047
-3.37032
-3.37001
-3.37122
-3.37092
-3.37122
-3.37137
-3.37137
-3.37137
-3.37121
-3.37167
-3.37182
-3.37107
-3.37077
-3.37062
-3.37107
-3.36986
-3.36971
-3.36971
-3.36941
-3.37047
-3.37061
-3.37061
-3.3697
-3.3688
-3.36971
-3.36926
-3.37001
-3.37092
-3.37213
-3.37243
-3.37288
-3.37212
-3.37152
-3.37243
-3.37273
-3.37258
-3.37334
-3.37273
-3.37303
-3.37288
-3.37213
-3.37288
-3.37319
-3.37183
-3.37122
-3.37077
-3.36971
-3.36956
-3.36971
-3.37031
-3.37046
-3.36986
-3.37001
-3.36971
-3.37062
-3.37077
-3.37031
-3.37077
-3.37062
-3.37092
-3.37152
-3.37213
-3.37379
-3.37364
-3.37364
-3.37319
-3.37304
-3.37379
-3.37364
-3.37258
-3.37137
-3.37137
-3.37092
-3.37092
-3.37092
-3.37017
-3.37123
-3.37198
-3.37198
-3.37183
-3.37167
-3.37228
-3.37213
-3.37213
-3.37303
-3.37304
-3.3741
-3.37425
-3.3741
-3.37319
-3.37349
-3.37379
-3.37379
-3.37469
-3.37409
-3.37288
-3.37318
-3.37228
-3.37273
-3.37349
-3.37273
-3.37333
-3.37197
-3.37213
-3.37152
-3.37198
-3.37243
-3.37258
-3.37213
-3.37182
-3.37183
-3.37213
-3.37243
-3.37258
-3.37258
-3.37198
-3.37152
-3.37092
-3.37107
-3.37106
-3.37106
-3.37046
-3.37031
-3.37092
-3.37032
-3.37047
-3.36971
-3.36896
-3.36941
-3.36911
-3.36896
-3.36866
-3.36911
-3.37062
-3.37047
-3.37032
-3.36957
-3.36987
-3.37032
-3.36911
-3.36941
-3.36775
-3.3688
-3.36896
-3.36986
-3.36941
-3.36956
-3.36836
-3.36806
-3.36806
-3.36851
-3.36927
-3.36911
-3.36881
-3.36971
-3.37001
-3.36956
-3.36941
-3.36941
-3.36986
-3.36987
-3.36926
-3.3679
-3.3676
-3.36851
-3.36896
-3.36911
-3.36987
-3.36987
-3.37047
-3.37092
-3.37108
-3.37062
-3.37107
-3.37108
-3.37123
-3.37138
-3.37229
-3.37168
-3.37168
-3.37183
-3.37152
-3.37167
-3.37182
-3.37122
-3.37001
-3.37031
-3.37062
-3.37077
-3.37107
-3.37077
-3.37077
-3.37092
-3.37183
-3.37183
-3.37153
-3.37077
-3.37092
-3.37046
-3.37031
-3.37137
-3.37183
-3.37168
-3.37092
-3.37107
-3.37137
-3.37092
-3.37182
-3.37303
-3.37257
-3.37378
-3.37394
-3.37319
-3.37319
-3.37304
-3.37349
-3.37349
-3.37394
-3.37394
-3.37319
-3.37334
-3.37349
-3.37259
-3.37183
-3.37229
-3.37259
-3.37168
-3.37123
-3.37168
-3.37213
-3.37274
-3.37243
-3.37289
-3.37229
-3.37229
-3.37229
-3.37138
-3.37002
-3.37063
-3.37063
-3.37047
-3.37062
-3.37062
-3.37002
-3.36956
-3.36941
-3.37123
-3.36942
-3.36957
-3.36942
-3.37017
-3.37032
-3.36896
-3.37032
-3.37017
-3.37002
-3.36987
-3.36987
-3.37092
-3.37047
-3.37093
-3.37063
-3.36972
-3.36972
-3.36987
-3.36941
-3.36851
-3.36926
-3.36896
-3.3682
-3.36866
-3.36956
-3.37032
-3.37017
-3.37138
-3.37093
-3.37033
-3.37017
-3.37032
-3.36987
-3.37017
-3.37077
-3.37047
-3.37047
-3.37048
-3.37002
-3.36957
-3.36896
-3.36866
-3.36926
-3.36971
-3.36866
-3.36941
-3.36911
-3.37047
-3.37048
-3.37002
-3.37017
-3.37108
-3.37017
-3.37047
-3.37002
-3.36941
-3.36851
-3.36836
-3.36941
-3.36987
-3.37047
-3.37047
-3.37017
-3.37077
-3.37032
-3.37153
-3.37137
-3.37062
-3.37092
-3.37093
-3.37063
-3.37108
-3.37139
-3.37018
-3.37018
-3.36987
-3.37032
-3.37107
-3.37137
-3.37258
-3.37273
-3.37289
-3.37319
-3.37274
-3.37214
-3.37304
-3.37395
-3.37334
-3.37319
-3.37289
-3.37228
-3.37183
-3.37168
-3.37153
-3.37198
-3.37213
-3.37364
-3.37425
-3.37349
-3.37334
-3.37349
-3.37394
-3.37334
-3.37304
-3.37258
-3.37183
-3.37153
-3.37093
-3.37183
-3.37259
-3.3735
-3.37259
-3.37304
-3.37335
-3.37319
-3.37364
-3.37274
-3.37198
-3.37137
-3.37152
-3.37198
-3.37258
-3.37274
-3.37259
-3.37153
-3.37184
-3.37108
-3.37078
-3.37063
-3.37063
-3.37017
-3.37107
-3.37138
-3.37183
-3.37168
-3.37168
-3.37228
-3.37304
-3.37244
-3.37153
-3.37093
-3.37018
-3.37093
-3.37018
-3.36851
-3.36912
-3.36987
-3.36941
-3.36941
-3.36866
-3.36866
-3.36927
-3.36972
-3.36836
-3.36942
-3.36791
-3.36836
-3.36911
-3.36836
-3.3679
-3.36745
-3.36835
-3.36805
-3.36851
-3.36851
-3.3673
-3.36881
-3.36836
-3.36821
-3.36806
-3.3676
-3.36745
-3.36806
-3.3676
-3.36594
-3.36806
-3.36836
-3.3676
-3.36714
-3.36654
-3.36639
-3.36579
-3.3664
-3.36655
-3.36655
-3.36625
-3.3664
-3.36639
-3.3673
-3.36775
-3.36881
-3.36911
-3.3679
-3.36851
-3.36881
-3.36866
-3.36851
-3.36746
-3.36791
-3.36881
-3.36941
-3.37032
-3.37078
-3.37123
-3.37184
-3.37093
-3.37184
-3.37274
-3.37183
-3.37153
-3.37183
-3.37213
-3.37138
-3.37183
-3.37108
-3.37108
-3.37123
-3.37153
-3.37093
-3.37123
-3.37154
-3.37169
-3.37199
-3.37214
-3.37214
-3.37244
-3.37275
-3.37108
-3.37184
-3.37214
-3.37183
-3.37168
-3.37047
-3.36957
-3.37017
-3.36942
-3.36957
-3.36988
-3.37048
-3.37003
-3.37064
-3.36837
-3.36837
-3.36912
-3.36942
-3.36867
-3.36866
-3.36836
-3.36851
-3.36866
-3.36851
-3.36851
-3.36927
-3.36972
-3.36957
-3.37018
-3.37033
-3.36852
-3.36988
-3.37003
-3.36973
-3.36957
-3.36942
-3.36957
-3.36776
-3.36882
-3.36882
-3.36882
-3.36942
-3.36912
-3.36867
-3.36897
-3.36897
-3.36927
-3.36867
-3.36851
-3.36927
-3.36882
-3.36897
-3.36867
-3.36837
-3.36897
-3.36927
-3.36973
-3.36988
-3.37109
-3.37229
-3.3726
-3.37335
-3.37275
-3.37214
-3.3726
-3.37214
-3.37214
-3.37275
-3.37259
-3.37244
-3.37426
-3.37426
-3.37336
-3.372
-3.37185
-3.37079
-3.37019
-3.37034
-3.37124
-3.37109
-3.37048
-3.37078
-3.37063
-3.37168
-3.37093
-3.37094
-3.37124
-3.37064
-3.37155
-3.37185
-3.37109
-3.37139
-3.37064
-3.37033
-3.37003
-3.36988
-3.36973
-3.36942
-3.36927
-3.36942
-3.36882
-3.36807
-3.36822
-3.36746
-3.36671
-3.36731
-3.3667
-3.36715
-3.367
-3.36761
-3.36761
-3.36671
-3.36671
-3.36701
-3.36701
-3.36656
-3.36686
-3.36701
-3.36655
-3.36716
-3.36791
-3.36776
-3.3664
-3.36715
-3.36685
-3.36655
-3.36685
-3.36655
-3.36625
-3.36746
-3.36686
-3.36671
-3.36791
-3.36746
-3.367
-3.36731
-3.36731
-3.36791
-3.36807
-3.36837
-3.36761
-3.36806
-3.36897
-3.36957
-3.36942
-3.36867
-3.36897
-3.37003
-3.36928
-3.36882
-3.36882
-3.36897
-3.36958
-3.36897
-3.36942
-3.36882
-3.36867
-3.36912
-3.36942
-3.36867
-3.36897
-3.36942
-3.36912
-3.36837
-3.36867
-3.36868
-3.37064
-3.37139
-3.37109
-3.37109
-3.37124
-3.37078
-3.37033
-3.37048
-3.37063
-3.36957
-3.36957
-3.36927
-3.36928
-3.36837
-3.36897
-3.36897
-3.36897
-3.36972
-3.36957
-3.37017
-3.36972
-3.36942
-3.36972
-3.37002
-3.37017
-3.37078
-3.36957
-3.36912
-3.36927
-3.36972
-3.36987
-3.36851
-3.36942
-3.36912
-3.36866
-3.37002
-3.36821
-3.36806
-3.36836
-3.3685
-3.3682
-3.36971
-3.36941
-3.36986
-3.36956
-3.36851
-3.36882
-3.36882
-3.36912
-3.37048
-3.37048
-3.37124
-3.37169
-3.37214
-3.37244
-3.37198
-3.37213
-3.37243
-3.37394
-3.3741
-3.37365
-3.3738
-3.37365
-3.37411
-3.37395
-3.37304
-3.37243
-3.37349
-3.37304
-3.37365
-3.37441
-3.37425
-3.37456
-3.37425
-3.3738
-3.3744
-3.3732
-3.3735
-3.37289
-3.37244
-3.37168
-3.37153
-3.37229
-3.37259
-3.37274
-3.3729
-3.37199
-3.37244
-3.37244
-3.37154
-3.37214
-3.37108
-3.37183
-3.37138
-3.37153
-3.37093
-3.37063
-3.37033
-3.37033
-3.36972
-3.37048
-3.37108
-3.37138
-3.37123
-3.37138
-3.37123
-3.37259
-3.37199
-3.37199
-3.37259
-3.37275
-3.37214
-3.37229
-3.37229
-3.37304
-3.37349
-3.37395
-3.3744
-3.37455
-3.3741
-3.37395
-3.37364
-3.37319
-3.37319
-3.37304
-3.37198
-3.37017
-3.37078
-3.36987
-3.36987
-3.36836
-3.36957
-3.36972
-3.37062
-3.37017
-3.3688
-3.36941
-3.37032
-3.37032
-3.37047
-3.37108
-3.37062
-3.36987
-3.37002
-3.36971
-3.37017
-3.37002
-3.36956
-3.37002
-3.37047
-3.37182
-3.37107
-3.37122
-3.37167
-3.37197
-3.37303
-3.37168
-3.37198
-3.37183
-3.37183
-3.37032
-3.36986
-3.37001
-3.37092
-3.37137
-3.37137
-3.37168
-3.37153
-3.37122
-3.37152
-3.37213
-3.37242
-3.37197
-3.37106
-3.37107
-3.37062
-3.37062
-3.37123
-3.37153
-3.37198
-3.37108
-3.37017
-3.36956
-3.37001
-3.37047
-3.37077
-3.37077
-3.37107
-3.37123
-3.37032
-3.37032
-3.37016
-3.37077
-3.37092
-3.37183
-3.37168
-3.37137
-3.37092
-3.37092
-3.36926
-3.36896
-3.36806
-3.36836
-3.36836
-3.36805
-3.3682
-3.36775
-3.36639
-3.36533
-3.36548
-3.36593
-3.36533
-3.36684
-3.36745
-3.36609
-3.36579
-3.36564
-3.36549
-3.36654
-3.36594
-3.36488
-3.36489
-3.36443
-3.36398
-3.36413
-3.36397
-3.36427
-3.36488
-3.36488
-3.36504
-3.36654
-3.36669
-3.367
-3.3679
-3.36896
-3.36911
-3.36881
-3.37063
-3.37154
-3.37169
-3.37184
-3.37138
-3.37138
-3.37213
-3.37198
-3.37213
-3.37228
-3.37304
-3.37319
-3.37289
-3.37169
-3.37093
-3.37003
-3.37139
-3.37124
-3.37139
-3.37033
-3.37033
-3.37002
-3.36912
-3.36851
-3.36911
-3.36957
-3.36957
-3.36942
-3.37002
-3.37138
-3.37183
-3.37108
-3.37138
-3.37154
-3.37018
-3.36927
-3.36897
-3.36882
-3.36791
-3.36715
-3.3676
-3.367
-3.36836
-3.36866
-3.36881
-3.36746
-3.36746
-3.36806
-3.36761
-3.3667
-3.36731
-3.367
-3.36746
-3.36852
-3.36897
-3.36942
-3.36927
-3.37018
-3.37048
-3.37048
-3.36958
-3.36973
-3.37033
-3.37063
-3.37003
-3.37093
-3.37154
-3.37093
-3.37003
-3.37003
-3.36988
-3.37033
-3.36928
-3.36837
-3.36821
-3.36821
-3.36806
-3.36776
-3.36791
-3.36746
-3.36686
-3.36656
-3.36656
-3.36625
-3.3652
-3.36429
-3.36429
-3.36489
-3.36504
-3.36564
-3.3658
-3.3661
-3.3664
-3.36625
-3.36579
-3.367
-3.36776
-3.36791
-3.36761
-3.36791
-3.3661
-3.36535
-3.3655
-3.3658
-3.36655
-3.36655
-3.36671
-3.36792
-3.36746
-3.36777
-3.36762
-3.36777
-3.36807
-3.36821
-3.3679
-3.3676
-3.36714
-3.36836
-3.36972
-3.36972
-3.37018
-3.37018
-3.37018
-3.37018
-3.36988
-3.36957
-3.36912
-3.36897
-3.36957
-3.36927
-3.37017
-3.36972
-3.36987
-3.37002
-3.36911
-3.36836
-3.36867
-3.36897
-3.36958
-3.37003
-3.37033
-3.37078
-3.37063
-3.36957
-3.36881
-3.36911
-3.36851
-3.36791
-3.36881
-3.36927
-3.36942
-3.37048
-3.37109
-3.37094
-3.37199
-3.37275
-3.3732
-3.37305
-3.37229
-3.37335
-3.3735
-3.37319
-3.37244
-3.37199
-3.37169
-3.37305
-3.37214
-3.3723
-3.37335
-3.3729
-3.37214
-3.37244
-3.37138
-3.37184
-3.37274
-3.37153
-3.37154
-3.37154
-3.37109
-3.37139
-3.37245
-3.37169
-3.37199
-3.37154
-3.37184
-3.37183
-3.37183
-3.37198
-3.37244
-3.37365
-3.37335
-3.37305
-3.3729
-3.37245
-3.3726
-3.3732
-3.3732
-3.37395
-3.37319
-3.37349
-3.37289
-3.3741
-3.3744
-3.3747
-3.37455
-3.37395
-3.3735
-3.37274
-3.37214
-3.37063
-3.37033
-3.37078
-3.37063
-3.36972
-3.37017
-3.36987
-3.37062
-3.37078
-3.37138
-3.37123
-3.37078
-3.37078
-3.37078
-3.37018
-3.37033
-3.37078
-3.37033
-3.37048
-3.37078
-3.37078
-3.37032
-3.37017
-3.36912
-3.36942
-3.36912
-3.36957
-3.36896
-3.36896
-3.36851
-3.36821
-3.36715
-3.36639
-3.36609
-3.36654
-3.36669
-3.36594
-3.3667
-3.36715
-3.36715
-3.3673
-3.36609
-3.36655
-3.3667
-3.36791
-3.36987
-3.36987
-3.37048
-3.36987
-3.36987
-3.36972
-3.36911
-3.3679
-3.36865
-3.36805
-3.36865
-3.36941
-3.36956
-3.36957
-3.36866
-3.36896
-3.36851
-3.36806
-3.367
-3.36624
-3.36639
-3.36594
-3.36503
-3.36488
-3.36534
-3.36549
-3.3661
-3.36549
-3.36519
-3.36595
-3.36549
-3.36609
-3.36609
-3.36624
-3.36624
-3.36685
-3.367
-3.36655
-3.36745
-3.36806
-3.36746
-3.3673
-3.36776
-3.36715
-3.36654
-3.36654
-3.36715
-3.36745
-3.36881
-3.36896
-3.36881
-3.36881
-3.36836
-3.36821
-3.36791
-3.3676
-3.36776
-3.36791
-3.3679
-3.3676
-3.36745
-3.36745
-3.3673
-3.36745
-3.36776
-3.36715
-3.3673
-3.36716
-3.36746
-3.36746
-3.3673
-3.36851
-3.36791
-3.3673
-3.3679
-3.36866
-3.36851
-3.36957
-3.36957
-3.36957
-3.36896
-3.37017
-3.37002
-3.37108
-3.37108
-3.37048
-3.37093
-3.37123
-3.37199
-3.37229
-3.37213
-3.37289
-3.37319
-3.37289
-3.37229
-3.37274
-3.37184
-3.37093
-3.37124
-3.37139
-3.37154
-3.37169
-3.37138
-3.37138
-3.37168
-3.37274
-3.37274
-3.37229
-3.37138
-3.37259
-3.37184
-3.37184
-3.37244
-3.37153
-3.37123
-3.37047
-3.36941
-3.36986
-3.36971
-3.36971
-3.36911
-3.36942
-3.36957
-3.36972
-3.37033
-3.37078
-3.37109
-3.37139
-3.37214
-3.37108
-3.37078
-3.37108
-3.37138
-3.37229
-3.37153
-3.37138
-3.37244
-3.37244
-3.37214
-3.37078
-3.37108
-3.37168
-3.37153
-3.37183
-3.37198
-3.37168
-3.37198
-3.37243
-3.37273
-3.37228
-3.37244
-3.37183
-3.37184
-3.37229
-3.3726
-3.3729
-3.37335
-3.37289
-3.37334
-3.3741
-3.37365
-3.37395
-3.37501
-3.37561
-3.37516
-3.37531
-3.37531
-3.37486
-3.37395
-3.37395
-3.37425
-3.37485
-3.37515
-3.37516
-3.37546
-3.37531
-3.37486
-3.37441
-3.37501
-3.37486
-3.3744
-3.37334
-3.37258
-3.37334
-3.37289
-3.37244
-3.37229
-3.37139
-3.37139
-3.37108
-3.36957
-3.36836
-3.36685
-3.36685
-3.3673
-3.3661
-3.3658
-3.36565
-3.36534
-3.36534
-3.36534
-3.36564
-3.36533
-3.36685
-3.367
-3.367
-3.36701
-3.36806
-3.36806
-3.36897
-3.36942
-3.36957
-3.36897
-3.36866
-3.36821
-3.36806
-3.36821
-3.36866
-3.36927
-3.36942
-3.36942
-3.36957
-3.37003
-3.36942
-3.36882
-3.36897
-3.36836
-3.36836
-3.36896
-3.36927
-3.36927
-3.36972
-3.37017
-3.37032
-3.37048
-3.37017
-3.37047
-3.37078
-3.37123
-3.37154
-3.37154
-3.37184
-3.37123
-3.37108
-3.37108
-3.37199
-3.37078
-3.37063
-3.37017
-3.37093
-3.37108
-3.37184
-3.37275
-3.3732
-3.37275
