1     1.42492     1.42492           0
2     1.33474     1.37983    0.045087
3     1.42418     1.39461   0.0299357
4     1.43882     1.40566   0.0238793
5     1.37707     1.39994    0.019361
6     1.42811     1.40464   0.0164905
7     1.41856     1.40663   0.0140782
8     1.42426     1.40883   0.0123897
9     1.36591     1.40406   0.0119223
10     1.30468     1.39412   0.0145766
11      1.4026     1.39489   0.0132075
12     1.35001     1.39115   0.0126236
13     1.42436     1.39371   0.0118897
14     1.31695     1.38823   0.0122975
15     1.35598     1.38608   0.0116484
16     1.37725     1.38552     0.01091
17     1.41392      1.3872   0.0103834
18     1.37695     1.38663   0.0098061
19     1.31966      1.3831  0.00992263
20     1.40747     1.38432  0.00949195
