1    -5.45841    -5.45841           0
2    -5.48005    -5.46923    0.010819
3    -5.46476    -5.46774  0.00642134
4    -5.45437     -5.4644  0.00563823
5    -5.47034    -5.46559  0.00452608
6    -5.46007    -5.46467  0.00380814
7    -5.46368    -5.46453  0.00322152
8    -5.45771    -5.46367  0.00291718
9    -5.46948    -5.46432  0.00265225
10    -5.47945    -5.46583  0.00281397
11    -5.46153    -5.46544  0.00257515
12    -5.47056    -5.46587  0.00238924
13    -5.45934    -5.46537  0.00225435
14    -5.47979     -5.4664  0.00232756
15      -5.474     -5.4669  0.00222539
16    -5.47031    -5.46712  0.00209254
17    -5.45956    -5.46667  0.00201528
18    -5.47085     -5.4669  0.00191416
19    -5.47346    -5.46725  0.00184317
20    -5.46024     -5.4669  0.00178336
