1   0.0256496           0
1   0.0512993           0
1   0.0769489           0
1    0.102599           0
1    0.128248           0
1    0.153898           0
1    0.179547           0
1    0.205197           0
1    0.230847           0
1    0.256496           0
1    0.282146           0
1    0.307796           0
1    0.333445           0
1    0.359095           0
1    0.384745           0
1    0.410394           0
1    0.436044           0
1    0.461694           0
1    0.487343           0
1    0.512993           0
1    0.538642           0
1    0.564292           0
1    0.589942           0
1    0.615591           0
1    0.641241           0
1    0.666891           0
1     0.69254           0
1     0.71819           0
1     0.74384           0
1    0.769489           0
1    0.795139           0
1    0.820788           0
1    0.846438           0
1    0.872088           0
1    0.897737   0.0014724
1    0.923387   0.0236618
1    0.949037    0.162707
1    0.974686     0.53924
1     1.00034     1.14143
1     1.02599     1.76895
1     1.05164     2.23467
1     1.07728      2.4361
1     1.10293     2.43762
1     1.12858     2.30718
1     1.15423     2.09944
1     1.17988     1.88315
1     1.20553     1.67693
1     1.23118     1.48227
1     1.25683      1.3305
1     1.28248     1.19034
1     1.30813     1.08368
1     1.33378    0.984442
1     1.35943    0.902984
1     1.38508    0.830859
1     1.41073    0.790274
1     1.43638    0.748316
1     1.46203    0.707526
1     1.48768    0.687231
1     1.51333    0.668636
1     1.53898    0.658728
1     1.56463    0.657902
1     1.59028    0.651264
1     1.61593    0.661775
1     1.64158    0.673404
1     1.66723     0.68345
1     1.69288    0.702406
1     1.71853    0.731652
1     1.74418    0.759933
1     1.76983    0.789955
1     1.79547    0.824626
1     1.82112    0.861277
1     1.84677    0.912668
1     1.87242      0.9497
1     1.89807    0.986961
1     1.92372     1.02731
1     1.94937      1.0665
1     1.97502     1.09965
1     2.00067     1.13452
1     2.02632     1.15908
1     2.05197     1.17692
1     2.07762     1.18654
1     2.10327     1.18585
1     2.12892     1.18417
1     2.15457     1.17184
1     2.18022     1.14509
1     2.20587     1.12011
1     2.23152     1.09676
1     2.25717      1.0689
1     2.28282     1.03969
1     2.30847      1.0112
1     2.33412    0.987077
1     2.35977    0.968412
1     2.38542     0.94597
1     2.41107    0.926088
1     2.43672    0.910912
1     2.46237    0.898632
1     2.48802     0.89046
1     2.51366    0.875487
1     2.53931    0.864885
1     2.56496    0.870292
2   0.0256496           0
2   0.0512993           0
2   0.0769489           0
2    0.102599           0
2    0.128248           0
2    0.153898           0
2    0.179547           0
2    0.205197           0
2    0.230847           0
2    0.256496           0
2    0.282146           0
2    0.307796           0
2    0.333445           0
2    0.359095           0
2    0.384745           0
2    0.410394           0
2    0.436044           0
2    0.461694           0
2    0.487343           0
2    0.512993           0
2    0.538642           0
2    0.564292           0
2    0.589942           0
2    0.615591           0
2    0.641241           0
2    0.666891           0
2     0.69254           0
2     0.71819           0
2     0.74384           0
2    0.769489           0
2    0.795139           0
2    0.820788           0
2    0.846438           0
2    0.872088           0
2    0.897737  0.00130784
2    0.923387    0.022654
2    0.949037    0.157941
2    0.974686    0.531854
2     1.00034     1.12999
2     1.02599     1.76128
2     1.05164     2.23281
2     1.07728     2.44077
2     1.10293     2.44036
2     1.12858     2.30506
2     1.15423     2.10846
2     1.17988     1.89334
2     1.20553     1.67864
2     1.23118     1.49557
2     1.25683     1.33864
2     1.28248     1.19376
2     1.30813     1.08655
2     1.33378      0.9878
2     1.35943    0.904502
2     1.38508    0.839168
2     1.41073    0.790313
2     1.43638    0.747851
2     1.46203    0.710147
2     1.48768    0.685257
2     1.51333    0.665855
2     1.53898    0.656292
2     1.56463    0.651302
2     1.59028    0.646634
2     1.61593    0.653167
2     1.64158     0.66156
2     1.66723       0.676
2     1.69288    0.697121
2     1.71853    0.723737
2     1.74418    0.753756
2     1.76983    0.787605
2     1.79547    0.826058
2     1.82112    0.868071
2     1.84677    0.912749
2     1.87242    0.952628
2     1.89807    0.991416
2     1.92372     1.02868
2     1.94937     1.07041
2     1.97502     1.10453
2     2.00067     1.13804
2     2.02632     1.16264
2     2.05197     1.17793
2     2.07762     1.18894
2     2.10327     1.18708
2     2.12892     1.18374
2     2.15457     1.17062
2     2.18022     1.14498
2     2.20587     1.12099
2     2.23152     1.09747
2     2.25717     1.06917
2     2.28282     1.04072
2     2.30847     1.01532
2     2.33412    0.991497
2     2.35977    0.967629
2     2.38542    0.945732
2     2.41107     0.92741
2     2.43672    0.910214
2     2.46237    0.897469
2     2.48802    0.889112
2     2.51366     0.87525
2     2.53931    0.865269
2     2.56496    0.866243
3   0.0256496           0
3   0.0512993           0
3   0.0769489           0
3    0.102599           0
3    0.128248           0
3    0.153898           0
3    0.179547           0
3    0.205197           0
3    0.230847           0
3    0.256496           0
3    0.282146           0
3    0.307796           0
3    0.333445           0
3    0.359095           0
3    0.384745           0
3    0.410394           0
3    0.436044           0
3    0.461694           0
3    0.487343           0
3    0.512993           0
3    0.538642           0
3    0.564292           0
3    0.589942           0
3    0.615591           0
3    0.641241           0
3    0.666891           0
3     0.69254           0
3     0.71819           0
3     0.74384           0
3    0.769489           0
3    0.795139           0
3    0.820788           0
3    0.846438           0
3    0.872088           0
3    0.897737  0.00117792
3    0.923387   0.0231811
3    0.949037    0.157352
3    0.974686    0.532907
3     1.00034     1.13302
3     1.02599     1.77349
3     1.05164     2.23359
3     1.07728     2.43777
3     1.10293     2.44198
3     1.12858     2.30689
3     1.15423      2.1071
3     1.17988     1.89323
3     1.20553     1.68138
3     1.23118     1.49132
3     1.25683     1.33886
3     1.28248     1.19487
3     1.30813     1.08196
3     1.33378    0.987317
3     1.35943     0.90125
3     1.38508    0.836587
3     1.41073    0.785582
3     1.43638    0.745667
3     1.46203    0.710028
3     1.48768    0.685677
3     1.51333    0.666661
3     1.53898    0.655195
3     1.56463    0.651819
3     1.59028    0.647412
3     1.61593    0.652362
3     1.64158    0.661107
3     1.66723    0.679291
3     1.69288    0.697984
3     1.71853    0.724762
3     1.74418    0.755271
3     1.76983    0.789872
3     1.79547     0.83038
3     1.82112    0.869675
3     1.84677     0.91311
3     1.87242    0.951839
3     1.89807    0.992959
3     1.92372     1.03318
3     1.94937     1.06801
3     1.97502     1.10317
3     2.00067     1.13742
3     2.02632     1.16143
3     2.05197      1.1774
3     2.07762     1.18631
3     2.10327     1.18744
3     2.12892     1.18181
3     2.15457     1.17085
3     2.18022     1.14721
3     2.20587     1.12305
3     2.23152     1.09609
3     2.25717     1.06993
3     2.28282     1.04116
3     2.30847     1.01587
3     2.33412    0.991639
3     2.35977     0.96641
3     2.38542    0.943699
3     2.41107    0.924319
3     2.43672    0.908781
3     2.46237    0.897619
3     2.48802    0.888768
3     2.51366    0.875367
3     2.53931    0.865595
3     2.56496    0.865761
4   0.0256496           0
4   0.0512993           0
4   0.0769489           0
4    0.102599           0
4    0.128248           0
4    0.153898           0
4    0.179547           0
4    0.205197           0
4    0.230847           0
4    0.256496           0
4    0.282146           0
4    0.307796           0
4    0.333445           0
4    0.359095           0
4    0.384745           0
4    0.410394           0
4    0.436044           0
4    0.461694           0
4    0.487343           0
4    0.512993           0
4    0.538642           0
4    0.564292           0
4    0.589942           0
4    0.615591           0
4    0.641241           0
4    0.666891           0
4     0.69254           0
4     0.71819           0
4     0.74384           0
4    0.769489           0
4    0.795139           0
4    0.820788           0
4    0.846438           0
4    0.872088           0
4    0.897737  0.00118658
4    0.923387   0.0233013
4    0.949037    0.158826
4    0.974686    0.536368
4     1.00034     1.13812
4     1.02599     1.77304
4     1.05164      2.2314
4     1.07728     2.43627
4     1.10293     2.43522
4     1.12858     2.30361
4     1.15423     2.10482
4     1.17988     1.89298
4     1.20553     1.68055
4     1.23118     1.49345
4     1.25683     1.33551
4     1.28248     1.19342
4     1.30813     1.08272
4     1.33378    0.986767
4     1.35943    0.901907
4     1.38508    0.837683
4     1.41073    0.786728
4     1.43638     0.74615
4     1.46203    0.709064
4     1.48768    0.686872
4     1.51333    0.667579
4     1.53898      0.6572
4     1.56463    0.652954
4     1.59028    0.650121
4     1.61593    0.654697
4     1.64158    0.663331
4     1.66723    0.679773
4     1.69288    0.697251
4     1.71853    0.723501
4     1.74418    0.755989
4     1.76983    0.790546
4     1.79547    0.829737
4     1.82112    0.869493
4     1.84677    0.912684
4     1.87242    0.951239
4     1.89807    0.992621
4     1.92372     1.03146
4     1.94937     1.06706
4     1.97502     1.10236
4     2.00067     1.13476
4     2.02632     1.15949
4     2.05197     1.17704
4     2.07762     1.18492
4     2.10327     1.18601
4     2.12892     1.18079
4     2.15457     1.16882
4     2.18022     1.14687
4     2.20587     1.12253
4     2.23152     1.09796
4     2.25717      1.0701
4     2.28282     1.04232
4     2.30847     1.01688
4     2.33412     0.99167
4     2.35977    0.967832
4     2.38542    0.946002
4     2.41107    0.926392
4     2.43672    0.910314
4     2.46237    0.898399
4     2.48802    0.888928
4     2.51366    0.876276
4     2.53931    0.866422
4     2.56496    0.867512
5   0.0256496           0
5   0.0512993           0
5   0.0769489           0
5    0.102599           0
5    0.128248           0
5    0.153898           0
5    0.179547           0
5    0.205197           0
5    0.230847           0
5    0.256496           0
5    0.282146           0
5    0.307796           0
5    0.333445           0
5    0.359095           0
5    0.384745           0
5    0.410394           0
5    0.436044           0
5    0.461694           0
5    0.487343           0
5    0.512993           0
5    0.538642           0
5    0.564292           0
5    0.589942           0
5    0.615591           0
5    0.641241           0
5    0.666891           0
5     0.69254           0
5     0.71819           0
5     0.74384           0
5    0.769489           0
5    0.795139           0
5    0.820788           0
5    0.846438           0
5    0.872088           0
5    0.897737  0.00117099
5    0.923387   0.0229178
5    0.949037    0.158342
5    0.974686    0.535714
5     1.00034     1.13774
5     1.02599     1.77279
5     1.05164      2.2281
5     1.07728     2.43658
5     1.10293     2.43333
5     1.12858     2.30627
5     1.15423     2.10558
5     1.17988     1.89271
5     1.20553     1.68294
5     1.23118     1.49485
5     1.25683     1.33779
5     1.28248      1.1962
5     1.30813     1.08208
5     1.33378    0.986287
5     1.35943    0.902052
5     1.38508    0.837333
5     1.41073    0.785417
5     1.43638    0.745757
5     1.46203    0.710224
5     1.48768    0.685684
5     1.51333    0.666041
5     1.53898    0.656602
5     1.56463    0.652323
5     1.59028    0.648363
5     1.61593    0.654559
5     1.64158    0.662781
5     1.66723    0.679023
5     1.69288    0.697168
5     1.71853    0.724631
5     1.74418    0.757065
5     1.76983    0.790811
5     1.79547    0.829655
5     1.82112    0.868417
5     1.84677    0.911894
5     1.87242    0.950976
5     1.89807    0.992286
5     1.92372     1.03116
5     1.94937     1.06776
5     1.97502     1.10285
5     2.00067     1.13456
5     2.02632      1.1594
5     2.05197     1.17683
5     2.07762     1.18655
5     2.10327     1.18712
5     2.12892     1.18184
5     2.15457     1.16857
5     2.18022     1.14811
5     2.20587     1.12484
5     2.23152     1.09861
5     2.25717     1.07014
5     2.28282     1.04348
5     2.30847     1.01769
5     2.33412    0.991092
5     2.35977    0.966611
5     2.38542    0.944593
5     2.41107     0.92558
5     2.43672     0.90943
5     2.46237     0.89746
5     2.48802     0.88803
5     2.51366    0.875165
5     2.53931    0.865344
5     2.56496    0.866262
6   0.0256496           0
6   0.0512993           0
6   0.0769489           0
6    0.102599           0
6    0.128248           0
6    0.153898           0
6    0.179547           0
6    0.205197           0
6    0.230847           0
6    0.256496           0
6    0.282146           0
6    0.307796           0
6    0.333445           0
6    0.359095           0
6    0.384745           0
6    0.410394           0
6    0.436044           0
6    0.461694           0
6    0.487343           0
6    0.512993           0
6    0.538642           0
6    0.564292           0
6    0.589942           0
6    0.615591           0
6    0.641241           0
6    0.666891           0
6     0.69254           0
6     0.71819           0
6     0.74384           0
6    0.769489           0
6    0.795139           0
6    0.820788           0
6    0.846438           0
6    0.872088 9.17052e-06
6    0.897737  0.00117792
6    0.923387   0.0228151
6    0.949037    0.158304
6    0.974686      0.5372
6     1.00034     1.13896
6     1.02599     1.77296
6     1.05164     2.22968
6     1.07728     2.43613
6     1.10293     2.43398
6     1.12858     2.30623
6     1.15423     2.10573
6     1.17988      1.8923
6     1.20553      1.6816
6     1.23118     1.49423
6     1.25683     1.33711
6     1.28248     1.19521
6     1.30813     1.08101
6     1.33378    0.985675
6     1.35943    0.902029
6     1.38508    0.837136
6     1.41073    0.785988
6     1.43638    0.745175
6     1.46203    0.709923
6     1.48768    0.685387
6     1.51333    0.666135
6     1.53898    0.655575
6     1.56463    0.651431
6     1.59028    0.648697
6     1.61593    0.653649
6     1.64158    0.663987
6     1.66723    0.680297
6     1.69288    0.697727
6     1.71853    0.724986
6     1.74418    0.757851
6     1.76983    0.790853
6     1.79547    0.829338
6     1.82112    0.869156
6     1.84677    0.912137
6     1.87242    0.951596
6     1.89807    0.992787
6     1.92372     1.03106
6     1.94937     1.06851
6     1.97502     1.10337
6     2.00067     1.13488
6     2.02632     1.15951
6     2.05197     1.17614
6     2.07762     1.18644
6     2.10327     1.18764
6     2.12892     1.18104
6     2.15457     1.16844
6     2.18022     1.14743
6     2.20587      1.1244
6     2.23152     1.09831
6     2.25717     1.06949
6     2.28282     1.04276
6     2.30847     1.01661
6     2.33412    0.990735
6     2.35977    0.965729
6     2.38542    0.944274
6     2.41107    0.926076
6     2.43672    0.909757
6     2.46237    0.897476
6     2.48802    0.888742
6     2.51366    0.875113
6     2.53931    0.865383
6     2.56496    0.866955
7   0.0256496           0
7   0.0512993           0
7   0.0769489           0
7    0.102599           0
7    0.128248           0
7    0.153898           0
7    0.179547           0
7    0.205197           0
7    0.230847           0
7    0.256496           0
7    0.282146           0
7    0.307796           0
7    0.333445           0
7    0.359095           0
7    0.384745           0
7    0.410394           0
7    0.436044           0
7    0.461694           0
7    0.487343           0
7    0.512993           0
7    0.538642           0
7    0.564292           0
7    0.589942           0
7    0.615591           0
7    0.641241           0
7    0.666891           0
7     0.69254           0
7     0.71819           0
7     0.74384           0
7    0.769489           0
7    0.795139           0
7    0.820788           0
7    0.846438           0
7    0.872088 1.31007e-05
7    0.897737  0.00122741
7    0.923387   0.0229033
7    0.949037    0.158157
7    0.974686    0.537136
7     1.00034     1.13935
7     1.02599     1.77374
7     1.05164      2.2305
7     1.07728     2.43645
7     1.10293     2.43385
7     1.12858     2.30728
7     1.15423     2.10571
7     1.17988     1.89223
7     1.20553     1.68194
7     1.23118     1.49351
7     1.25683     1.33678
7     1.28248     1.19542
7     1.30813     1.08086
7     1.33378    0.985391
7     1.35943    0.902849
7     1.38508    0.836521
7     1.41073    0.784878
7     1.43638    0.743822
7     1.46203    0.709172
7     1.48768    0.684773
7     1.51333    0.665383
7     1.53898    0.655186
7     1.56463    0.651324
7     1.59028    0.649643
7     1.61593    0.653701
7     1.64158    0.664344
7     1.66723    0.680735
7     1.69288    0.698504
7     1.71853    0.725643
7     1.74418    0.758681
7     1.76983    0.791249
7     1.79547    0.829697
7     1.82112     0.86928
7     1.84677    0.911849
7     1.87242      0.9514
7     1.89807    0.993064
7     1.92372     1.03057
7     1.94937     1.06943
7     1.97502     1.10367
7     2.00067     1.13441
7     2.02632     1.15965
7     2.05197      1.1758
7     2.07762      1.1861
7     2.10327     1.18729
7     2.12892     1.18123
7     2.15457     1.16834
7     2.18022     1.14767
7     2.20587      1.1248
7     2.23152     1.09842
7     2.25717     1.06946
7     2.28282     1.04358
7     2.30847     1.01651
7     2.33412    0.990375
7     2.35977    0.964843
7     2.38542     0.94352
7     2.41107    0.925457
7     2.43672     0.90919
7     2.46237    0.897141
7     2.48802    0.888371
7     2.51366    0.874878
7     2.53931    0.865347
7     2.56496    0.866678
8   0.0256496           0
8   0.0512993           0
8   0.0769489           0
8    0.102599           0
8    0.128248           0
8    0.153898           0
8    0.179547           0
8    0.205197           0
8    0.230847           0
8    0.256496           0
8    0.282146           0
8    0.307796           0
8    0.333445           0
8    0.359095           0
8    0.384745           0
8    0.410394           0
8    0.436044           0
8    0.461694           0
8    0.487343           0
8    0.512993           0
8    0.538642           0
8    0.564292           0
8    0.589942           0
8    0.615591           0
8    0.641241           0
8    0.666891           0
8     0.69254           0
8     0.71819           0
8     0.74384           0
8    0.769489           0
8    0.795139           0
8    0.820788           0
8    0.846438           0
8    0.872088 2.06337e-05
8    0.897737  0.00123855
8    0.923387   0.0230432
8    0.949037     0.15806
8    0.974686    0.537819
8     1.00034     1.13978
8     1.02599     1.77466
8     1.05164     2.22916
8     1.07728     2.43694
8     1.10293      2.4334
8     1.12858      2.3071
8     1.15423     2.10425
8     1.17988     1.89109
8     1.20553     1.68097
8     1.23118     1.49278
8     1.25683     1.33574
8     1.28248     1.19475
8     1.30813     1.08025
8     1.33378    0.985404
8     1.35943     0.90357
8     1.38508    0.837491
8     1.41073    0.785902
8     1.43638     0.74511
8     1.46203    0.709635
8     1.48768    0.685465
8     1.51333    0.665706
8     1.53898    0.655042
8     1.56463    0.651059
8     1.59028    0.649801
8     1.61593     0.65396
8     1.64158    0.664241
8     1.66723    0.680533
8     1.69288    0.698672
8     1.71853    0.726265
8     1.74418    0.758978
8     1.76983    0.792193
8     1.79547    0.830113
8     1.82112    0.869713
8     1.84677    0.912262
8     1.87242    0.952099
8     1.89807    0.993138
8     1.92372     1.03131
8     1.94937     1.06984
8     1.97502     1.10347
8     2.00067     1.13395
8     2.02632     1.15952
8     2.05197     1.17533
8     2.07762     1.18569
8     2.10327      1.1861
8     2.12892     1.18037
8     2.15457      1.1671
8     2.18022     1.14712
8     2.20587     1.12343
8     2.23152     1.09819
8     2.25717      1.0683
8     2.28282     1.04247
8     2.30847     1.01553
8     2.33412    0.989879
8     2.35977    0.964423
8     2.38542    0.944135
8     2.41107    0.925776
8     2.43672     0.91069
8     2.46237    0.898193
8     2.48802    0.889235
8     2.51366    0.875784
8     2.53931     0.86648
8     2.56496    0.867312
9   0.0256496           0
9   0.0512993           0
9   0.0769489           0
9    0.102599           0
9    0.128248           0
9    0.153898           0
9    0.179547           0
9    0.205197           0
9    0.230847           0
9    0.256496           0
9    0.282146           0
9    0.307796           0
9    0.333445           0
9    0.359095           0
9    0.384745           0
9    0.410394           0
9    0.436044           0
9    0.461694           0
9    0.487343           0
9    0.512993           0
9    0.538642           0
9    0.564292           0
9    0.589942           0
9    0.615591           0
9    0.641241           0
9    0.666891           0
9     0.69254           0
9     0.71819           0
9     0.74384           0
9    0.769489           0
9    0.795139           0
9    0.820788           0
9    0.846438           0
9    0.872088  1.8341e-05
9    0.897737  0.00124336
9    0.923387   0.0230518
9    0.949037    0.158004
9    0.974686    0.537302
9     1.00034     1.13868
9     1.02599     1.77337
9     1.05164      2.2277
9     1.07728     2.43524
9     1.10293     2.43218
9     1.12858     2.30742
9     1.15423     2.10535
9     1.17988     1.89188
9     1.20553     1.68145
9     1.23118     1.49328
9     1.25683       1.337
9     1.28248     1.19543
9     1.30813     1.08116
9     1.33378    0.986308
9     1.35943    0.904497
9     1.38508    0.837496
9     1.41073    0.785624
9     1.43638      0.7448
9     1.46203     0.70974
9     1.48768    0.685787
9     1.51333    0.665432
9     1.53898    0.655051
9     1.56463    0.650567
9     1.59028    0.649906
9     1.61593    0.653805
9     1.64158    0.664848
9     1.66723    0.680701
9     1.69288    0.699279
9     1.71853    0.726635
9     1.74418     0.75901
9     1.76983    0.792345
9     1.79547     0.83001
9     1.82112    0.869922
9     1.84677    0.911509
9     1.87242    0.951824
9     1.89807    0.992592
9     1.92372     1.03047
9     1.94937     1.06965
9     1.97502     1.10291
9     2.00067      1.1325
9     2.02632     1.15865
9     2.05197     1.17482
9     2.07762     1.18576
9     2.10327     1.18641
9     2.12892     1.18103
9     2.15457     1.16826
9     2.18022     1.14781
9     2.20587     1.12425
9     2.23152     1.09845
9     2.25717     1.06874
9     2.28282     1.04272
9     2.30847     1.01552
9     2.33412    0.989944
9     2.35977    0.964644
9     2.38542    0.944045
9     2.41107    0.925421
9     2.43672    0.910254
9     2.46237    0.898208
9     2.48802    0.888963
9     2.51366    0.875296
9     2.53931    0.866376
9     2.56496    0.867317
10   0.0256496           0
10   0.0512993           0
10   0.0769489           0
10    0.102599           0
10    0.128248           0
10    0.153898           0
10    0.179547           0
10    0.205197           0
10    0.230847           0
10    0.256496           0
10    0.282146           0
10    0.307796           0
10    0.333445           0
10    0.359095           0
10    0.384745           0
10    0.410394           0
10    0.436044           0
10    0.461694           0
10    0.487343           0
10    0.512993           0
10    0.538642           0
10    0.564292           0
10    0.589942           0
10    0.615591           0
10    0.641241           0
10    0.666891           0
10     0.69254           0
10     0.71819           0
10     0.74384           0
10    0.769489           0
10    0.795139           0
10    0.820788           0
10    0.846438           0
10    0.872088 1.65069e-05
10    0.897737  0.00123855
10    0.923387   0.0228015
10    0.949037    0.157352
10    0.974686    0.535839
10     1.00034     1.13665
10     1.02599      1.7711
10     1.05164     2.22649
10     1.07728     2.43487
10     1.10293     2.43247
10     1.12858     2.30633
10     1.15423      2.1061
10     1.17988     1.89267
10     1.20553     1.68267
10     1.23118     1.49412
10     1.25683     1.33849
10     1.28248     1.19656
10     1.30813     1.08185
10     1.33378    0.986163
10     1.35943    0.904717
10     1.38508    0.837838
10     1.41073    0.785778
10     1.43638    0.745039
10     1.46203    0.709504
10     1.48768    0.685566
10     1.51333    0.665446
10     1.53898    0.655085
10     1.56463    0.650974
10     1.59028    0.649966
10     1.61593    0.654093
10     1.64158     0.66474
10     1.66723    0.680876
10     1.69288    0.699712
10     1.71853    0.727213
10     1.74418    0.758378
10     1.76983    0.792624
10     1.79547    0.830246
10     1.82112    0.869764
10     1.84677    0.910706
10     1.87242    0.951499
10     1.89807    0.992239
10     1.92372     1.03004
10     1.94937     1.06878
10     1.97502     1.10212
10     2.00067     1.13248
10     2.02632     1.15782
10     2.05197     1.17403
10     2.07762     1.18525
10     2.10327     1.18615
10     2.12892     1.18092
10     2.15457     1.16805
10     2.18022     1.14781
10     2.20587     1.12422
10     2.23152     1.09882
10     2.25717     1.06928
10     2.28282     1.04291
10     2.30847     1.01591
10     2.33412    0.990754
10     2.35977    0.965818
10     2.38542    0.944503
10     2.41107    0.925843
10     2.43672    0.910717
10     2.46237    0.898997
10     2.48802     0.88929
10     2.51366    0.875512
10     2.53931    0.866479
10     2.56496    0.867072
11   0.0256496           0
11   0.0512993           0
11   0.0769489           0
11    0.102599           0
11    0.128248           0
11    0.153898           0
11    0.179547           0
11    0.205197           0
11    0.230847           0
11    0.256496           0
11    0.282146           0
11    0.307796           0
11    0.333445           0
11    0.359095           0
11    0.384745           0
11    0.410394           0
11    0.436044           0
11    0.461694           0
11    0.487343           0
11    0.512993           0
11    0.538642           0
11    0.564292           0
11    0.589942           0
11    0.615591           0
11    0.641241           0
11    0.666891           0
11     0.69254           0
11     0.71819           0
11     0.74384           0
11    0.769489           0
11    0.795139           0
11    0.820788           0
11    0.846438           0
11    0.872088 1.66737e-05
11    0.897737  0.00126768
11    0.923387   0.0228812
11    0.949037    0.157188
11    0.974686    0.535703
11     1.00034     1.13779
11     1.02599     1.77072
11     1.05164     2.22677
11     1.07728      2.4352
11     1.10293      2.4326
11     1.12858     2.30443
11     1.15423     2.10459
11     1.17988     1.89247
11     1.20553     1.68249
11     1.23118     1.49472
11     1.25683     1.33773
11     1.28248     1.19692
11     1.30813     1.08198
11     1.33378    0.985893
11     1.35943    0.905209
11     1.38508    0.838426
11     1.41073     0.78608
11     1.43638    0.745153
11     1.46203    0.709783
11     1.48768     0.68502
11     1.51333    0.665176
11     1.53898     0.65477
11     1.56463    0.650921
11     1.59028    0.649812
11     1.61593    0.654682
11     1.64158    0.664969
11     1.66723    0.681293
11     1.69288    0.700393
11     1.71853    0.727654
11     1.74418    0.758546
11     1.76983    0.793279
11     1.79547    0.830314
11     1.82112    0.870171
11     1.84677    0.910557
11     1.87242    0.950919
11     1.89807    0.991935
11     1.92372     1.02994
11     1.94937     1.06796
11     1.97502     1.10194
11     2.00067     1.13198
11     2.02632     1.15734
11     2.05197     1.17424
11     2.07762       1.185
11     2.10327     1.18638
11     2.12892     1.18125
11     2.15457      1.1681
11     2.18022     1.14771
11     2.20587     1.12407
11     2.23152     1.09894
11     2.25717     1.06961
11     2.28282     1.04255
11     2.30847     1.01611
11     2.33412    0.990652
11     2.35977    0.965761
11     2.38542    0.944468
11     2.41107    0.925929
11     2.43672     0.91089
11     2.46237    0.898622
11     2.48802    0.889212
11     2.51366    0.875455
11     2.53931    0.866788
11     2.56496    0.867229
12   0.0256496           0
12   0.0512993           0
12   0.0769489           0
12    0.102599           0
12    0.128248           0
12    0.153898           0
12    0.179547           0
12    0.205197           0
12    0.230847           0
12    0.256496           0
12    0.282146           0
12    0.307796           0
12    0.333445           0
12    0.359095           0
12    0.384745           0
12    0.410394           0
12    0.436044           0
12    0.461694           0
12    0.487343           0
12    0.512993           0
12    0.538642           0
12    0.564292           0
12    0.589942           0
12    0.615591           0
12    0.641241           0
12    0.666891           0
12     0.69254           0
12     0.71819           0
12     0.74384           0
12    0.769489           0
12    0.795139           0
12    0.820788           0
12    0.846438           0
12    0.872088 1.52842e-05
12    0.897737  0.00126598
12    0.923387   0.0229353
12    0.949037    0.156754
12    0.974686    0.534761
12     1.00034     1.13733
12     1.02599     1.77012
12     1.05164     2.22583
12     1.07728      2.4356
12     1.10293     2.43125
12     1.12858      2.3054
12     1.15423     2.10408
12     1.17988     1.89338
12     1.20553     1.68216
12     1.23118     1.49508
12     1.25683     1.33832
12     1.28248     1.19706
12     1.30813     1.08213
12     1.33378    0.985795
12     1.35943    0.905186
12     1.38508    0.838898
12     1.41073    0.785285
12     1.43638    0.745097
12     1.46203     0.71037
12     1.48768    0.685522
12     1.51333    0.665486
12     1.53898    0.655051
12     1.56463    0.650945
12     1.59028    0.650309
12     1.61593    0.655448
12     1.64158    0.665086
12     1.66723    0.681267
12     1.69288    0.700723
12     1.71853    0.727565
12     1.74418    0.758355
12     1.76983    0.792784
12     1.79547    0.830046
12     1.82112    0.869367
12     1.84677     0.90969
12     1.87242    0.950396
12     1.89807    0.991242
12     1.92372     1.02993
12     1.94937      1.0675
12     1.97502     1.10148
12     2.00067     1.13177
12     2.02632     1.15742
12     2.05197     1.17438
12     2.07762     1.18513
12     2.10327      1.1863
12     2.12892     1.18148
12     2.15457     1.16844
12     2.18022     1.14835
12     2.20587     1.12437
12     2.23152     1.09971
12     2.25717     1.06991
12     2.28282     1.04309
12     2.30847     1.01612
12     2.33412    0.990614
12     2.35977     0.96597
12     2.38542    0.944506
12     2.41107     0.92599
12     2.43672    0.910593
12     2.46237    0.898622
12     2.48802     0.88896
12     2.51366    0.875605
12     2.53931    0.866903
12     2.56496     0.86771
13   0.0256496           0
13   0.0512993           0
13   0.0769489           0
13    0.102599           0
13    0.128248           0
13    0.153898           0
13    0.179547           0
13    0.205197           0
13    0.230847           0
13    0.256496           0
13    0.282146           0
13    0.307796           0
13    0.333445           0
13    0.359095           0
13    0.384745           0
13    0.410394           0
13    0.436044           0
13    0.461694           0
13    0.487343           0
13    0.512993           0
13    0.538642           0
13    0.564292           0
13    0.589942           0
13    0.615591           0
13    0.641241           0
13    0.666891           0
13     0.69254           0
13     0.71819           0
13     0.74384           0
13    0.769489           0
13    0.795139           0
13    0.820788           0
13    0.846438           0
13    0.872088 1.41085e-05
13    0.897737  0.00123389
13    0.923387    0.022845
13    0.949037    0.156746
13    0.974686    0.535169
13     1.00034     1.13827
13     1.02599     1.77131
13     1.05164      2.2256
13     1.07728     2.43608
13     1.10293     2.43219
13     1.12858     2.30466
13     1.15423     2.10303
13     1.17988     1.89334
13     1.20553     1.68097
13     1.23118     1.49496
13     1.25683     1.33757
13     1.28248     1.19668
13     1.30813     1.08246
13     1.33378    0.985252
13     1.35943     0.90532
13     1.38508     0.83858
13     1.41073    0.785102
13     1.43638    0.744704
13     1.46203    0.709862
13     1.48768     0.68537
13     1.51333     0.66567
13     1.53898    0.655115
13     1.56463    0.651204
13     1.59028    0.650359
13     1.61593    0.655929
13     1.64158    0.665606
13     1.66723    0.681529
13     1.69288    0.701397
13     1.71853    0.727828
13     1.74418    0.758688
13     1.76983    0.793026
13     1.79547    0.830518
13     1.82112    0.869377
13     1.84677    0.909673
13     1.87242    0.950815
13     1.89807    0.991242
13     1.92372     1.03022
13     1.94937     1.06775
13     1.97502     1.10184
13     2.00067     1.13128
13     2.02632     1.15726
13     2.05197     1.17458
13     2.07762     1.18449
13     2.10327     1.18592
13     2.12892     1.18127
13     2.15457     1.16787
13     2.18022     1.14762
13     2.20587     1.12416
13     2.23152     1.09912
13     2.25717     1.06956
13     2.28282     1.04298
13     2.30847     1.01574
13     2.33412    0.990376
13     2.35977    0.965627
13     2.38542    0.944601
13     2.41107     0.92602
13     2.43672    0.910748
13     2.46237    0.898839
13     2.48802     0.88938
13     2.51366    0.875972
13     2.53931    0.867523
13     2.56496    0.868031
14   0.0256496           0
14   0.0512993           0
14   0.0769489           0
14    0.102599           0
14    0.128248           0
14    0.153898           0
14    0.179547           0
14    0.205197           0
14    0.230847           0
14    0.256496           0
14    0.282146           0
14    0.307796           0
14    0.333445           0
14    0.359095           0
14    0.384745           0
14    0.410394           0
14    0.436044           0
14    0.461694           0
14    0.487343           0
14    0.512993           0
14    0.538642           0
14    0.564292           0
14    0.589942           0
14    0.615591           0
14    0.641241           0
14    0.666891           0
14     0.69254           0
14     0.71819           0
14     0.74384           0
14    0.769489           0
14    0.795139           0
14    0.820788           0
14    0.846438           0
14    0.872088  1.7031e-05
14    0.897737   0.0012039
14    0.923387   0.0226786
14    0.949037    0.156322
14    0.974686    0.534015
14     1.00034      1.1377
14     1.02599     1.77026
14     1.05164     2.22571
14     1.07728     2.43552
14     1.10293     2.43247
14     1.12858     2.30374
14     1.15423     2.10345
14     1.17988     1.89355
14     1.20553     1.68216
14     1.23118     1.49584
14     1.25683     1.33821
14     1.28248     1.19745
14     1.30813     1.08321
14     1.33378    0.985679
14     1.35943    0.905413
14     1.38508    0.838725
14     1.41073    0.784907
14     1.43638     0.74472
14     1.46203    0.709715
14     1.48768    0.685239
14     1.51333    0.665278
14     1.53898    0.655173
14     1.56463    0.650871
14     1.59028    0.650175
14     1.61593    0.655782
14     1.64158    0.665861
14     1.66723    0.681732
14     1.69288    0.701814
14     1.71853    0.727722
14     1.74418    0.758613
14     1.76983    0.793013
14     1.79547    0.830028
14     1.82112    0.868802
14     1.84677    0.909278
14     1.87242    0.950642
14     1.89807    0.990637
14     1.92372     1.02993
14     1.94937     1.06762
14     1.97502      1.1014
14     2.00067     1.13161
14     2.02632     1.15685
14     2.05197     1.17462
14     2.07762     1.18488
14     2.10327     1.18618
14     2.12892      1.1811
14     2.15457     1.16801
14     2.18022     1.14775
14     2.20587     1.12462
14     2.23152     1.09923
14     2.25717     1.07001
14     2.28282     1.04325
14     2.30847     1.01624
14     2.33412    0.990601
14     2.35977    0.966012
14     2.38542    0.944672
14     2.41107    0.926228
14     2.43672    0.911078
14     2.46237    0.898739
14     2.48802    0.889568
14     2.51366    0.875938
14     2.53931    0.867454
14     2.56496     0.86819
15   0.0256496           0
15   0.0512993           0
15   0.0769489           0
15    0.102599           0
15    0.128248           0
15    0.153898           0
15    0.179547           0
15    0.205197           0
15    0.230847           0
15    0.256496           0
15    0.282146           0
15    0.307796           0
15    0.333445           0
15    0.359095           0
15    0.384745           0
15    0.410394           0
15    0.436044           0
15    0.461694           0
15    0.487343           0
15    0.512993           0
15    0.538642           0
15    0.564292           0
15    0.589942           0
15    0.615591           0
15    0.641241           0
15    0.666891           0
15     0.69254           0
15     0.71819           0
15     0.74384           0
15    0.769489           0
15    0.795139           0
15    0.820788           0
15    0.846438           0
15    0.872088 1.71183e-05
15    0.897737  0.00122873
15    0.923387   0.0226087
15    0.949037    0.156069
15    0.974686     0.53333
15     1.00034     1.13739
15     1.02599     1.77003
15     1.05164     2.22625
15     1.07728     2.43511
15     1.10293     2.43324
15     1.12858     2.30367
15     1.15423     2.10335
15     1.17988     1.89373
15     1.20553     1.68251
15     1.23118     1.49662
15     1.25683     1.33756
15     1.28248     1.19751
15     1.30813     1.08344
15     1.33378     0.98573
15     1.35943    0.905669
15     1.38508    0.839181
15     1.41073    0.784882
15     1.43638    0.744889
15     1.46203    0.709965
15     1.48768    0.685061
15     1.51333    0.665513
15     1.53898    0.655379
15     1.56463    0.650526
15     1.59028    0.649811
15     1.61593    0.655377
15     1.64158    0.665503
15     1.66723    0.681311
15     1.69288      0.7018
15     1.71853    0.727497
15     1.74418    0.758179
15     1.76983    0.792844
15     1.79547    0.830058
15     1.82112    0.869024
15     1.84677    0.909376
15     1.87242    0.950724
15     1.89807    0.990684
15     1.92372     1.03001
15     1.94937     1.06815
15     1.97502      1.1014
15     2.00067     1.13221
15     2.02632     1.15699
15     2.05197     1.17488
15     2.07762      1.1848
15     2.10327     1.18626
15     2.12892     1.18119
15     2.15457     1.16824
15     2.18022     1.14789
15     2.20587     1.12472
15     2.23152      1.0991
15     2.25717     1.06984
15     2.28282     1.04288
15     2.30847     1.01603
15     2.33412    0.990464
15     2.35977     0.96577
15     2.38542    0.944506
15     2.41107    0.926107
15     2.43672    0.910864
15     2.46237    0.898273
15     2.48802    0.889291
15     2.51366    0.875838
15     2.53931    0.867692
15     2.56496    0.867885
16   0.0256496           0
16   0.0512993           0
16   0.0769489           0
16    0.102599           0
16    0.128248           0
16    0.153898           0
16    0.179547           0
16    0.205197           0
16    0.230847           0
16    0.256496           0
16    0.282146           0
16    0.307796           0
16    0.333445           0
16    0.359095           0
16    0.384745           0
16    0.410394           0
16    0.436044           0
16    0.461694           0
16    0.487343           0
16    0.512993           0
16    0.538642           0
16    0.564292           0
16    0.589942           0
16    0.615591           0
16    0.641241           0
16    0.666891           0
16     0.69254           0
16     0.71819           0
16     0.74384           0
16    0.769489           0
16    0.795139           0
16    0.820788           0
16    0.846438           0
16    0.872088 1.71947e-05
16    0.897737  0.00122881
16    0.923387   0.0225188
16    0.949037    0.155782
16    0.974686    0.533429
16     1.00034     1.13727
16     1.02599     1.77085
16     1.05164     2.22534
16     1.07728     2.43552
16     1.10293     2.43326
16     1.12858     2.30457
16     1.15423     2.10334
16     1.17988     1.89266
16     1.20553     1.68255
16     1.23118     1.49654
16     1.25683     1.33758
16     1.28248     1.19782
16     1.30813     1.08341
16     1.33378    0.985501
16     1.35943    0.906047
16     1.38508    0.839389
16     1.41073    0.785248
16     1.43638    0.745135
16     1.46203    0.710138
16     1.48768    0.685433
16     1.51333    0.665886
16     1.53898    0.655416
16     1.56463     0.65056
16     1.59028    0.649828
16     1.61593    0.655315
16     1.64158    0.665026
16     1.66723    0.681109
16     1.69288    0.701432
16     1.71853    0.727126
16     1.74418    0.757863
16     1.76983    0.792648
16     1.79547    0.829285
16     1.82112    0.868995
16     1.84677    0.909308
16     1.87242    0.950523
16     1.89807    0.990326
16     1.92372     1.03005
16     1.94937     1.06809
16     1.97502     1.10136
16     2.00067     1.13237
16     2.02632     1.15728
16     2.05197     1.17544
16     2.07762     1.18514
16     2.10327     1.18658
16     2.12892     1.18112
16     2.15457      1.1686
16     2.18022     1.14796
16     2.20587     1.12472
16     2.23152     1.09898
16     2.25717     1.06986
16     2.28282     1.04269
16     2.30847     1.01598
16     2.33412    0.990569
16     2.35977    0.965543
16     2.38542    0.944468
16     2.41107    0.926127
16     2.43672    0.911108
16     2.46237    0.898459
16     2.48802     0.88929
16     2.51366    0.876112
16     2.53931    0.867843
16     2.56496    0.868063
17   0.0256496           0
17   0.0512993           0
17   0.0769489           0
17    0.102599           0
17    0.128248           0
17    0.153898           0
17    0.179547           0
17    0.205197           0
17    0.230847           0
17    0.256496           0
17    0.282146           0
17    0.307796           0
17    0.333445           0
17    0.359095           0
17    0.384745           0
17    0.410394           0
17    0.436044           0
17    0.461694           0
17    0.487343           0
17    0.512993           0
17    0.538642           0
17    0.564292           0
17    0.589942           0
17    0.615591           0
17    0.641241           0
17    0.666891           0
17     0.69254           0
17     0.71819           0
17     0.74384           0
17    0.769489           0
17    0.795139           0
17    0.820788           0
17    0.846438           0
17    0.872088 1.61833e-05
17    0.897737  0.00123906
17    0.923387   0.0226333
17    0.949037    0.155865
17    0.974686    0.533513
17     1.00034      1.1376
17     1.02599     1.77134
17     1.05164     2.22625
17     1.07728     2.43583
17     1.10293     2.43348
17     1.12858     2.30289
17     1.15423     2.10238
17     1.17988     1.89212
17     1.20553     1.68197
17     1.23118     1.49626
17     1.25683     1.33684
17     1.28248     1.19787
17     1.30813      1.0833
17     1.33378    0.985465
17     1.35943     0.90598
17     1.38508    0.839555
17     1.41073    0.785513
17     1.43638    0.745507
17     1.46203    0.710384
17     1.48768    0.685772
17     1.51333    0.666467
17     1.53898    0.655762
17     1.56463    0.651496
17     1.59028    0.650397
17     1.61593    0.655684
17     1.64158     0.66508
17     1.66723    0.681162
17     1.69288    0.701575
17     1.71853     0.72705
17     1.74418    0.757798
17     1.76983    0.792503
17     1.79547    0.829134
17     1.82112      0.8691
17     1.84677    0.908992
17     1.87242    0.950425
17     1.89807    0.989888
17     1.92372     1.02983
17     1.94937     1.06771
17     1.97502     1.10068
17     2.00067     1.13209
17     2.02632     1.15687
17     2.05197     1.17541
17     2.07762     1.18518
17     2.10327     1.18655
17     2.12892     1.18093
17     2.15457     1.16846
17     2.18022     1.14824
17     2.20587     1.12491
17     2.23152     1.09913
17     2.25717     1.07004
17     2.28282     1.04266
17     2.30847     1.01631
17     2.33412    0.990663
17     2.35977    0.965626
17     2.38542    0.944671
17     2.41107     0.92624
17     2.43672    0.911108
17     2.46237    0.898585
17     2.48802    0.889299
17     2.51366    0.876057
17     2.53931     0.86789
17     2.56496    0.868171
18   0.0256496           0
18   0.0512993           0
18   0.0769489           0
18    0.102599           0
18    0.128248           0
18    0.153898           0
18    0.179547           0
18    0.205197           0
18    0.230847           0
18    0.256496           0
18    0.282146           0
18    0.307796           0
18    0.333445           0
18    0.359095           0
18    0.384745           0
18    0.410394           0
18    0.436044           0
18    0.461694           0
18    0.487343           0
18    0.512993           0
18    0.538642           0
18    0.564292           0
18    0.589942           0
18    0.615591           0
18    0.641241           0
18    0.666891           0
18     0.69254           0
18     0.71819           0
18     0.74384           0
18    0.769489           0
18    0.795139           0
18    0.820788           0
18    0.846438           0
18    0.872088 1.52842e-05
18    0.897737  0.00125202
18    0.923387   0.0225693
18    0.949037    0.155793
18    0.974686    0.533131
18     1.00034     1.13762
18     1.02599     1.77134
18     1.05164     2.22627
18     1.07728     2.43676
18     1.10293     2.43379
18     1.12858      2.3031
18     1.15423     2.10276
18     1.17988      1.8915
18     1.20553      1.6821
18     1.23118     1.49645
18     1.25683     1.33656
18     1.28248     1.19749
18     1.30813     1.08324
18     1.33378    0.985288
18     1.35943    0.906294
18     1.38508    0.839543
18     1.41073    0.785789
18     1.43638    0.745823
18     1.46203    0.710345
18     1.48768    0.685771
18     1.51333    0.666133
18     1.53898    0.655265
18     1.56463    0.651403
18     1.59028    0.650097
18     1.61593    0.655434
18     1.64158    0.665103
18     1.66723    0.681256
18     1.69288    0.701739
18     1.71853    0.727223
18     1.74418    0.757806
18     1.76983    0.792216
18     1.79547    0.829196
18     1.82112    0.869016
18     1.84677    0.908939
18     1.87242    0.950326
18     1.89807    0.990085
18     1.92372     1.02983
18     1.94937     1.06739
18     1.97502     1.10067
18     2.00067     1.13233
18     2.02632     1.15697
18     2.05197     1.17592
18     2.07762     1.18528
18     2.10327      1.1867
18     2.12892       1.181
18     2.15457     1.16845
18     2.18022     1.14818
18     2.20587     1.12508
18     2.23152     1.09915
18     2.25717     1.07022
18     2.28282     1.04259
18     2.30847     1.01614
18     2.33412    0.990487
18     2.35977    0.965582
18     2.38542    0.944511
18     2.41107    0.926191
18     2.43672    0.911074
18     2.46237    0.898529
18     2.48802    0.889423
18     2.51366    0.875987
18     2.53931    0.868046
18     2.56496    0.868126
19   0.0256496           0
19   0.0512993           0
19   0.0769489           0
19    0.102599           0
19    0.128248           0
19    0.153898           0
19    0.179547           0
19    0.205197           0
19    0.230847           0
19    0.256496           0
19    0.282146           0
19    0.307796           0
19    0.333445           0
19    0.359095           0
19    0.384745           0
19    0.410394           0
19    0.436044           0
19    0.461694           0
19    0.487343           0
19    0.512993           0
19    0.538642           0
19    0.564292           0
19    0.589942           0
19    0.615591           0
19    0.641241           0
19    0.666891           0
19     0.69254           0
19     0.71819           0
19     0.74384           0
19    0.769489           0
19    0.795139           0
19    0.820788           0
19    0.846438           0
19    0.872088 1.44798e-05
19    0.897737  0.00125268
19    0.923387   0.0224371
19    0.949037    0.155735
19    0.974686      0.5325
19     1.00034     1.13755
19     1.02599      1.7697
19     1.05164     2.22593
19     1.07728     2.43605
19     1.10293     2.43331
19     1.12858     2.30285
19     1.15423     2.10266
19     1.17988     1.89135
19     1.20553     1.68287
19     1.23118     1.49663
19     1.25683     1.33727
19     1.28248     1.19812
19     1.30813     1.08319
19     1.33378    0.985553
19     1.35943    0.906763
19     1.38508     0.83967
19     1.41073    0.786139
19     1.43638    0.745851
19     1.46203    0.710485
19     1.48768    0.685841
19     1.51333    0.666382
19     1.53898    0.655334
19     1.56463    0.651287
19     1.59028    0.650327
19     1.61593    0.655165
19     1.64158    0.665117
19     1.66723    0.681194
19     1.69288    0.701536
19     1.71853    0.727016
19     1.74418    0.757513
19     1.76983    0.792044
19     1.79547    0.828938
19     1.82112     0.86891
19     1.84677    0.908772
19     1.87242    0.950707
19     1.89807    0.989952
19     1.92372     1.02977
19     1.94937     1.06706
19     1.97502     1.10042
19     2.00067     1.13203
19     2.02632     1.15676
19     2.05197     1.17596
19     2.07762     1.18504
19     2.10327     1.18649
19     2.12892     1.18131
19     2.15457     1.16822
19     2.18022      1.1481
19     2.20587     1.12523
19     2.23152     1.09933
19     2.25717     1.07029
19     2.28282     1.04275
19     2.30847     1.01645
19     2.33412    0.990699
19     2.35977    0.965977
19     2.38542    0.944966
19     2.41107    0.926565
19     2.43672    0.911333
19     2.46237    0.898793
19     2.48802    0.889825
19     2.51366    0.876169
19     2.53931    0.868105
19     2.56496    0.868161
20   0.0256496           0
20   0.0512993           0
20   0.0769489           0
20    0.102599           0
20    0.128248           0
20    0.153898           0
20    0.179547           0
20    0.205197           0
20    0.230847           0
20    0.256496           0
20    0.282146           0
20    0.307796           0
20    0.333445           0
20    0.359095           0
20    0.384745           0
20    0.410394           0
20    0.436044           0
20    0.461694           0
20    0.487343           0
20    0.512993           0
20    0.538642           0
20    0.564292           0
20    0.589942           0
20    0.615591           0
20    0.641241           0
20    0.666891           0
20     0.69254           0
20     0.71819           0
20     0.74384           0
20    0.769489           0
20    0.795139           0
20    0.820788           0
20    0.846438           0
20    0.872088 1.37558e-05
20    0.897737  0.00125501
20    0.923387   0.0224524
20    0.949037    0.155737
20    0.974686    0.532425
20     1.00034     1.13805
20     1.02599      1.7698
20     1.05164     2.22646
20     1.07728     2.43616
20     1.10293      2.4336
20     1.12858     2.30259
20     1.15423      2.1027
20     1.17988     1.89091
20     1.20553      1.6822
20     1.23118     1.49653
20     1.25683     1.33714
20     1.28248     1.19755
20     1.30813     1.08285
20     1.33378    0.984899
20     1.35943    0.906733
20     1.38508    0.839469
20     1.41073    0.786419
20     1.43638    0.745465
20     1.46203    0.710288
20     1.48768    0.685843
20     1.51333    0.666625
20     1.53898    0.655319
20     1.56463    0.651454
20     1.59028    0.650711
20     1.61593    0.655263
20     1.64158    0.665446
20     1.66723    0.681308
20     1.69288    0.701672
20     1.71853    0.727238
20     1.74418    0.757846
20     1.76983     0.79245
20     1.79547    0.829035
20     1.82112    0.869192
20     1.84677    0.908748
20     1.87242    0.951057
20     1.89807    0.990238
20     1.92372     1.02982
20     1.94937       1.067
20     1.97502     1.10035
20     2.00067     1.13218
20     2.02632     1.15682
20     2.05197     1.17571
20     2.07762     1.18496
20     2.10327     1.18617
20     2.12892     1.18142
20     2.15457     1.16785
20     2.18022     1.14787
20     2.20587     1.12498
20     2.23152     1.09881
20     2.25717     1.06981
20     2.28282     1.04225
20     2.30847     1.01599
20     2.33412    0.990275
20     2.35977     0.96569
20     2.38542    0.944942
20     2.41107    0.926463
20     2.43672    0.911349
20     2.46237    0.898691
20     2.48802    0.889802
20     2.51366    0.876305
20     2.53931    0.868239
20     2.56496    0.868383
