0.0256496           0           0
0.0512993           0           0
0.0769489           0           0
0.102599           0           0
0.128248           0           0
0.153898           0           0
0.179547           0           0
0.205197           0           0
0.230847           0           0
0.256496           0           0
0.282146           0           0
0.307796           0           0
0.333445           0           0
0.359095           0           0
0.384745           0           0
0.410394           0           0
0.436044           0           0
0.461694           0           0
0.487343           0           0
0.512993           0           0
0.538642           0           0
0.564292           0           0
0.589942           0           0
0.615591           0           0
0.641241           0           0
0.666891           0           0
0.69254           0           0
0.71819           0           0
0.74384           0           0
0.769489           0           0
0.795139           0           0
0.820788           0           0
0.846438           0           0
0.872088 1.37558e-05 5.13187e-06
0.897737  0.00125501 4.88251e-05
0.923387   0.0224524 0.000305399
0.949037    0.155737 0.000755151
0.974686    0.532425   0.0018107
1.00034     1.13805  0.00209734
1.02599      1.7698  0.00295369
1.05164     2.22646  0.00201341
1.07728     2.43616   0.0016557
1.10293      2.4336  0.00196251
1.12858     2.30259  0.00243942
1.15423      2.1027  0.00185006
1.17988     1.89091  0.00167499
1.20553      1.6822   0.0019389
1.23118     1.49653  0.00168195
1.25683     1.33714  0.00196741
1.28248     1.19755  0.00152854
1.30813     1.08285   0.0011475
1.33378    0.984899  0.00103323
1.35943    0.906733  0.00100425
1.38508    0.839469  0.00108161
1.41073    0.786419  0.00121879
1.43638    0.745465  0.00102435
1.46203    0.710288 0.000816527
1.48768    0.685843 0.000822262
1.51333    0.666625  0.00100045
1.53898    0.655319 0.000819527
1.56463    0.651454  0.00112981
1.59028    0.650711  0.00114642
1.61593    0.655263  0.00118252
1.64158    0.665446  0.00126646
1.66723    0.681308 0.000957233
1.69288    0.701672  0.00100263
1.71853    0.727238  0.00100352
1.74418    0.757846 0.000987633
1.76983     0.79245 0.000920215
1.79547    0.829035  0.00103987
1.82112    0.869192  0.00099691
1.84677    0.908748 0.000888832
1.87242    0.951057 0.000889568
1.89807    0.990238 0.000991957
1.92372     1.02982 0.000912553
1.94937       1.067  0.00114889
1.97502     1.10035  0.00102733
2.00067     1.13218  0.00119248
2.02632     1.15682 0.000956939
2.05197     1.17571 0.000913482
2.07762     1.18496 0.000921621
2.10327     1.18617 0.000872446
2.12892     1.18142 0.000784058
2.15457     1.16785  0.00106315
2.18022     1.14787  0.00092341
2.20587     1.12498  0.00104463
2.23152     1.09881 0.000962607
2.25717     1.06981 0.000918857
2.28282     1.04225 0.000997504
2.30847     1.01599  0.00102224
2.33412    0.990275 0.000810419
2.35977     0.96569  0.00105289
2.38542    0.944942 0.000880486
2.41107    0.926463  0.00080791
2.43672    0.911349 0.000915794
2.46237    0.898691 0.000830997
2.48802    0.889802 0.000756828
2.51366    0.876305 0.000669211
2.53931    0.868239 0.000747949
2.56496    0.868383 0.000813541
