1.8
1.80001
1.80003
1.80005
1.80008
1.80011
1.80015
1.8002
1.80025
1.80031
1.80038
1.80045
1.80053
1.80061
1.80071
1.80081
1.80092
1.80103
1.80115
1.80129
1.80142
1.80157
1.80173
1.80189
1.80206
1.80224
1.80243
1.80263
1.80284
1.80306
1.80329
1.80353
1.80378
1.80404
1.80431
1.8046
1.8049
1.80521
1.80553
1.80587
1.80622
1.80659
1.80698
1.80738
1.80781
1.80825
1.80871
1.80919
1.80969
1.81022
1.81077
1.81134
1.81195
1.81258
1.81324
1.81394
1.81467
1.81544
1.81625
1.8171
1.81799
1.81893
1.81993
1.82097
1.82208
1.82325
1.82448
1.82578
1.82716
1.82862
1.83016
1.83179
1.83352
1.83535
1.83728
1.83931
1.84145
1.8437
1.84606
1.8485
1.85103
1.85362
1.85624
1.85883
1.86133
1.86364
1.86565
1.86718
1.86804
1.86803
1.8669
1.86452
1.86087
1.8562
1.85112
1.84653
1.84346
1.84272
1.84454
1.84859
1.85401
1.85978
1.86492
1.86875
1.87109
1.87235
1.87353
1.87582
1.88009
1.88643
1.8941
1.90189
1.90864
1.91358
1.91636
1.91705
1.91601
1.91376
1.91088
1.9079
1.90514
1.90278
1.90082
1.89914
1.89753
1.89568
1.89338
1.89066
1.88801
1.88632
1.88659
1.88951
1.89509
1.90269
1.91127
1.91973
1.92714
1.9329
1.93677
1.93878
1.93921
1.93851
1.93719
1.93579
1.93478
1.93449
1.93511
1.9366
1.93882
1.9415
1.94433
1.94704
1.94942
1.95136
1.95284
1.95391
1.95471
1.95536
1.95597
1.95663
1.95737
1.95824
1.95924
1.9604
1.9617
1.96308
1.9645
1.96587
1.96715
1.96832
1.96938
1.97037
1.97135
1.97238
1.9735
1.97477
1.9762
1.97778
1.97947
1.98124
1.98301
1.98471
1.98624
1.98752
1.98847
1.989
1.98905
1.98855
1.98744
1.98569
1.98325
1.9801
1.97621
1.97165
1.96658
1.96141
1.95674
1.95333
1.9518
1.95239
1.95482
1.95841
1.96231
1.96564
1.96761
1.96764
1.96552
1.96163
1.95714
1.95376
1.95307
1.95567
1.96085
1.96703
1.97249
1.97583
1.9761
1.97287
1.9663
1.95722
1.94712
1.93797
1.93157
1.92898
1.93014
1.93418
1.93997
1.94656
1.95336
1.96004
1.96637
1.97214
1.97719
1.98138
1.98465
1.987
1.9885
1.98926
1.98943
1.98915
1.98861
1.98797
1.98735
1.98688
1.98661
1.98659
1.98678
1.98715
1.98762
1.98808
1.98843
1.98852
1.9882
1.98726
1.98547
1.98259
1.97841
1.97288
1.96627
1.95935
1.95333
1.94952
1.9487
1.95068
1.9545
1.95901
1.96336
1.96716
1.97035
1.97303
1.97528
1.97713
1.97853
1.97942
1.97971
1.97936
1.97837
1.9768
1.97478
1.97252
1.97027
1.9683
1.96688
1.96622
1.96642
1.96745
1.9692
1.97145
1.97396
1.97649
1.97888
1.98098
1.98272
1.98409
1.98508
1.98571
1.98601
1.986
1.98568
1.98504
1.98402
1.98259
1.9807
1.97831
1.97543
1.97213
1.96851
1.96475
1.96105
1.9576
1.95462
1.95242
1.95137
1.95185
1.95404
1.95778
1.9625
1.96744
1.97183
1.97511
1.97694
1.97725
1.97615
1.97395
1.97108
1.96799
1.96503
1.96235
1.95992
1.95769
1.95581
1.95465
1.95473
1.95632
1.95927
1.96303
1.96688
1.97023
1.97274
1.97433
1.97506
1.97509
1.97463
1.97387
1.97302
1.97232
1.97196
1.97212
1.97289
1.97426
1.97609
1.97817
1.98025
1.98209
1.98347
1.9842
1.98415
1.9832
1.98128
1.97836
1.97446
1.9697
1.96436
1.95885
1.95373
1.94959
1.94696
1.94611
1.94698
1.94925
1.95241
1.95592
1.95937
1.96246
1.96503
1.96698
1.96824
1.9688
1.96863
1.96777
1.96629
1.96435
1.96214
1.9599
1.95787
1.95626
1.95523
1.95485
1.95513
1.956
1.95736
1.95906
1.96093
1.96284
1.96467
1.96634
1.96782
1.96908
1.97015
1.97105
1.9718
1.97241
1.97289
1.97319
1.97329
1.9731
1.97253
1.97147
1.96985
1.96759
1.96474
1.96144
1.95795
1.95459
1.95164
1.94929
1.94764
1.94678
1.94675
1.94747
1.94849
1.94903
1.94821
1.94539
1.94047
1.93399
1.92706
1.92101
1.91702
1.9157
1.91701
1.9204
1.92513
1.93046
1.93585
1.94093
1.94556
1.94973
1.95363
1.95751
1.9617
1.96639
1.97163
1.97724
1.98291
1.98832
1.99318
1.99733
2.00073
2.00338
2.00536
2.00673
2.00756
2.00792
2.00787
2.00744
2.00668
2.00561
2.0043
2.0028
2.00118
1.99952
1.99787
1.99627
1.9947
1.99313
1.9915
1.98978
1.988
1.98625
1.98471
1.98358
1.98303
1.98315
1.98388
1.98492
1.98584
1.98615
1.98548
1.9837
1.98103
1.97799
1.97531
1.9736
1.97323
1.97419
1.97616
1.97876
1.98164
1.98455
1.98729
1.98974
1.9918
1.9934
1.99451
1.99515
1.99538
1.99528
1.99493
1.99443
1.99379
1.99297
1.99181
1.99007
1.98743
1.98361
1.97844
1.97199
1.96461
1.95688
1.9495
1.94313
1.93831
1.93538
1.93437
1.93491
1.93615
1.93706
1.93681
1.93538
1.93405
1.93507
1.9404
1.9502
1.96264
1.97523
1.98616
1.99466
2.00074
2.00471
2.00696
2.00774
2.00721
2.00536
2.00201
1.99686
1.98955
1.97995
1.96853
1.95687
1.94762
1.94335
1.94498
1.95118
1.9596
1.96822
1.97594
1.98231
1.98726
1.99082
1.99312
1.9943
1.99457
1.99413
1.99319
1.99195
1.99057
1.98922
1.988
1.98701
1.98632
1.98599
1.98602
1.9864
1.98711
1.98806
1.98914
1.99022
1.99113
1.99171
1.99176
1.99113
1.98966
1.98729
1.98404
1.98009
1.97578
1.97156
1.96794
1.96531
1.96382
1.96343
1.96392
1.96504
1.96659
1.96843
1.97048
1.97267
1.97494
1.9772
1.97931
1.98114
1.98251
1.98325
1.9832
1.98223
1.98033
1.97758
1.97433
1.97111
1.96861
1.96746
1.96797
1.97001
1.97306
1.97652
1.97986
1.98274
1.98502
1.98668
1.98776
1.98831
1.98835
1.98789
1.98692
1.98546
1.9835
1.98112
1.97842
1.97555
1.97268
1.96997
1.96756
1.96547
1.96369
1.96214
1.96082
1.95984
1.95944
1.95995
1.96164
1.96454
1.96837
1.97256
1.97649
1.97957
1.9814
1.98181
1.98081
1.97864
1.97574
1.97277
1.97048
1.96959
1.97049
1.97317
1.97721
1.98196
1.98678
1.99117
1.99483
1.99763
1.99956
2.0007
2.00117
2.00109
2.0006
1.99982
1.99884
1.99769
1.99635
1.99471
1.99262
1.98988
1.98628
1.98163
1.97582
1.96887
1.96097
1.95258
1.94434
1.93695
1.93102
1.92695
1.92499
1.92526
1.92782
1.93266
1.93961
1.94828
1.95814
1.96851
1.97876
1.98832
1.99684
2.00413
2.01013
2.01491
2.01854
2.02116
2.02288
2.02379
2.02399
2.02353
2.02246
2.02082
2.01867
2.01606
2.01305
2.00975
2.00627
2.00271
1.99918
1.99573
1.99235
1.98899
1.98564
1.98244
1.97972
1.97805
1.97799
1.97979
1.98315
1.98729
1.99131
1.99445
1.99629
1.99666
1.99554
1.99295
1.98887
1.9833
1.97649
1.96927
1.96321
1.96019
1.96142
1.96654
1.9739
1.98151
1.98799
1.99275
1.99572
1.99708
1.99706
1.99584
1.99358
1.99042
1.98656
1.98228
1.97789
1.97373
1.97007
1.96715
1.96512
1.96417
1.96443
1.96587
1.96823
1.97106
1.97388
1.97636
1.9783
1.97967
1.98045
1.98064
1.9802
1.97905
1.97715
1.97451
1.97121
1.96741
1.96337
1.95938
1.95572
1.95263
1.95028
1.94887
1.94864
1.94987
1.95272
1.95713
1.96271
1.96888
1.97501
1.98058
1.98526
1.98888
1.99141
1.99289
1.99339
1.99298
1.99174
1.98973
1.987
1.98361
1.97963
1.97515
1.97029
1.96522
1.96016
1.95543
1.95136
1.94835
1.9467
1.94657
1.94782
1.95003
1.95261
1.95502
1.957
1.95859
1.96015
1.96211
1.96477
1.96815
1.97198
1.97586
1.9794
1.98238
1.98473
1.98648
1.98776
1.98869
1.98938
1.98992
1.99034
1.99068
1.9909
1.99096
1.99076
1.99018
1.98907
1.9873
1.98474
1.98135
1.9772
1.9725
1.96769
1.96341
1.96046
1.95964
1.96143
1.9658
1.97215
1.97951
1.98694
1.99372
1.99946
2.00404
2.00752
2.01002
2.01169
2.01268
2.01314
2.01318
2.01287
2.01223
2.01115
2.00936
2.00644
2.00197
1.99594
1.98922
1.98389
1.98248
1.98623
1.99379
2.00196
2.0074
2.00767
2.00141
1.98824
1.96922
1.94769
1.92944
1.92106
1.92603
1.94159
1.96062
1.97677
1.98734
1.99255
1.99394
1.99326
1.99202
1.9913
1.99168
1.99327
1.99586
1.99903
2.00232
2.0053
2.00767
2.00927
2.01003
2.01
2.0093
2.00807
2.00651
2.00479
2.00307
2.00145
1.99998
1.99865
1.9974
1.99616
1.99482
1.99331
1.99158
1.98961
1.98743
1.9851
1.98274
1.98047
1.97844
1.97679
1.97563
1.97501
1.97493
1.97533
1.97611
1.97715
1.97833
1.97955
1.98072
1.98177
1.98265
1.98333
1.98377
1.98395
1.98381
1.9833
1.98233
1.98079
1.97854
1.97541
1.97124
1.96593
1.95963
1.95283
1.9465
1.94193
1.94021
1.94173
1.94592
1.95163
1.95773
1.96346
1.96848
1.97273
1.97626
1.97911
1.98131
1.98283
1.98358
1.98346
1.9823
1.97994
1.97625
1.97115
1.96471
1.95728
1.94954
1.94244
1.93705
1.93421
1.93437
1.93746
1.94308
1.95053
1.95903
1.96775
1.97595
1.98308
1.98878
1.99282
1.99511
1.99559
1.99427
1.99123
1.98665
1.9809
1.97442
1.96766
1.96093
1.95447
1.94867
1.94428
1.94223
1.94303
1.94641
1.95151
1.95742
1.9635
1.9694
1.97494
1.97997
1.98437
1.98803
1.99086
1.99284
1.99396
1.99428
1.99391
1.993
1.99177
1.99047
1.98928
1.98833
1.1996
1.19953
1.19964
1.19973
1.19959
1.19908
1.1981
1.19658
1.19452
1.192
1.18923
1.18658
1.18462
1.18397
1.18505
1.18792
1.1922
1.19724
1.20236
1.20706
1.21106
1.21429
1.21679
1.21867
1.22007
1.2211
1.22188
1.22248
1.22297
1.22339
1.22376
1.22411
1.22442
1.22468
1.22487
1.22494
1.22487
1.22461
1.22411
1.22334
1.22226
1.22087
1.21916
1.21714
1.21486
1.2124
1.20988
1.2075
1.2055
1.2042
1.20385
1.20457
1.20629
1.20877
1.21165
1.21458
1.21731
1.21966
1.22159
1.22309
1.2242
1.22495
1.22535
1.22534
1.22485
1.2238
1.22213
1.21992
1.21741
1.21502
1.21325
1.21255
1.21312
1.21482
1.21725
1.21993
1.22245
1.22459
1.22627
1.22751
1.22839
1.22901
1.22941
1.22964
1.22969
1.22956
1.22922
1.22868
1.22792
1.22696
1.22581
1.22448
1.22302
1.2215
1.22003
1.21878
1.21793
1.2176
1.2178
1.21842
1.21923
1.21997
1.22046
1.22058
1.22035
1.21987
1.21928
1.21876
1.21844
1.21843
1.21876
1.2194
1.22029
1.22132
1.2224
1.22344
1.22436
1.22512
1.2257
1.22607
1.22626
1.22628
1.22614
1.22589
1.22554
1.22514
1.22473
1.22434
1.22401
1.22376
1.22362
1.22359
1.22364
1.22373
1.2238
1.22379
1.22362
1.22322
1.2225
1.22139
1.2198
1.21762
1.21472
1.21096
1.20629
1.20085
1.1952
1.1904
1.18779
1.1884
1.19227
1.19839
1.20521
1.21135
1.21599
1.21887
1.22009
1.22002
1.21909
1.21782
1.21667
1.216
1.21602
1.21678
1.21816
1.22
1.22212
1.22434
1.22654
1.22866
1.23062
1.23239
1.23396
1.2353
1.23641
1.23729
1.23794
1.23836
1.23856
1.23853
1.23828
1.23778
1.23702
1.23598
1.23463
1.23292
1.23083
1.22832
1.2254
1.22212
1.2186
1.21505
1.21174
1.20901
1.20714
1.20632
1.20659
1.20782
1.20977
1.21218
1.21484
1.21759
1.22038
1.22318
1.22598
1.22874
1.23138
1.23384
1.23604
1.23791
1.23942
1.24057
1.24135
1.2418
1.24197
1.24191
1.24167
1.24132
1.24094
1.24058
1.24029
1.24012
1.2401
1.24024
1.24052
1.24093
1.24143
1.24201
1.24264
1.24329
1.24397
1.24467
1.24539
1.24613
1.24689
1.24764
1.24837
1.24903
1.24959
1.25003
1.25033
1.25048
1.25052
1.25049
1.25049
1.25063
1.25102
1.25174
1.25285
1.25433
1.25608
1.258
1.25991
1.26167
1.26314
1.26424
1.26492
1.26522
1.26523
1.26514
1.26517
1.26554
1.26644
1.26789
1.26982
1.27205
1.27432
1.27641
1.27811
1.27924
1.27969
1.27938
1.2783
1.27651
1.27422
1.27175
1.26946
1.26771
1.26666
1.26628
1.26635
1.26666
1.26704
1.26746
1.2679
1.26831
1.26861
1.26865
1.26835
1.26779
1.26729
1.26749
1.26917
1.27296
1.27905
1.28698
1.29583
1.30458
1.31237
1.31866
1.32313
1.32562
1.32606
1.32443
1.3208
1.31533
1.30832
1.30029
1.29195
1.2841
1.27754
1.27289
1.27046
1.27021
1.27174
1.27443
1.27753
1.28032
1.28221
1.28289
1.28233
1.28086
1.27902
1.2774
1.27648
1.27644
1.27722
1.27848
1.27974
1.28054
1.28054
1.27968
1.2782
1.2765
1.27499
1.2739
1.27314
1.27247
1.27162
1.27053
1.26939
1.2686
1.26853
1.26933
1.27087
1.27284
1.27489
1.27675
1.27833
1.27961
1.28067
1.28158
1.28239
1.28311
1.28372
1.28418
1.28443
1.28442
1.28413
1.28353
1.28264
1.28148
1.28011
1.27857
1.27695
1.27532
1.27377
1.27236
1.27117
1.27023
1.26956
1.26917
1.26903
1.2691
1.26934
1.26968
1.27009
1.27052
1.27093
1.27132
1.27166
1.27194
1.27216
1.27232
1.27241
1.27242
1.27234
1.27215
1.27182
1.27134
1.27068
1.26982
1.26875
1.26745
1.26592
1.26417
1.26222
1.26013
1.25797
1.25586
1.25395
1.25237
1.25123
1.25059
1.25043
1.25066
1.25113
1.25164
1.25195
1.25178
1.25087
1.24901
1.24605
1.24206
1.23742
1.23285
1.22932
1.22784
1.22902
1.23283
1.23858
1.24524
1.25174
1.25732
1.26156
1.26435
1.26577
1.26606
1.26548
1.26434
1.26297
1.26166
1.26064
1.26008
1.26003
1.26046
1.26126
1.2623
1.26343
1.26455
1.26557
1.2664
1.26698
1.26724
1.26706
1.26633
1.26488
1.26252
1.25912
1.25462
1.24923
1.24348
1.23826
1.23454
1.233
1.23363
1.23575
1.23838
1.24066
1.24212
1.24265
1.24241
1.24171
1.24088
1.24021
1.23994
1.24017
1.24096
1.24226
1.244
1.24606
1.2483
1.25062
1.25289
1.25502
1.25693
1.25857
1.25993
1.26101
1.26185
1.2625
1.26304
1.26355
1.26407
1.26466
1.26532
1.26604
1.2668
1.26758
1.26835
1.2691
1.26982
1.2705
1.2711
1.2716
1.27197
1.27215
1.27214
1.27194
1.27161
1.27126
1.27104
1.2711
1.27156
1.27248
1.27383
1.27552
1.27743
1.27942
1.28137
1.28319
1.28479
1.28611
1.28704
1.2875
1.28735
1.2865
1.28482
1.28226
1.27884
1.27467
1.26995
1.26495
1.25989
1.25493
1.25006
1.24526
1.24061
1.23642
1.23338
1.23234
1.23405
1.23873
1.24584
1.25426
1.26268
1.27001
1.27555
1.27901
1.28043
1.28007
1.27835
1.27577
1.27288
1.27008
1.26762
1.26547
1.26345
1.26135
1.25906
1.2567
1.25456
1.25299
1.25229
1.25252
1.25351
1.25495
1.25645
1.25767
1.2583
1.25804
1.25658
1.25354
1.2486
1.24162
1.233
1.22399
1.21665
1.21305
1.21396
1.21836
1.22419
1.22957
1.23353
1.23585
1.23678
1.23671
1.23599
1.23491
1.23366
1.23237
1.23112
1.22995
1.22888
1.22797
1.22722
1.22666
1.22633
1.22623
1.22637
1.22672
1.22728
1.22799
1.22883
1.22977
1.23076
1.23177
1.23279
1.23376
1.23467
1.23548
1.23615
1.23662
1.23684
1.23677
1.23634
1.23553
1.23433
1.23276
1.23091
1.22894
1.22702
1.22534
1.22403
1.22311
1.22255
1.22227
1.22226
1.22258
1.22337
1.22472
1.22657
1.22863
1.23048
1.23163
1.23172
1.23055
1.22813
1.22469
1.22066
1.21655
1.21293
1.21025
1.20877
1.20853
1.20931
1.21073
1.21237
1.21389
1.21521
1.21654
1.2184
1.22133
1.22564
1.23116
1.23733
1.24344
1.24893
1.25345
1.25693
1.25944
1.26111
1.26209
1.26252
1.26251
1.26212
1.26141
1.2604
1.2591
1.25752
1.25565
1.25348
1.25099
1.24817
1.24504
1.24162
1.23801
1.23433
1.23083
1.22777
1.2255
1.22431
1.22444
1.22595
1.22871
1.23245
1.23677
1.24127
1.24558
1.24946
1.25275
1.25539
1.25741
1.25887
1.25987
1.26054
1.26102
1.26143
1.2619
1.26254
1.26339
1.26447
1.26574
1.26711
1.26843
1.2695
1.2701
1.26996
1.2688
1.26636
1.26248
1.25723
1.25104
1.24479
1.23958
1.23632
1.23524
1.23581
1.2371
1.23832
1.23918
1.2398
1.24059
1.24193
1.24397
1.24654
1.24919
1.25144
1.25289
1.25339
1.25303
1.25213
1.25106
1.25022
1.24993
1.2504
1.2517
1.25372
1.2562
1.25867
1.26052
1.26114
1.26002
1.25684
1.2517
1.24523
1.23867
1.23363
1.23145
1.23256
1.23629
1.2414
1.24674
1.25156
1.25555
1.25865
1.26093
1.26247
1.26336
1.26369
1.26358
1.26314
1.26249
1.26173
1.26096
1.26025
1.25963
1.25911
1.25869
1.25834
1.25802
1.25768
1.25726
1.2567
1.25592
1.25489
1.25366
1.25236
1.25123
1.25057
1.25069
1.25174
1.25371
1.25638
1.25945
1.26261
1.26562
1.26833
1.27069
1.2727
1.2744
1.27581
1.27698
1.27792
1.27863
1.2791
1.27931
1.27923
1.27883
1.27808
1.27696
1.27543
1.2735
1.27118
1.26852
1.26563
1.26262
1.25971
1.25712
1.25509
1.25385
1.25354
1.25419
1.25571
1.25791
1.26052
1.26333
1.26614
1.26884
1.2714
1.27383
1.27619
1.27855
1.28095
1.28341
1.28592
1.28845
1.29093
1.29332
1.29556
1.29763
1.29952
1.30123
1.30278
1.3042
1.30551
1.30674
1.30791
1.30904
1.3101
1.31107
1.3119
1.31253
1.31287
1.31282
1.31227
1.31113
1.30934
1.30693
1.30397
1.30068
1.29731
1.29418
1.29155
1.28958
1.28835
1.28783
1.28793
1.28854
1.28951
1.2906
1.29156
1.29209
1.29192
1.29084
1.28885
1.28615
1.28323
1.28075
1.27944
1.27983
1.28204
1.28579
1.29045
1.29527
1.29963
1.30307
1.30537
1.30651
1.30656
1.3057
1.30415
1.30214
1.29992
1.29768
1.29559
1.29376
1.29219
1.29086
1.28966
1.28847
1.28715
1.28563
1.28389
1.28195
1.27989
1.27783
1.2759
1.27418
1.27274
1.27159
1.27076
1.27021
1.26997
1.27005
1.27047
1.27129
1.27251
1.27412
1.27604
1.27813
1.28025
1.28221
1.28387
1.28512
1.2859
1.28621
1.28607
1.28554
1.28468
1.28353
1.2821
1.28038
1.27833
1.27593
1.27319
1.27017
1.267
1.26391
1.26114
1.25897
1.25758
1.25706
1.25736
1.25831
1.25965
1.26113
1.26251
1.26363
1.2644
1.26479
1.26482
1.26456
1.26407
1.26345
1.26277
1.26212
1.26154
1.26109
1.2608
1.26068
1.26071
1.26087
1.26116
1.26151
1.2619
1.26227
1.26257
1.26275
1.26273
1.26246
1.26188
1.26093
1.25956
1.25772
1.25536
1.2524
1.24878
1.24444
1.23938
1.23377
1.22809
1.22315
1.22003
1.21967
1.22236
1.22757
1.23421
1.2411
1.24739
1.25264
1.25675
1.25979
1.26192
1.2633
1.26408
1.26437
1.26427
1.26383
1.26309
1.2621
1.26085
1.25939
1.25772
1.25589
1.25395
1.25198
1.25005
1.24826
1.24665
1.24524
1.24394
1.24257
1.24081
1.23832
1.23475
1.22995
1.22426
1.21866
1.21474
1.19959
1.20283
1.2089
1.21611
1.22287
1.22822
1.23187
1.23391
1.23462
1.23433
1.23333
1.23189
1.23022
1.2285
1.22684
1.22531
1.22392
1.22266
1.22149
1.22039
1.21938
1.21847
1.21776
1.2173
1.21719
1.21747
1.21816
1.21922
1.22058
1.22213
1.22376
1.22537
1.22686
1.22814
1.22917
1.22987
1.2302
1.23011
1.22956
1.22853
1.22703
1.22513
1.22294
1.22068
1.2186
1.21692
1.21583
1.21533
1.21532
1.21558
1.21587
1.21605
1.21611
1.21615
1.21636
1.21693
1.21798
1.21952
1.22142
1.22349
1.22552
1.22732
1.22877
1.22979
1.23034
1.2304
1.22999
1.22911
1.22777
1.22597
1.22371
1.22101
1.2179
1.21445
1.21083
1.20732
1.20432
1.2023
1.20163
1.20247
1.20464
1.20773
1.21122
1.21464
1.21767
1.22015
1.22202
1.22327
1.22392
1.22397
1.22343
1.22232
1.22073
1.21887
1.21708
1.21578
1.21541
1.21625
1.21827
1.22119
1.22456
1.22789
1.23083
1.23316
1.2348
1.23576
1.2361
1.23591
1.2353
1.23435
1.23319
1.23192
1.23066
1.22952
1.22863
1.22808
1.22794
1.22824
1.22895
1.23
1.2313
1.23271
1.23412
1.23542
1.23654
1.23743
1.23807
1.23843
1.23852
1.23835
1.23793
1.23732
1.23656
1.23567
1.2346
1.23319
1.23116
1.2282
1.22402
1.21855
1.21206
1.2053
1.19943
1.1957
1.195
1.19748
1.2025
1.20902
1.216
1.22261
1.22837
1.23304
1.23657
1.23899
1.24041
1.24095
1.2407
1.23979
1.2383
1.23633
1.23396
1.2313
1.22848
1.22564
1.22294
1.22056
1.21865
1.21732
1.21663
1.21655
1.21696
1.21771
1.21862
1.21951
1.22026
1.22076
1.22095
1.22083
1.22041
1.21973
1.21884
1.2178
1.21667
1.21552
1.21441
1.21339
1.21251
1.21179
1.21125
1.21091
1.21074
1.21072
1.21083
1.21102
1.21126
1.21151
1.21174
1.21192
1.21203
1.21207
1.21203
1.21193
1.21179
1.21164
1.21151
1.21143
1.21144
1.21155
1.21177
1.2121
1.21251
1.21295
1.21337
1.21368
1.21378
1.21355
1.21282
1.21146
1.20932
1.20636
1.20271
1.1987
1.19487
1.19178
1.18985
1.18921
1.18973
1.19127
1.19371
1.19693
1.20072
1.20475
1.20864
1.21209
1.21496
1.21723
1.21899
1.22035
1.2214
1.22217
1.22262
1.2227
1.2223
1.22132
1.21965
1.21724
1.21404
1.21008
1.2055
1.20051
1.19547
1.19085
1.18721
1.18506
1.18479
1.18646
1.18986
1.19446
1.19963
1.20471
1.20921
1.21277
1.21522
1.21649
1.21664
1.21577
1.21404
1.21167
1.20892
1.20612
1.20362
1.20177
1.20078
1.20075
1.20159
1.2031
1.20505
1.20722
1.20948
1.21177
1.21406
1.21637
1.21868
1.22095
1.22313
1.22516
1.22699
1.2286
1.22998
1.23116
1.23218
1.23308
1.23391
1.23469
1.23545
1.23619
1.23688
1.23751
1.238
1.23831
1.23834
1.23801
1.23719
1.2358
1.23372
1.23091
1.22741
1.22341
1.2193
1.21567
1.21313
1.21215
1.21286
1.21496
1.2179
1.22106
1.22397
1.22637
1.22821
1.22953
1.23045
1.23104
1.23128
1.23102
1.23002
1.22795
1.22451
1.21951
1.21301
1.2055
1.198
1.19192
1.18867
1.18892
1.19231
1.19759
1.20332
1.20846
1.21256
1.21566
1.21804
1.22004
1.22191
1.22373
1.22549
1.22716
1.22873
1.23026
1.23184
1.23357
1.23547
1.2375
1.23957
1.24156
1.24337
1.2449
1.24615
1.24709
1.24777
1.24822
1.24849
1.24862
1.24865
1.24861
1.24853
1.24843
1.24832
1.24821
1.24809
1.24795
1.24779
1.24759
1.24732
1.24695
1.24647
1.24585
1.24506
1.24408
1.24289
1.24149
1.23987
1.23804
1.23602
1.23383
1.23152
1.22918
1.22689
1.22479
1.22303
1.22176
1.22111
1.22113
1.22177
1.22285
1.22413
1.22532
1.22618
1.22656
1.22644
1.22596
1.2253
1.22468
1.22425
1.22405
1.22406
1.22424
1.22461
1.2253
1.22649
1.22833
1.23086
1.23396
1.23738
1.24082
1.244
1.24671
1.24884
1.25038
1.25136
1.25185
1.25194
1.25171
1.25125
1.25063
1.2499
1.24908
1.2482
1.24725
1.2462
1.24503
1.24367
1.24204
1.24006
1.23763
1.23465
1.23107
1.22692
1.22232
1.21752
1.21287
1.2087
1.20525
1.20263
1.20077
1.19952
1.19874
1.19833
1.19825
1.19848
1.19905
1.19997
1.20128
1.20297
1.20498
1.2072
1.20948
1.21164
1.21354
1.21509
1.21626
1.21709
1.21763
1.21795
1.21813
1.21822
1.21826
1.21825
1.21819
1.21807
1.21787
1.21756
1.21715
1.21663
1.21601
1.21532
1.21459
1.21387
1.2132
1.21261
1.21212
1.21174
1.21146
1.21124
1.21106
1.21088
1.2107
1.21051
1.21035
1.21024
1.21022
1.21031
1.21051
1.21077
1.21099
1.21106
1.21085
1.21023
1.20915
1.20758
1.20565
1.20357
1.20163
1.20019
1.19949
1.19969
1.20077
1.20259
1.20496
1.20768
1.21057
1.21346
1.21618
1.21857
1.2205
1.22193
1.22289
1.22348
1.22387
1.22421
1.2246
1.2251
1.22571
1.22643
1.22728
1.22831
1.22954
1.231
1.23262
1.23428
1.23581
1.23697
1.23752
1.23722
1.23587
1.23346
1.23019
1.22665
1.22376
1.22247
1.22333
1.22616
1.23016
1.23431
1.23778
1.24015
1.24134
1.24151
1.2409
1.23981
1.23849
1.23719
1.23611
1.23542
1.23522
1.2356
1.23656
1.23803
1.2399
1.24202
1.24421
1.24631
1.2482
1.24979
1.25103
1.25192
1.25247
1.25269
1.25262
1.25227
1.25166
1.25082
1.2498
1.24872
1.24775
1.2471
1.24697
1.24749
1.24863
1.25026
1.25217
1.25408
1.25577
1.25701
1.25761
1.2574
1.25622
1.25399
1.25076
1.24675
1.2424
1.23827
1.23494
1.23284
1.23215
1.23283
1.23464
1.23726
1.24033
1.24354
1.24663
1.24947
1.25202
1.25431
1.25641
1.2584
1.26029
1.26209
1.26373
1.26513
1.2662
1.26683
1.26697
1.26661
1.26578
1.26453
1.26295
1.26103
1.25868
1.25571
1.25189
1.24719
1.24201
1.23745
1.23502
1.23602
1.2406
1.24766
1.25546
1.2625
1.26794
1.27148
1.27322
1.27337
1.27223
1.27012
1.26739
1.26443
1.2616
1.25925
1.25758
1.25663
1.25628
1.2563
1.2564
1.25633
1.2559
1.25505
1.25383
1.2524
1.25097
1.24975
1.2489
1.24845
1.24832
1.24833
1.24828
1.24801
1.24737
1.24633
1.24488
1.24306
1.24098
1.23874
1.23652
1.23453
1.23299
1.23213
1.2321
1.23294
1.23453
1.23666
1.23909
1.2416
1.24405
1.24637
1.24854
1.25056
1.25242
1.25407
1.25544
1.25641
1.25686
1.2567
1.25585
1.25431
1.2521
1.24934
1.24612
1.24253
1.2386
1.23428
1.22947
1.22413
1.21838
1.21252
1.20713
1.20289
1.20045
1.20019
1.20209
1.20577
1.21059
1.21586
1.22097
1.22547
1.2291
1.23173
1.23335
1.23407
1.23402
1.23339
1.23236
1.23111
1.22979
1.22851
1.22736
1.2264
1.22564
1.22508
1.22472
1.22453
1.2245
1.22458
1.22477
1.22503
1.22533
1.22564
1.2259
1.22608
1.2261
1.22591
1.22542
1.22458
1.22334
1.22167
1.21962
1.2173
1.2149
1.21264
1.21079
1.20951
1.20884
1.20863
1.20863
1.20853
1.20804
1.20695
1.20521
1.20293
1.20039
1.19806
1.19651
1.19627
1.19759
1.20039
1.20425
1.2086
1.21288
1.21666
1.21968
1.22181
1.22299
1.2232
1.22242
1.22068
1.21803
1.21457
1.21054
1.20623
1.20206
1.19843
1.19565
1.19388
1.19306
1.19297
1.19336
1.19399
1.19474
1.19558
1.19655
1.19772
1.19914
1.20084
1.20275
1.2048
1.20686
1.20878
1.21047
1.21182
1.2128
1.21336
1.21352
1.21328
1.21267
1.21172
1.21045
1.20887
1.20703
1.20496
1.20272
1.20045
1.19832
1.1966
1.1956
1.19559
1.19674
1.19906
1.20235
1.2063
1.21055
1.21477
1.21872
1.22221
1.22513
1.22742
1.22901
1.22983
1.2298
1.22885
1.22691
1.22402
1.22033
1.2162
1.21218
1.2089
1.20688
1.2063
1.207
1.20852
1.21043
1.21236
1.21414
1.2157
1.21704
1.21814
1.21906
1.21984
1.22053
1.22117
1.22179
1.22243
1.22316
1.2241
1.2254
1.22712
1.2292
1.23139
1.23334
1.23474
1.23535
1.23515
1.23429
1.23312
1.23205
1.23155
1.23194
1.23335
1.23565
1.23844
1.24121
1.24342
1.24463
1.24449
1.24276
1.2393
1.23403
1.22707
1.21888
1.21049
1.2035
1.19956
1.19948
1.20261
1.20724
1.21163
1.21472
1.21639
1.21724
1.2182
1.22006
1.22315
1.22718
1.23148
1.23534
1.23828
1.24005
1.24071
1.24043
1.23953
1.23838
1.23735
1.23673
1.23663
1.23699
1.2376
1.2382
1.23854
1.23847
1.23798
1.23711
1.23602
1.23487
1.23381
1.23297
1.23243
1.23219
1.2322
1.23236
1.23258
1.23274
1.23275
1.23257
1.23218
1.23159
1.23085
1.23002
1.22917
1.2284
1.22778
1.22739
1.22727
1.22743
1.22786
1.22851
1.22931
1.23019
1.23107
1.23187
1.23255
1.23306
1.23338
1.23349
1.23341
1.23313
1.23269
1.23209
1.23138
1.23055
1.22963
1.22862
1.22751
1.22629
1.22496
1.22354
1.22208
1.22066
1.21938
1.21837
1.21769
1.21737
1.21735
1.21751
1.21773
1.21787
1.21786
1.2177
1.2174
1.21705
1.21675
1.21658
1.21667
1.21708
1.21788
1.21906
1.22058
1.22234
1.22422
1.22609
1.22783
1.22933
1.2305
1.23128
1.23162
1.2315
1.23093
1.22991
1.22847
1.22667
1.22456
1.22221
1.21971
1.21714
1.2146
1.21219
1.21001
1.20815
1.20667
1.20563
1.20505
1.2049
1.20513
1.20567
1.20639
1.20716
1.20783
1.20824
1.20828
1.20785
1.20694
1.20562
1.19846
1.19688
1.19563
1.19501
1.19521
1.19625
1.198
1.20018
1.20248
1.20464
1.20644
1.20781
1.20871
1.20921
1.2094
1.20937
1.20919
1.20892
1.20855
1.20805
1.20734
1.20637
1.20509
1.20352
1.20178
1.20005
1.19859
1.19764
1.19736
1.19776
1.1987
1.19995
1.20126
1.20242
1.20328
1.20376
1.20386
1.20357
1.2029
1.20187
1.20046
1.19862
1.19633
1.19356
1.19032
1.18674
1.18308
1.17972
1.17707
1.17548
1.17505
1.17565
1.17696
1.17864
1.18039
1.18198
1.18311
1.18337
1.18222
1.17921
1.17433
1.16842
1.1634
1.1616
1.16436
1.17107
1.17963
1.18785
1.19444
1.19903
1.20184
1.20335
1.20402
1.20427
1.2044
1.20462
1.20503
1.20561
1.2063
1.20695
1.2074
1.20749
1.20709
1.20612
1.2046
1.20266
1.2006
1.19887
1.19792
1.19815
1.19969
1.20242
1.20597
1.20991
1.2138
1.21735
1.22034
1.22266
1.22422
1.22497
1.22483
1.22371
1.22152
1.21814
1.21352
1.20773
1.20106
1.19413
1.18793
1.18356
1.18191
1.18324
1.18713
1.19269
1.19893
1.20508
1.21071
1.2157
1.22013
1.22422
1.22814
1.23201
1.23586
1.23959
1.24309
1.24621
1.24882
1.25083
1.25221
1.25296
1.25309
1.25268
1.25177
1.25046
1.24882
1.24692
1.24482
1.24258
1.24025
1.23786
1.23545
1.23307
1.23077
1.22863
1.22673
1.22516
1.22402
1.2234
1.22335
1.2239
1.22503
1.22668
1.22872
1.23101
1.23337
1.23565
1.23773
1.23956
1.24115
1.24254
1.24385
1.24515
1.2465
1.24791
1.24935
1.25074
1.252
1.25307
1.25389
1.25444
1.25471
1.25473
1.2545
1.25407
1.25346
1.2527
1.25181
1.25081
1.24974
1.24862
1.24749
1.2464
1.24538
1.2445
1.2438
1.24329
1.243
1.24292
1.24303
1.2433
1.2437
1.24417
1.24468
1.24515
1.24552
1.24572
1.24568
1.24535
1.24469
1.24369
1.2424
1.2409
1.23933
1.23788
1.23672
1.23599
1.23578
1.23607
1.23672
1.23753
1.23823
1.23857
1.23834
1.23745
1.23591
1.23387
1.23157
1.22931
1.22741
1.22617
1.22577
1.2263
1.22775
1.23003
1.23294
1.23629
1.23984
1.24339
1.24679
1.24995
1.2528
1.25532
1.25753
1.25942
1.26101
1.26229
1.26327
1.26393
1.26424
1.26419
1.26374
1.26286
1.26151
1.25967
1.25733
1.2545
1.25127
1.24774
1.24412
1.24067
1.23769
1.23548
1.23429
1.23423
1.23525
1.23718
1.23971
1.24253
1.24534
1.24787
1.24996
1.25148
1.25239
1.25266
1.25233
1.25145
1.25013
1.24847
1.24662
1.24475
1.24301
1.24157
1.24055
1.24
1.23995
1.24032
1.24103
1.24197
1.24301
1.24409
1.24515
1.24616
1.24711
1.24801
1.24883
1.24953
1.25009
1.25043
1.25049
1.25022
1.24956
1.24847
1.24694
1.24498
1.24264
1.24004
1.23732
1.23469
1.23236
1.23053
1.22935
1.22889
1.22912
1.22992
1.23115
1.23262
1.23418
1.23569
1.23706
1.2382
1.23907
1.23964
1.23989
1.23981
1.23939
1.23862
1.23753
1.23612
1.23443
1.23251
1.23041
1.22821
1.22601
1.22389
1.22195
1.22027
1.21892
1.21793
1.21732
1.21709
1.21722
1.21765
1.21833
1.21919
1.22015
1.22117
1.22217
1.22313
1.22403
1.22488
1.22568
1.22648
1.2273
1.22816
1.22906
1.23001
1.23099
1.23197
1.23292
1.23381
1.23459
1.23524
1.23573
1.23603
1.23611
1.23593
1.23546
1.23466
1.23346
1.23182
1.22969
1.22704
1.22386
1.22021
1.2162
1.21204
1.20803
1.20455
1.20203
1.20084
1.20124
1.20327
1.20673
1.21127
1.21641
1.22172
1.22683
1.23149
1.23558
1.23907
1.24198
1.24439
1.24638
1.24802
1.24937
1.25049
1.25141
1.25214
1.25269
1.25303
1.25316
1.25302
1.25256
1.25174
1.25047
1.24868
1.24628
1.24318
1.23929
1.23452
1.22878
1.22204
1.21437
1.20611
1.19796
1.19111
1.18695
1.18653
1.18987
1.19596
1.20327
1.21041
1.21657
1.2214
1.22494
1.22738
1.22896
1.22991
1.23045
1.23075
1.23096
1.23118
1.23146
1.23185
1.23235
1.23295
1.23365
1.23443
1.2353
1.23626
1.23731
1.23843
1.23958
1.2407
1.24173
1.24264
1.24338
1.24394
1.24431
1.24449
1.24448
1.24428
1.24384
1.24313
1.24209
1.24066
1.23878
1.23642
1.23358
1.23029
1.22668
1.22294
1.21938
1.21636
1.21425
1.21339
1.21394
1.21585
1.21888
1.22264
1.22671
1.23071
1.23437
1.23754
1.24016
1.24224
1.24382
1.24498
1.2458
1.24633
1.24663
1.24677
1.24676
1.24664
1.24643
1.24614
1.2458
1.24543
1.24504
1.24467
1.24434
1.24405
1.24381
1.24359
1.24336
1.24308
1.24271
1.24228
1.24182
1.24146
1.24134
1.24162
1.24244
1.24385
1.24581
1.24818
1.25072
1.25315
1.25519
1.25657
1.25703
1.2564
1.25455
1.25143
1.2472
1.24223
1.23714
1.23277
1.22988
1.22892
1.22985
1.23223
1.23544
1.23899
1.24254
1.2459
1.24901
1.25178
1.25418
1.25614
1.25764
1.25867
1.25927
1.25948
1.25941
1.25918
1.25897
1.25895
1.2593
1.26015
1.26156
1.2635
1.26582
1.26829
1.2706
1.27241
1.27335
1.27305
1.27118
1.26757
1.26237
1.25631
1.25073
1.24734
1.24738
1.25086
1.25663
1.26306
1.26893
1.27367
1.27733
1.28024
1.28282
1.28537
1.28799
1.2906
1.293
1.29492
1.29615
1.29655
1.29604
1.29467
1.29254
1.28982
1.28674
1.28355
1.28051
1.27785
1.27575
1.27431
1.27354
1.2734
1.27376
1.27447
1.27536
1.27627
1.27704
1.27758
1.27781
1.2777
1.27724
1.27651
1.27559
1.27465
1.27388
1.27347
1.27358
1.27431
1.27565
1.27749
1.27966
1.28194
1.28412
1.28605
1.28761
1.28875
1.28946
1.28977
1.28973
1.28941
1.28888
1.28822
1.28748
1.2867
1.28593
1.28517
1.2844
1.28361
1.28274
1.28174
1.28054
1.27913
1.27751
1.27577
1.27409
1.27272
1.27198
1.27213
1.27329
1.2754
1.27824
1.28149
1.28482
1.28798
1.29079
1.29317
1.29511
1.29664
1.29778
1.29858
1.29909
1.29934
1.29937
1.29921
1.29891
1.29847
1.29795
1.29735
1.29667
1.2959
1.29496
1.29374
1.29205
1.28964
1.28619
1.28134
1.2748
1.2665
1.2569
1.2472
1.23934
1.23541
1.2367
1.24292
1.25244
1.26318
1.27338
1.28202
1.28868
1.29336
1.29626
1.29768
1.29795
1.29739
1.29636
1.29517
1.29417
1.29361
1.29365
1.29435
1.29562
1.29729
1.29915
1.301
1.30271
1.30418
1.30542
1.30645
1.30734
1.30815
1.30892
1.30963
1.31023
1.31058
1.3105
1.30978
1.3082
1.30557
1.3018
1.29697
1.29143
1.2859
1.28135
1.27876
1.27869
1.28102
1.28503
1.28975
1.29431
1.29818
1.3011
1.30307
1.30421
1.30475
1.30493
1.30503
1.30529
1.30594
1.30711
1.30884
1.31103
1.31349
1.31595
1.31812
1.31979
1.32082
1.32124
1.32116
1.3208
1.32042
1.32021
1.32032
1.32075
1.32138
1.32205
1.32254
1.32267
1.32229
1.32133
1.31975
1.31762
1.31506
1.31224
1.30937
1.30664
1.30416
1.30199
1.3001
1.29839
1.29681
1.29532
1.29397
1.29285
1.29205
1.29163
1.29155
1.2917
1.29196
1.29226
1.29267
1.29336
1.29457
1.29646
1.29899
1.30193
1.30495
1.3077
1.30995
1.31161
1.31268
1.31325
1.31347
1.31346
1.31334
1.3132
1.31308
1.31301
1.31296
1.3129
1.31278
1.31257
1.31222
1.3117
1.31099
1.31008
1.30897
1.30766
1.30618
1.30453
1.30274
1.30086
1.29892
1.29698
1.29509
1.29331
1.29172
1.29038
1.28934
1.28863
1.28828
1.28826
1.28855
1.28907
1.28971
1.29035
1.29086
1.29123
1.29149
1.29182
1.29246
1.29362
1.29541
1.29776
1.30047
1.30325
1.30583
1.308
1.30967
1.31082
1.3115
1.31179
1.31181
1.31166
1.31147
1.31132
1.3113
1.31147
1.31184
1.31241
1.31315
1.314
1.3149
1.31579
1.3166
1.31728
1.31778
1.31806
1.31808
1.3178
1.31718
1.31617
1.31471
1.3127
1.31005
1.30666
1.30244
1.29735
1.29148
1.28507
1.27859
1.27267
1.26802
1.26519
1.26439
1.26541
1.26777
1.27088
1.27426
1.27758
1.28067
1.28347
1.28588
1.28781
1.2891
1.28957
1.28908
1.28752
1.28484
1.28108
1.27647
1.27141
1.26661
1.2629
1.26106
1.26146
1.26388
1.26763
1.2719
1.27603
1.27963
1.28261
1.28501
1.28694
1.28853
1.28983
1.29086
1.29158
1.29192
1.29177
1.29102
1.28953
1.28715
1.28374
1.27918
1.2734
1.2665
1.25876
1.25079
1.24346
1.2377
1.23419
1.23308
1.23398
1.2362
1.23906
1.24205
1.2449
1.24747
1.24971
1.25159
1.2531
1.2542
1.25486
1.25504
1.25471
1.25386
1.2525
1.25069
1.24859
1.24643
1.24455
1.24335
1.24316
1.24414
1.24624
1.24919
1.25262
1.25614
1.25943
1.2623
1.26465
1.26644
1.26769
1.26844
1.26871
1.26856
1.26805
1.26724
1.26619
1.26499
1.26372
1.26247
1.26135
1.26045
1.25992
1.25987
1.26038
1.26144
1.26287
1.26434
1.26544
1.26572
1.26486
1.26276
1.2597
1.25634
1.25366
1.25259
1.25357
1.25634
1.26016
1.26416
1.26775
1.27067
1.27293
1.27467
1.27604
1.27715
1.27804
1.27867
1.279
1.27892
1.27837
1.27731
1.27576
1.2738
1.2716
1.26937
1.26734
1.26566
1.26442
1.26356
1.26297
1.26253
1.2622
1.26206
1.26236
1.26337
1.26525
1.26795
1.2712
1.27458
1.27772
1.28035
1.28235
1.28372
1.28453
1.2849
1.28495
1.28476
1.28443
1.284
1.28355
1.2831
1.28272
1.28245
1.28234
1.28243
1.28273
1.28327
1.2007
1.20161
1.20266
1.20379
1.20496
1.2061
1.20717
1.20813
1.20895
1.2096
1.21005
1.2103
1.21031
1.21006
1.2095
1.20859
1.20722
1.20532
1.20279
1.19956
1.19566
1.19126
1.18672
1.18254
1.17925
1.17719
1.17633
1.17631
1.17659
1.17664
1.17617
1.17509
1.1735
1.17167
1.16991
1.1686
1.16802
1.16842
1.16989
1.1724
1.17579
1.1798
1.18413
1.18847
1.19255
1.19617
1.19917
1.20149
1.20311
1.20406
1.20443
1.20432
1.20385
1.20314
1.20228
1.20132
1.20026
1.19904
1.19753
1.19562
1.19317
1.19012
1.18649
1.18247
1.17839
1.17475
1.17212
1.17099
1.17162
1.17397
1.17769
1.18223
1.18707
1.19174
1.19596
1.19958
1.20257
1.20495
1.2068
1.2082
1.20922
1.20992
1.21036
1.21057
1.21059
1.21042
1.21009
1.2096
1.20896
1.20818
1.20727
1.20623
1.20507
1.20381
1.20248
1.2011
1.1997
1.19833
1.197
1.1957
1.19439
1.19296
1.19127
1.18911
1.18629
1.18265
1.17805
1.17247
1.16603
1.15907
1.15232
1.14691
1.14415
1.14496
1.14924
1.15587
1.16332
1.17028
1.176
1.18027
1.18317
1.18493
1.18578
1.18595
1.18566
1.18512
1.18457
1.18422
1.18421
1.18464
1.1855
1.18664
1.18785
1.18887
1.18944
1.18933
1.18835
1.18641
1.18344
1.17949
1.17464
1.16908
1.16312
1.15718
1.15183
1.14767
1.14525
1.14487
1.14646
1.14963
1.15374
1.15818
1.16244
1.1662
1.1693
1.17171
1.17348
1.17466
1.17535
1.17561
1.17553
1.17517
1.17462
1.17399
1.17339
1.1729
1.17262
1.17256
1.17272
1.17305
1.17347
1.17391
1.17433
1.17471
1.17507
1.17544
1.17583
1.17627
1.17674
1.1772
1.1776
1.1779
1.17804
1.178
1.17778
1.17739
1.17687
1.17626
1.1756
1.17492
1.17423
1.17358
1.173
1.17255
1.17237
1.17257
1.1733
1.17465
1.1766
1.17908
1.1819
1.18488
1.18782
1.19059
1.19309
1.19526
1.19706
1.19847
1.19942
1.19986
1.19972
1.19891
1.19738
1.19509
1.19208
1.18851
1.18467
1.18098
1.17796
1.17604
1.17546
1.17618
1.17791
1.18023
1.18274
1.18515
1.1873
1.18918
1.19088
1.19252
1.19421
1.19603
1.19794
1.19986
1.20166
1.20324
1.20454
1.2056
1.20649
1.20734
1.20825
1.20933
1.21064
1.21223
1.21409
1.21621
1.21848
1.22075
1.22285
1.22461
1.22594
1.22681
1.22728
1.22746
1.22748
1.22743
1.22731
1.22707
1.22656
1.22559
1.22401
1.22171
1.21869
1.21508
1.21114
1.20724
1.20387
1.2015
1.20054
1.20122
1.2035
1.2071
1.21155
1.21631
1.22087
1.22485
1.22798
1.23012
1.23126
1.23152
1.23116
1.23051
1.22996
1.22985
1.23039
1.23157
1.23321
1.23501
1.23661
1.2377
1.23797
1.23719
1.23518
1.23184
1.22728
1.22185
1.21624
1.21136
1.20805
1.20667
1.2069
1.20798
1.20904
1.2095
1.20918
1.20823
1.20701
1.2059
1.20519
1.20495
1.20509
1.2054
1.2056
1.2055
1.20497
1.20398
1.20264
1.20114
1.19974
1.19873
1.19832
1.19865
1.1997
1.20129
1.20321
1.20519
1.20703
1.20857
1.20974
1.2105
1.21086
1.21082
1.21041
1.20966
1.20863
1.20738
1.20603
1.20472
1.20359
1.20279
1.20241
1.20243
1.20276
1.20318
1.20344
1.20322
1.20224
1.20027
1.19717
1.19295
1.18786
1.18243
1.17737
1.17346
1.17127
1.17096
1.17227
1.17472
1.17778
1.18103
1.18425
1.18733
1.19026
1.19302
1.19557
1.19786
1.19981
1.20133
1.20236
1.20287
1.20282
1.20223
1.20113
1.19954
1.19755
1.19525
1.19274
1.19016
1.18768
1.18545
1.1836
1.18226
1.18147
1.18121
1.18143
1.18201
1.18281
1.18368
1.18448
1.18511
1.18547
1.18553
1.18527
1.18471
1.18391
1.18295
1.18192
1.18092
1.18003
1.17933
1.17887
1.17868
1.17876
1.17908
1.17962
1.18031
1.18111
1.18196
1.1828
1.18358
1.18425
1.18477
1.18509
1.1852
1.18505
1.18464
1.18395
1.183
1.18181
1.18044
1.17895
1.17743
1.17597
1.17467
1.17363
1.17291
1.17257
1.17264
1.17313
1.17398
1.17511
1.17637
1.17761
1.17866
1.1794
1.17972
1.17957
1.17898
1.17799
1.17673
1.17535
1.17402
1.17291
1.17218
1.17194
1.17224
1.17306
1.17433
1.17593
1.17772
1.17959
1.18142
1.18313
1.18467
1.18602
1.18718
1.18817
1.18901
1.18974
1.19039
1.19101
1.19163
1.19228
1.19299
1.19377
1.19463
1.19555
1.19649
1.19739
1.19814
1.19863
1.19868
1.19809
1.19664
1.19409
1.19024
1.18504
1.17861
1.17143
1.16424
1.15792
1.15325
1.15058
1.14989
1.15085
1.15306
1.15612
1.1597
1.16352
1.16732
1.17085
1.17383
1.17605
1.17736
1.17776
1.17736
1.17637
1.17506
1.17373
1.17264
1.17197
1.1718
1.17214
1.17289
1.17393
1.17513
1.17639
1.17767
1.17897
1.18031
1.18171
1.18316
1.18462
1.18601
1.18723
1.18816
1.18874
1.18891
1.1887
1.18819
1.18754
1.18694
1.18658
1.18658
1.18698
1.18772
1.18866
1.18966
1.19061
1.19143
1.19209
1.19257
1.19283
1.19284
1.19251
1.19176
1.1905
1.18863
1.18607
1.1828
1.17883
1.17426
1.16934
1.16447
1.16019
1.15708
1.15561
1.15594
1.15785
1.16084
1.16429
1.16767
1.1706
1.17285
1.17436
1.17516
1.17532
1.17497
1.17423
1.17327
1.17224
1.17131
1.17064
1.17035
1.17054
1.17127
1.17254
1.17429
1.17643
1.17883
1.18135
1.18383
1.1861
1.18796
1.18923
1.18966
1.18897
1.18686
1.18304
1.17734
1.16987
1.16124
1.15256
1.14513
1.13991
1.13705
1.13612
1.13674
1.13881
1.14233
1.14704
1.15232
1.15749
1.16202
1.16563
1.1683
1.17011
1.17119
1.17172
1.17182
1.17166
1.17134
1.171
1.17073
1.17062
1.17071
1.17105
1.17165
1.1725
1.17359
1.17485
1.17626
1.17773
1.17922
1.18064
1.18192
1.18301
1.18383
1.18435
1.18454
1.18442
1.18403
1.18346
1.18285
1.18234
1.18207
1.18215
1.18261
1.18341
1.18443
1.18551
1.18647
1.18715
1.18744
1.18722
1.18647
1.18517
1.18341
1.18131
1.17908
1.17699
1.17535
1.17441
1.17431
1.17506
1.17653
1.17847
1.18062
1.18274
1.18467
1.18629
1.18754
1.18845
1.18905
1.18943
1.1897
1.18996
1.19034
1.19094
1.19182
1.19303
1.19459
1.19647
1.19862
1.20094
1.2033
1.2055
1.20734
1.20859
1.20903
1.20848
1.20686
1.20418
1.20056
1.19629
1.19175
1.18736
1.18349
1.18034
1.17795
1.17627
1.17526
1.17501
1.17574
1.17758
1.18049
1.18411
1.1879
1.1913
1.1939
1.19554
1.19626
1.19625
1.19572
1.19489
1.19387
1.19274
1.19157
1.19045
1.18955
1.18901
1.18884
1.18889
1.18893
1.18882
1.18862
1.18864
1.18923
1.19063
1.19277
1.19532
1.19782
1.19985
1.20113
1.20158
1.20125
1.2003
1.19891
1.1973
1.19566
1.19413
1.19281
1.19174
1.19093
1.19032
1.18985
1.18943
1.18895
1.18833
1.1875
1.18639
1.18499
1.18333
1.18151
1.17969
1.17804
1.17678
1.17605
1.17591
1.17629
1.17704
1.17794
1.17876
1.17933
1.17953
1.17928
1.17857
1.17744
1.17592
1.17409
1.17205
1.1699
1.16774
1.1657
1.16389
1.1624
1.16133
1.1607
1.16052
1.16075
1.1613
1.16204
1.16283
1.16352
1.164
1.1642
1.16417
1.16406
1.16409
1.16452
1.16556
1.16727
1.16959
1.1723
1.17515
1.17787
1.18029
1.18229
1.18383
1.18491
1.18558
1.18589
1.18587
1.18559
1.18509
1.18442
1.18359
1.18265
1.1816
1.18046
1.17925
1.17801
1.17679
1.17563
1.17461
1.17379
1.17317
1.17274
1.17245
1.1722
1.17196
1.17169
1.17141
1.17117
1.17103
1.17105
1.17125
1.17162
1.17215
1.17282
1.17364
1.17463
1.17585
1.17734
1.17914
1.18124
1.18361
1.18618
1.18885
1.19151
1.19409
1.1965
1.19868
1.2006
1.20224
1.20357
1.20459
1.2053
1.2057
1.20578
1.20553
1.20491
1.2039
1.20241
1.20031
1.19742
1.19346
1.18809
1.1809
1.17156
1.16012
1.14747
1.1357
1.12791
1.12668
1.13247
1.14326
1.15601
1.1682
1.17846
1.18637
1.19206
1.19588
1.19822
1.19941
1.19972
1.19935
1.19842
1.19702
1.1952
1.19299
1.19043
1.18754
1.18438
1.18101
1.17755
1.17415
1.17102
1.1684
1.16652
1.16555
1.16556
1.16648
1.16813
1.17024
1.17257
1.17491
1.17714
1.17918
1.18103
1.18267
1.18409
1.18527
1.18617
1.18678
1.18708
1.18708
1.18681
1.1863
1.18561
1.1848
1.18394
1.18308
1.18227
1.18155
1.18094
1.18046
1.18011
1.17987
1.17974
1.17968
1.17967
1.1797
1.17974
1.17976
1.17976
1.17973
1.17964
1.1795
1.1793
1.17903
1.1787
1.17831
1.17786
1.17736
1.17682
1.17624
1.17566
1.17508
1.17453
1.17403
1.1736
1.17326
1.17304
1.17295
1.17299
1.17318
1.17352
1.17399
1.1746
1.17532
1.17615
1.17705
1.17799
1.17895
1.17986
1.18066
1.18127
1.18156
1.18138
1.18055
1.17886
1.1761
1.17213
1.167
1.16112
1.15535
1.15093
1.14905
1.15023
1.15403
1.15923
1.16443
1.16858
1.17118
1.17228
1.17238
1.17226
1.17275
1.17439
1.1773
1.18112
1.18528
1.18923
1.19259
1.19517
1.19697
1.19806
1.19855
1.19857
1.19826
1.1977
1.19699
1.19621
1.19542
1.19465
1.19395
1.1933
1.19269
1.19206
1.19132
1.19036
1.18902
1.18715
1.18461
1.18134
1.17749
1.17345
1.16992
1.1677
1.16734
1.16881
1.17148
1.17433
1.1765
1.17759
1.17776
1.17763
1.17801
1.17946
1.18211
1.18559
1.18932
1.19272
1.1954
1.19718
1.19801
1.19792
1.19697
1.19528
1.19302
1.19046
1.18793
1.18581
1.18439
1.18372
1.18363
1.18374
1.18364
1.18309
1.18208
1.18084
1.17974
1.17909
1.17902
1.1794
1.17992
1.1802
1.17992
1.17884
1.17682
1.17382
1.16983
1.16499
1.15958
1.15413
1.14929
1.14569
1.14368
1.14326
1.14417
1.14615
1.14897
1.15239
1.15608
1.15966
1.16279
1.16528
1.16708
1.16829
1.1691
1.16968
1.17019
1.17074
1.17139
1.17214
1.17297
1.17383
1.17466
1.17544
1.17611
1.17667
1.1771
1.1774
1.17758
1.17764
1.1776
1.17745
1.17722
1.1769
1.17649
1.17602
1.17548
1.17488
1.17422
1.17353
1.1728
1.17204
1.17124
1.1704
1.16947
1.1684
1.16713
1.16556
1.16357
1.16107
1.15795
1.15417
1.14976
1.14487
1.13985
1.13529
1.13191
1.13046
1.13138
1.13463
1.13967
1.14568
1.15187
1.15764
1.16266
1.16681
1.17011
1.17266
1.17458
1.17599
1.17699
1.17762
1.17786
1.17764
1.17683
1.17526
1.17277
1.16924
1.16472
1.15952
1.15423
1.14964
1.14647
1.14508
1.14538
1.14691
1.14914
1.15165
1.15416
1.15654
1.15875
1.16082
1.16279
1.1647
1.16655
1.16827
1.1698
1.17103
1.17193
1.17251
1.17289
1.17322
1.1737
1.1745
1.17571
1.17733
1.17925
1.18132
1.18336
1.18516
1.18652
1.18726
1.18718
1.18611
1.18385
1.18024
1.17521
1.16882
1.16139
1.15357
1.14631
1.14068
1.13752
1.13705
1.13891
1.14231
1.14642
1.15061
1.15452
1.158
1.16103
1.16367
1.16595
1.1679
1.16953
1.1708
1.17167
1.17208
1.17201
1.17149
1.17059
1.1695
1.16849
1.16787
1.16795
1.1689
1.17072
1.17325
1.17619
1.17922
1.18207
1.18455
1.18658
1.18811
1.18917
1.18978
1.18999
1.18981
1.18927
1.18837
1.18711
1.18548
1.18347
1.18108
1.17833
1.17525
1.17192
1.16842
1.1649
1.16152
1.15845
1.1559
1.15405
1.15302
1.15288
1.15356
1.15492
1.15673
1.15876
1.16082
1.16277
1.16453
1.16604
1.16728
1.16821
1.16884
1.16919
1.16933
1.16939
1.16947
1.16968
1.17006
1.1706
1.17125
1.17191
1.17254
1.17307
1.1735
1.17382
1.17405
1.17416
1.17409
1.17376
1.17304
1.17181
1.16997
1.16748
1.16439
1.16085
1.15709
1.15336
1.14987
1.14677
1.14409
1.14181
1.13991
1.13836
1.13717
1.13635
1.1359
1.13583
1.13615
1.13688
1.13801
1.13955
1.14148
1.14372
1.14619
1.14875
1.15129
1.15366
1.15574
1.15745
1.15874
1.15963
1.1602
1.16061
1.16103
1.16163
1.16254
1.16377
1.16529
1.16696
1.16863
1.17014
1.17139
1.17228
1.17278
1.17287
1.17254
1.1718
1.17063
1.16901
1.1669
1.16425
1.16097
1.15699
1.15231
1.14704
1.14153
1.13635
1.13226
1.12991
1.12963
1.13124
1.13414
1.13761
1.14098
1.14375
1.14563
1.14651
1.14637
1.14532
1.14356
1.14135
1.13897
1.13668
1.13467
1.13303
1.13175
1.13078
1.13002
1.1294
1.12888
1.12847
1.12817
1.12802
1.12803
1.12821
1.12856
1.12905
1.12966
1.13035
1.13111
1.13191
1.13278
1.13372
1.13477
1.13594
1.13723
1.13858
1.13994
1.14123
1.14238
1.14332
1.14402
1.14446
1.14464
1.14458
1.14432
1.14392
1.14343
1.14292
1.14244
1.14204
1.14173
1.14154
1.14144
1.1414
1.1414
1.14138
1.14131
1.14118
1.14098
1.1407
1.14038
1.14007
1.13981
1.13966
1.1397
1.13997
1.14051
1.14132
1.14237
1.14363
1.14504
1.14652
1.14802
1.14948
1.15086
1.15211
1.15321
1.15412
1.15481
1.15526
1.15544
1.15533
1.15492
1.1542
1.1532
1.15196
1.15052
1.14896
1.14735
1.14576
1.14422
1.14276
1.14136
1.14002
1.13874
1.13757
1.13663
1.13608
1.1361
1.13685
1.13843
1.14082
1.14391
1.14749
1.15131
1.15511
1.15865
1.16171
1.16414
1.1658
1.16661
1.16653
1.1656
1.16396
1.16181
1.15949
1.15736
1.15578
1.15497
1.15498
1.15568
1.15682
1.15811
1.15931
1.16029
1.16096
1.16134
1.16146
1.16137
1.16111
1.16073
1.16024
1.15965
1.15895
1.15813
1.15721
1.1562
1.15516
1.15418
1.15335
1.15277
1.15249
1.1525
1.15272
1.153
1.15319
1.1531
1.15261
1.15159
1.14993
1.14752
1.14431
1.14037
1.13602
1.13192
1.12897
1.12792
1.12902
1.13184
1.13547
1.13901
1.14181
1.14362
1.14447
1.14457
1.14417
1.14352
1.1428
1.14217
1.14169
1.14143
1.14139
1.14157
1.14195
1.1425
1.14314
1.14384
1.14453
1.14516
1.1457
1.14612
1.14643
1.1466
1.14666
1.1466
1.14644
1.14618
1.14581
1.14534
1.14477
1.14409
1.14329
1.14238
1.14135
1.14022
1.13901
1.13776
1.13651
1.13534
1.13431
1.1335
1.13296
1.1327
1.1327
1.1329
1.13321
1.13351
1.13369
1.13366
1.13335
1.13273
1.13182
1.13069
1.12945
1.12822
1.12716
1.12639
1.12598
1.12593
1.12618
1.12664
1.12718
1.12771
1.12815
1.12848
1.1287
1.12879
1.12876
1.12854
1.12806
1.12718
1.12575
1.1237
1.12109
1.11821
1.11562
1.11408
1.11422
1.1163
1.12002
1.12465
1.12938
1.13357
1.13681
1.13895
1.13998
1.13998
1.13906
1.13741
1.13527
1.13295
1.13087
1.12948
1.12915
1.13006
1.13214
1.13513
1.13864
1.14228
1.14578
1.14897
1.15176
1.15416
1.15622
1.15798
1.15952
1.16089
1.16215
1.16333
1.16447
1.16559
1.1667
1.1678
1.16888
1.16992
1.17091
1.17182
1.1726
1.17324
1.17368
1.17391
1.17391
1.17366
1.17317
1.17247
1.1716
1.1706
1.16954
1.16851
1.16756
1.16678
1.16623
1.16597
1.16602
1.16641
1.16715
1.16822
1.16956
1.17111
1.17276
1.17441
1.17593
1.1772
1.17813
1.17866
1.17879
1.17857
1.17814
1.17763
1.17724
1.17708
1.17726
1.1778
1.17869
1.17988
1.18135
1.18303
1.18484
1.18667
1.18839
1.18985
1.19092
1.19149
1.19154
1.19109
1.19027
1.18923
1.18818
1.1873
1.18672
1.18651
1.18661
1.18692
1.18727
1.1875
1.1875
1.18723
1.18671
1.18603
1.18532
1.18473
1.18436
1.18428
1.18451
1.185
1.18568
1.18644
1.18718
1.18781
1.18823
1.1884
1.1883
1.18791
1.18725
1.18636
1.18526
1.18401
1.18264
1.18118
1.17963
1.178
1.17629
1.17451
1.17268
1.17086
1.16913
1.16756
1.16621
1.16508
1.16413
1.16328
1.1624
1.16142
1.16028
1.15908
1.15805
1.1576
1.1581
1.15974
1.16241
1.16572
1.16916
1.17233
1.175
1.1771
1.17866
1.17978
1.18055
1.18107
1.18143
1.1817
1.18195
1.18221
1.18252
1.18288
1.18328
1.18368
1.18404
1.18433
1.1845
1.18454
1.1844
1.18407
1.18355
1.18282
1.18188
1.18073
1.17935
1.17774
1.17588
1.17375
1.17134
1.16864
1.16565
1.16241
1.15902
1.15561
1.1524
1.14963
1.14754
1.14633
1.14609
1.14679
1.14827
1.1503
1.15265
1.1551
1.15754
1.15992
1.16224
1.16455
1.16687
1.16921
1.17151
1.17373
1.17577
1.17757
1.17908
1.18027
1.18116
1.18177
1.18213
1.1823
1.18232
1.18224
1.1821
1.18192
1.18175
1.18159
1.18146
1.18138
1.18133
1.18134
1.18139
1.18149
1.18163
1.18183
1.18208
1.18239
1.18276
1.1832
1.18368
1.18418
1.18464
1.18499
1.1851
1.18483
1.18396
1.18226
1.17949
1.17537
1.16974
1.16258
1.15412
1.14498
1.13613
1.1288
1.12421
1.12326
1.12619
1.13244
1.14095
1.1505
1.16017
1.16941
1.17798
1.18576
1.19271
1.19874
1.20376
1.20768
1.21039
1.2118
1.21187
1.21068
1.20842
1.20546
1.20225
1.19925
1.1967
1.19455
1.19253
1.19029
1.18765
1.18474
1.18198
1.17993
1.17908
1.17964
1.18149
1.18424
1.18745
1.19076
1.19391
1.19681
1.19941
1.20172
1.20375
1.20553
1.20704
1.2083
1.20931
1.21003
1.21047
1.21063
1.21051
1.21016
1.20965
1.20907
1.20852
1.20809
1.20783
1.20773
1.20776
1.20782
1.20783
1.20768
1.20734
1.2068
1.20611
1.20535
1.20464
1.20408
1.20372
1.20356
1.20356
1.20363
1.20366
1.20357
1.20332
1.20291
1.20241
1.2019
1.20152
1.20141
1.2017
1.20247
1.20373
1.20541
1.20737
1.2094
1.21124
1.21263
1.21332
1.21305
1.21164
1.20901
1.20526
1.20081
1.19641
1.19307
1.19165
1.19252
1.19534
1.1993
1.2035
1.20729
1.21034
1.21258
1.21408
1.21495
1.21529
1.21519
1.21468
1.21379
1.21256
1.21103
1.20927
1.20741
1.20563
1.20413
1.20312
1.20277
1.20317
1.20428
1.20597
1.20804
1.2103
1.21256
1.21473
1.21674
1.21858
1.22026
1.2218
1.22321
1.22451
1.22568
1.22672
1.22757
1.22816
1.22839
1.22813
1.22728
1.22571
1.22338
1.22036
1.21684
1.21321
1.21002
1.20786
1.20718
1.20817
1.21061
1.21406
1.21798
1.2219
1.22552
1.22869
1.23135
1.23355
1.23533
1.23674
1.23783
1.23863
1.23916
1.23942
1.23938
1.23901
1.23823
1.23695
1.23509
1.23259
1.22951
1.22611
1.22284
1.22026
1.21886
1.21875
1.21965
1.22101
1.22225
1.22299
1.22314
1.22283
1.2223
1.22177
1.22145
1.22139
1.22161
1.22201
1.22255
1.22315
1.22382
1.22458
1.22548
1.22653
1.22773
1.22903
1.23037
1.23169
1.23291
1.23395
1.23474
1.23521
1.23532
1.23509
1.23453
1.23371
1.23269
1.23155
1.23037
1.22922
1.22815
1.2272
1.2264
1.22576
1.22526
1.22488
1.2246
1.22438
1.22418
1.22396
1.22371
1.22339
1.223
1.22253
1.222
1.22141
1.22076
