1.83007
1.82884
1.82735
1.82543
1.82283
1.81925
1.81433
1.80771
1.79908
1.78831
1.77565
1.76209
1.74956
1.74079
1.7384
1.74365
1.7557
1.77205
1.78982
1.80669
1.82127
1.83304
1.84197
1.84835
1.85255
1.85497
1.85597
1.85589
1.85503
1.85369
1.85213
1.85058
1.84921
1.84811
1.84729
1.84665
1.84608
1.84538
1.84441
1.84302
1.8411
1.83859
1.83546
1.83172
1.82742
1.82263
1.81749
1.8122
1.80704
1.80236
1.79858
1.79607
1.79513
1.79587
1.79817
1.80172
1.80609
1.81081
1.81545
1.81965
1.82313
1.82567
1.82713
1.82743
1.82659
1.82472
1.82204
1.81873
1.81493
1.81066
1.80583
1.80042
1.79472
1.78949
1.78599
1.7856
1.78925
1.79697
1.80775
1.81996
1.83191
1.84229
1.85037
1.85589
1.85895
1.85983
1.85891
1.85661
1.85336
1.84956
1.84559
1.84176
1.83827
1.83517
1.8324
1.82978
1.82713
1.82429
1.82122
1.818
1.81484
1.81201
1.80974
1.80818
1.8074
1.80733
1.80787
1.80888
1.81018
1.81157
1.81287
1.81398
1.8149
1.81572
1.81662
1.81775
1.8192
1.82099
1.82307
1.82536
1.82776
1.8302
1.83266
1.83513
1.83759
1.84005
1.84245
1.84477
1.84694
1.84891
1.85063
1.85207
1.85322
1.85408
1.85469
1.85507
1.85527
1.85529
1.85514
1.8548
1.85426
1.85346
1.85235
1.85085
1.84887
1.84629
1.84298
1.83877
1.83352
1.82718
1.81989
1.81204
1.80435
1.79771
1.79291
1.79034
1.78998
1.79156
1.79476
1.79922
1.80444
1.80976
1.81451
1.81818
1.82056
1.82173
1.82196
1.82161
1.821
1.82033
1.81968
1.81896
1.81802
1.81668
1.81482
1.81246
1.80982
1.80725
1.80523
1.80423
1.80461
1.80648
1.80976
1.81413
1.8192
1.82449
1.82962
1.83426
1.8382
1.84134
1.84362
1.84508
1.84576
1.84575
1.84515
1.84404
1.84253
1.8407
1.83859
1.83619
1.83344
1.83019
1.82625
1.82143
1.81553
1.80853
1.80057
1.79204
1.78355
1.77572
1.76896
1.76326
1.75829
1.75363
1.74914
1.74508
1.742
1.74042
1.74046
1.74179
1.7438
1.74587
1.74767
1.74918
1.75067
1.75247
1.75491
1.7581
1.76191
1.766
1.76993
1.77327
1.77571
1.77707
1.77732
1.77652
1.7748
1.77232
1.7693
1.76592
1.76241
1.75896
1.75576
1.75294
1.75059
1.74872
1.74729
1.74618
1.74526
1.74438
1.74341
1.74223
1.74081
1.73913
1.73724
1.73523
1.73319
1.73124
1.72946
1.72791
1.72661
1.72556
1.72471
1.724
1.72337
1.72277
1.72215
1.72145
1.72064
1.71966
1.71846
1.71698
1.7152
1.7131
1.71073
1.70818
1.70561
1.7032
1.70116
1.69965
1.69875
1.69847
1.69871
1.69931
1.70007
1.70082
1.70139
1.70166
1.70156
1.70108
1.70025
1.69914
1.69789
1.69665
1.6956
1.69489
1.69465
1.69494
1.69575
1.697
1.69856
1.70027
1.70194
1.70339
1.70442
1.70488
1.70465
1.70364
1.70188
1.69946
1.6966
1.69363
1.69093
1.68885
1.68761
1.68719
1.68739
1.68785
1.6882
1.68814
1.68753
1.68641
1.68504
1.68385
1.68338
1.68421
1.68673
1.69103
1.69685
1.70367
1.71085
1.7178
1.72409
1.72947
1.73381
1.7371
1.7394
1.7408
1.74143
1.7414
1.74087
1.73999
1.73889
1.73772
1.73658
1.73556
1.73465
1.73381
1.7329
1.73172
1.73004
1.72765
1.72445
1.72056
1.71646
1.713
1.71124
1.71205
1.71569
1.72166
1.72888
1.73614
1.74246
1.74721
1.7501
1.75107
1.7502
1.74773
1.74414
1.74026
1.73728
1.73654
1.73903
1.74484
1.75306
1.76222
1.77089
1.77807
1.78328
1.7864
1.7875
1.78666
1.7839
1.7792
1.77258
1.76433
1.75526
1.74681
1.74069
1.73818
1.73932
1.74291
1.74721
1.75079
1.753
1.75393
1.75417
1.75444
1.75535
1.75731
1.76038
1.7644
1.76903
1.7739
1.77867
1.78308
1.787
1.79038
1.79324
1.79564
1.79766
1.79936
1.80077
1.80194
1.80285
1.80351
1.80391
1.80403
1.8039
1.80351
1.80288
1.80204
1.801
1.79974
1.79827
1.79656
1.79458
1.79229
1.78969
1.78679
1.7836
1.78018
1.7766
1.77292
1.76922
1.76555
1.76197
1.75856
1.75539
1.75257
1.7502
1.74843
1.74736
1.74708
1.74762
1.74895
1.75095
1.75346
1.75626
1.75912
1.76182
1.76417
1.766
1.7672
1.76774
1.7676
1.76683
1.76552
1.76382
1.7619
1.75993
1.75809
1.75656
1.75544
1.75482
1.75473
1.75515
1.75603
1.75728
1.7588
1.7605
1.76224
1.76393
1.76547
1.76676
1.76772
1.7683
1.76844
1.7681
1.76725
1.76587
1.76401
1.76173
1.75917
1.75653
1.75409
1.75214
1.75096
1.75073
1.75148
1.75312
1.75542
1.75807
1.76079
1.7633
1.76537
1.76683
1.76757
1.76749
1.76656
1.7648
1.76228
1.75911
1.75544
1.75141
1.74715
1.74279
1.73848
1.73451
1.73134
1.72958
1.7299
1.73273
1.73812
1.74562
1.75447
1.76377
1.77272
1.78075
1.78752
1.79289
1.79684
1.79944
1.80079
1.80096
1.80005
1.79809
1.79512
1.79119
1.78641
1.781
1.77535
1.77003
1.76582
1.76348
1.76363
1.76648
1.77174
1.7787
1.78643
1.79403
1.80075
1.80607
1.80974
1.81167
1.81197
1.81091
1.80888
1.80631
1.80363
1.80116
1.79903
1.79715
1.79534
1.79339
1.79119
1.7888
1.7864
1.78425
1.78259
1.78157
1.78119
1.78135
1.78186
1.78252
1.78309
1.78334
1.78297
1.78169
1.77921
1.77533
1.77001
1.76346
1.75629
1.74954
1.74458
1.74275
1.74492
1.75107
1.76022
1.7708
1.78111
1.78974
1.79589
1.79935
1.80047
1.80006
1.79911
1.7986
1.79919
1.80113
1.80418
1.80783
1.81146
1.81457
1.81681
1.81802
1.81821
1.81749
1.81603
1.81405
1.81178
1.80946
1.8073
1.80551
1.80425
1.80364
1.80373
1.80453
1.806
1.80803
1.81048
1.81319
1.81599
1.81868
1.82109
1.82304
1.82438
1.82493
1.82457
1.82316
1.82061
1.81684
1.81184
1.80567
1.79849
1.79058
1.78236
1.77432
1.76704
1.76103
1.7567
1.75424
1.75366
1.75478
1.7573
1.76082
1.7649
1.76911
1.77309
1.77657
1.77945
1.78176
1.78363
1.78524
1.7868
1.78843
1.79021
1.7921
1.79399
1.79569
1.79695
1.79749
1.79704
1.79535
1.79228
1.78787
1.78249
1.77691
1.77217
1.76932
1.76896
1.77089
1.77426
1.77788
1.78072
1.78206
1.78156
1.77912
1.77482
1.76886
1.76156
1.7534
1.74501
1.73712
1.73049
1.72574
1.7233
1.72326
1.72536
1.72908
1.7337
1.73853
1.74303
1.74685
1.74983
1.75192
1.75314
1.75356
1.75326
1.75233
1.75089
1.74906
1.74702
1.74492
1.74294
1.74124
1.73991
1.73902
1.73855
1.73842
1.73853
1.73875
1.73897
1.73909
1.73906
1.73883
1.7384
1.73778
1.73697
1.73598
1.73481
1.73345
1.73187
1.73004
1.7279
1.72539
1.72248
1.71909
1.71521
1.71081
1.7059
1.70054
1.69482
1.68891
1.68306
1.67757
1.67281
1.66916
1.66693
1.66636
1.66752
1.67027
1.67431
1.67919
1.68444
1.68957
1.6942
1.69806
1.70099
1.70295
1.70396
1.70414
1.70363
1.7026
1.70124
1.69972
1.69822
1.69684
1.69569
1.69477
1.69409
1.69357
1.69309
1.69255
1.69179
1.6907
1.68918
1.6872
1.68484
1.68228
1.67984
1.67789
1.6768
1.67679
1.67789
1.6799
1.68246
1.68516
1.68764
1.68964
1.69103
1.69175
1.69184
1.69136
1.69038
1.68899
1.68725
1.68522
1.68294
1.68047
1.6779
1.67534
1.67299
1.67111
1.67
1.66993
1.67108
1.67342
1.67676
1.68072
1.68486
1.68873
1.69198
1.69439
1.69583
1.69631
1.69594
1.69494
1.69363
1.69237
1.69155
1.69145
1.69219
1.69371
1.6958
1.69816
1.70052
1.70264
1.70437
1.70568
1.70654
1.70701
1.70714
1.70699
1.7066
1.70603
1.70528
1.70441
1.70344
1.70245
1.70151
1.70075
1.70031
1.7003
1.70082
1.70187
1.70338
1.70521
1.70717
1.70906
1.71074
1.7121
1.71315
1.71398
1.71475
1.71567
1.71692
1.7186
1.72071
1.72312
1.72558
1.72781
1.7295
1.73035
1.73005
1.72833
1.72493
1.71967
1.71256
1.70401
1.69502
1.68727
1.68268
1.68266
1.68733
1.69545
1.70505
1.71424
1.72175
1.72691
1.72958
1.73003
1.72883
1.7269
1.72532
1.72511
1.72687
1.73062
1.7358
1.7416
1.74723
1.75219
1.75622
1.75932
1.76161
1.76327
1.76448
1.76541
1.76615
1.76675
1.76718
1.7673
1.7669
1.76571
1.76337
1.75956
1.75414
1.74731
1.7399
1.73342
1.72968
1.73002
1.7345
1.74192
1.75049
1.75867
1.76557
1.77092
1.77487
1.77767
1.77964
1.78101
1.78192
1.78247
1.78266
1.7825
1.78195
1.781
1.77964
1.7779
1.77587
1.77364
1.77135
1.76916
1.76721
1.76564
1.76452
1.76388
1.76374
1.76405
1.76478
1.76587
1.76727
1.76896
1.77087
1.77296
1.77516
1.77744
1.77972
1.78196
1.78413
1.7862
1.78816
1.79001
1.79175
1.79339
1.79494
1.79634
1.79753
1.79839
1.79877
1.79854
1.79759
1.79588
1.79343
1.79036
1.78687
1.78322
1.77971
1.77662
1.77411
1.77222
1.77074
1.76925
1.76715
1.76375
1.75846
1.75096
1.74147
1.73094
1.72107
1.71401
1.7116
1.71465
1.72257
1.73368
1.74591
1.7574
1.76686
1.77354
1.77711
1.77754
1.775
1.76991
1.76304
1.75562
1.74919
1.74526
1.74466
1.74717
1.75173
1.75696
1.76174
1.76541
1.76775
1.76882
1.7688
1.7679
1.76632
1.76424
1.7618
1.75912
1.75634
1.75358
1.75099
1.74869
1.74682
1.74548
1.74473
1.74454
1.74486
1.74555
1.74642
1.74728
1.74791
1.74814
1.74779
1.74676
1.745
1.74254
1.73949
1.73612
1.73279
1.72999
1.72819
1.72779
1.72895
1.7315
1.735
1.73885
1.74243
1.7452
1.74684
1.7472
1.74637
1.74466
1.74258
1.74075
1.73981
1.74028
1.74238
1.74608
1.75104
1.75684
1.763
1.76912
1.77488
1.78009
1.78461
1.78838
1.79138
1.79359
1.79503
1.7957
1.79562
1.7948
1.79326
1.79101
1.78812
1.78467
1.78078
1.77665
1.7725
1.7686
1.76524
1.76267
1.76107
1.76055
1.7611
1.76263
1.76497
1.76792
1.7713
1.7749
1.77859
1.78223
1.78573
1.789
1.79198
1.79458
1.79676
1.79843
1.79956
1.80009
1.79999
1.79926
1.79791
1.796
1.79363
1.79095
1.78812
1.78534
1.78279
1.78061
1.77888
1.77762
1.77678
1.77628
1.77601
1.7759
1.77588
1.7759
1.77593
1.77595
1.77593
1.77581
1.77555
1.77511
1.77455
1.77402
1.7738
1.77429
1.77582
1.77859
1.78254
1.78733
1.79249
1.79755
1.80214
1.80604
1.80918
1.81156
1.81327
1.81436
1.8149
1.81487
1.81424
1.81284
1.81049
1.80691
1.80179
1.79488
1.78601
1.77533
1.7634
1.75131
1.74068
1.73341
1.73111
1.73455
1.74323
1.7555
1.76924
1.7825
1.79395
1.80293
1.80926
1.81305
1.81449
1.8138
1.81119
1.80696
1.80151
1.79546
1.7896
1.78475
1.78152
1.78
1.77976
1.78002
1.78001
1.77924
1.77763
1.77556
1.77366
1.77267
1.77309
1.77503
1.77817
1.78191
1.78558
1.78861
1.79064
1.7915
1.79114
1.78961
1.78703
1.78353
1.77933
1.77467
1.7698
1.76503
1.76057
1.75662
1.75329
1.75066
1.74879
1.74775
1.74767
1.7487
1.75097
1.75454
1.75931
1.76501
1.77117
1.77726
1.78275
1.78719
1.79027
1.79186
1.79191
1.79051
1.78784
1.78415
1.77976
1.77504
1.77038
1.76613
1.76255
1.75983
1.75805
1.75723
1.75728
1.75802
1.75917
1.76034
1.76114
1.7612
1.76026
1.75818
1.75495
1.75066
1.74552
1.73978
1.73385
1.72824
1.72357
1.72044
1.71933
1.7204
1.72347
1.72807
1.73362
1.73961
1.74564
1.75147
1.75693
1.76187
1.76615
1.7696
1.77205
1.77337
1.77342
1.77214
1.76948
1.76543
1.76005
1.75345
1.74586
1.73763
1.72929
1.72147
1.71494
1.7104
1.70836
1.709
1.71209
1.71708
1.72325
1.72984
1.73624
1.74197
1.74677
1.75052
1.7532
1.75491
1.75575
1.75591
1.75556
1.75491
1.75415
1.75341
1.75281
1.75239
1.75215
1.75202
1.75195
1.75186
1.75169
1.75144
1.75114
1.75084
1.75065
1.75067
1.751
1.75172
1.75285
1.7544
1.75631
1.7585
1.76086
1.76327
1.76557
1.76761
1.76915
1.76993
1.76965
1.76793
1.76442
1.75882
1.75101
1.74116
1.72986
1.71817
1.70751
1.69948
1.6954
1.69589
1.70044
1.70752
1.71502
1.72104
1.72449
1.72558
1.72577
1.72699
1.73055
1.73618
1.74225
1.74684
1.74863
1.74732
1.74344
1.73806
1.73247
1.728
1.72581
1.72672
1.73098
1.73813
1.7471
1.75661
1.76552
1.77313
1.77916
1.78363
1.78675
1.78876
1.78995
1.79053
1.79069
1.7906
1.79037
1.79009
1.78983
1.78962
1.78951
1.7895
1.78961
1.78984
1.79018
1.79063
1.79118
1.79182
1.79255
1.79335
1.79423
1.79517
1.79617
1.79721
1.79828
1.79936
1.80043
1.80146
1.8024
1.80323
1.8039
1.80438
1.80462
1.80461
1.8043
1.80369
1.80277
1.80157
1.80011
1.79844
1.79662
1.79473
1.79283
1.79102
1.78936
1.78793
1.78677
1.78595
1.78548
1.78539
1.78565
1.78623
1.78704
1.788
1.78902
1.78999
1.7909
1.79176
1.79267
1.79378
1.79529
1.79742
1.80033
1.80409
1.80866
1.81381
1.81918
1.82431
1.82869
1.83188
1.83348
1.83326
1.83115
1.82733
1.82227
1.81681
1.812
1.8088
1.80769
1.80838
1.80989
1.81094
1.81042
1.80766
1.80255
1.79556
1.78775
1.78063
1.77591
1.775
1.77846
1.78582
1.79584
1.80702
1.81808
1.82818
1.8369
1.84413
1.84993
1.85442
1.85777
1.86013
1.86166
1.86249
1.86274
1.86254
1.86198
1.86114
1.86007
1.85878
1.85724
1.85538
1.85309
1.85026
1.84679
1.84267
1.83796
1.8329
1.82786
1.82331
1.8197
1.8173
1.81609
1.81574
1.81572
1.81557
1.81502
1.81409
1.81301
1.8121
1.81156
1.81137
1.81131
1.81103
1.81017
1.80849
1.80593
1.80265
1.79906
1.79577
1.79343
1.79264
1.79372
1.79665
1.80101
1.80612
1.81117
1.8154
1.81826
1.81941
1.81877
1.81651
1.81295
1.80861
1.80408
1.8
1.79686
1.79497
1.79428
1.79449
1.79516
1.7959
1.79651
1.79701
1.79757
1.79839
1.79962
1.80131
1.80344
1.80589
1.80856
1.81127
1.81387
1.81616
1.81791
1.81885
1.81871
1.81718
1.814
1.80903
1.80232
1.79432
1.78586
1.77809
1.77205
1.76826
1.76641
1.76561
1.76483
1.76328
1.76059
1.75676
1.75199
1.74661
1.74095
1.73535
1.73018
1.72583
1.72269
1.72113
1.72143
1.72371
1.7279
1.73374
1.74082
1.74863
1.75668
1.76448
1.77164
1.77785
1.78294
1.7868
1.78944
1.79092
1.79135
1.79088
1.78968
1.78795
1.78588
1.78365
1.78143
1.77933
1.77744
1.7758
1.77439
1.77317
1.77209
1.77111
1.77017
1.76926
1.76839
1.76757
1.76685
1.76627
1.76589
1.76575
1.76588
1.76628
1.7669
1.76769
1.76852
1.76925
1.76971
1.76971
1.76907
1.76762
1.7652
1.76173
1.75721
1.75178
1.7457
1.7394
1.73339
1.72812
1.72392
1.72089
1.71893
1.71789
1.71769
1.71834
1.71991
1.72243
1.72578
1.72966
1.73371
1.73759
1.74111
1.74428
1.74729
1.75044
1.75405
1.75842
1.76375
1.77007
1.77718
1.7847
1.79212
1.79899
1.80495
1.80987
1.81378
1.81683
1.81926
1.82129
1.82314
1.82492
1.8267
1.82846
1.83015
1.83166
1.8329
1.83376
1.83417
1.83404
1.83329
1.83187
1.82974
1.82686
1.82326
1.81897
1.81409
1.80874
1.80307
1.79725
1.79141
1.78569
1.78013
1.77472
1.76929
1.7635
1.75686
1.74884
1.73926
1.72891
1.71997
1.71557
1.71805
1.72716
1.74008
1.75328
1.76431
1.77226
1.77729
1.78008
1.78142
1.78202
1.78239
1.78289
1.78369
1.78483
1.78622
1.78773
1.78919
1.79041
1.79121
1.79146
1.79102
1.78981
1.78777
1.78485
1.78103
1.77634
1.77088
1.76489
1.75882
1.75328
1.74904
1.74676
1.74678
1.74898
1.7528
1.75746
1.76222
1.76649
1.76993
1.77235
1.77367
1.77383
1.77282
1.77059
1.76714
1.76254
1.75698
1.75089
1.74487
1.73967
1.73592
1.73391
1.73353
1.73427
1.73556
1.73697
1.73831
1.73964
1.74113
1.74293
1.7451
1.74761
1.75038
1.75333
1.75641
1.75958
1.76284
1.76619
1.76958
1.773
1.77637
1.77964
1.78275
1.78561
1.78816
1.79034
1.79209
1.79336
1.79409
1.79421
1.79368
1.79242
1.79036
1.78745
1.78365
1.779
1.77362
1.76776
1.76182
1.75623
1.75138
1.74748
1.74448
1.7422
1.74044
1.73912
1.73837
1.73848
1.73978
1.74257
1.74702
1.75307
1.76041
1.76845
1.77644
1.78365
1.78948
1.79355
1.7957
1.79597
1.79453
1.79169
1.78782
1.78339
1.77893
1.77495
1.77191
1.7701
1.76963
1.77038
1.77211
1.77449
1.77721
1.77999
1.78263
1.78499
1.78695
1.78848
1.78952
1.79006
1.79012
1.78969
1.78879
1.78744
1.78559
1.78321
1.78016
1.77631
1.77147
1.76553
1.75856
1.75095
1.74346
1.73708
1.73262
1.73033
1.72968
1.7297
1.72941
1.72818
1.72578
1.72221
1.71752
1.7118
1.70534
1.69893
1.69392
1.69192
1.69408
1.70033
1.70935
1.71929
1.72855
1.73617
1.74186
1.74571
1.74799
1.74903
1.74909
1.74839
1.74707
1.7452
1.74279
1.73976
1.73596
1.73116
1.72503
1.71728
1.70767
1.69626
1.6837
1.6714
1.66151
1.65626
1.65687
1.66285
1.67233
1.68304
1.69321
1.70189
1.70881
1.71411
1.71809
1.72107
1.72335
1.72514
1.72659
1.72778
1.72879
1.72963
1.73031
1.73083
1.73117
1.73131
1.73125
1.73095
1.73041
1.7296
1.72853
1.72721
1.72565
1.72392
1.72208
1.72024
1.71849
1.71694
1.71564
1.7146
1.71379
1.71309
1.71237
1.71148
1.71031
1.70878
1.70689
1.70474
1.70251
1.70051
1.69906
1.69846
1.69891
1.70042
1.70279
1.70562
1.7084
1.71059
1.71172
1.71147
1.70975
1.70683
1.70337
1.70027
1.69846
1.6985
1.70026
1.70305
1.70589
1.70802
1.70912
1.70946
1.70976
1.71082
1.71327
1.71722
1.72229
1.72786
1.73326
1.73802
1.7419
1.74485
1.74696
1.74837
1.74922
1.74967
1.74984
1.74984
1.74977
1.7497
1.7497
1.74984
1.75015
1.75069
1.75147
1.75251
1.75377
1.75521
1.75676
1.7583
1.75968
1.76073
1.76128
1.76115
1.76021
1.7584
1.75575
1.75243
1.7487
1.74496
1.7416
1.73892
1.73708
1.73602
1.73546
1.73499
1.73409
1.73221
1.72876
1.72332
1.7159
1.70743
1.70008
1.69676
1.69964
1.70856
1.72108
1.73402
1.74508
1.75331
1.75883
1.76226
1.76437
1.76584
1.7672
1.7688
1.77079
1.77324
1.7761
1.7793
1.78271
1.78622
1.78969
1.79295
1.79585
1.79819
1.79978
1.80041
1.79988
1.79796
1.79447
1.78919
1.78196
1.77265
1.76115
1.74743
1.7316
1.71413
1.69611
1.67945
1.66667
1.66022
1.66147
1.67008
1.68412
1.70098
1.7182
1.73404
1.74752
1.75827
1.76634
1.77201
1.77565
1.77769
1.77851
1.77843
1.77771
1.77653
1.77501
1.7732
1.77116
1.76894
1.7666
1.7642
1.76179
1.75942
1.75704
1.75458
1.7519
1.74883
1.74522
1.74108
1.73659
1.73221
1.7286
1.72639
1.72595
1.72718
1.72955
1.73236
1.73494
1.73686
1.73797
1.73829
1.73795
1.73709
1.73583
1.73422
1.73228
1.72998
1.72732
1.72432
1.72103
1.71755
1.71402
1.71061
1.70748
1.70477
1.70259
1.70096
1.69987
1.69924
1.69896
1.69891
1.69897
1.69905
1.69912
1.69914
1.69913
1.69916
1.69926
1.69949
1.6999
1.70051
1.7013
1.70226
1.70333
1.70447
1.7056
1.70669
1.70767
1.70853
1.70925
1.70983
1.71026
1.71054
1.71069
1.71069
1.71054
1.71021
1.70966
1.70885
1.70769
1.70609
1.70394
1.7011
1.69748
1.69298
1.68765
1.68168
1.6755
1.66978
1.66535
1.66293
1.66288
1.66501
1.66864
1.67287
1.67684
1.67996
1.68195
1.68281
1.68277
1.68215
1.68132
1.6806
1.6802
1.68021
1.68057
1.68118
1.68186
1.68247
1.68291
1.68319
1.68343
1.68387
1.68486
1.68675
1.68982
1.69416
1.69963
1.70588
1.71243
1.71881
1.72459
1.72948
1.73326
1.7358
1.73706
1.73703
1.73577
1.7334
1.73012
1.72619
1.72191
1.71752
1.71315
1.70883
1.70452
1.7002
1.69594
1.69193
1.68842
1.68561
1.6836
1.68229
1.68148
1.68093
1.68047
1.67999
1.67948
1.67897
1.67851
1.67816
1.67799
1.6781
1.67867
1.67992
1.68212
1.68542
1.68979
1.69493
1.7003
1.70525
1.70911
1.71134
1.71165
1.71
1.70669
1.70234
1.69784
1.6941
1.69184
1.69135
1.69247
1.69468
1.69734
1.69987
1.70185
1.70304
1.70336
1.70286
1.70172
1.70023
1.69868
1.69739
1.69656
1.69629
1.69652
1.69711
1.6978
1.69838
1.69863
1.69843
1.69773
1.69655
1.69502
1.69331
1.69165
1.69027
1.68939
1.68916
1.68962
1.69072
1.69232
1.69422
1.69618
1.69798
1.69942
1.70033
1.70059
1.70008
1.69874
1.69653
1.69345
1.68959
1.68514
1.6804
1.67579
1.67177
1.66881
1.6672
1.66702
1.66811
1.67014
1.67271
1.67546
1.67811
1.68049
1.68253
1.6842
1.68554
1.68659
1.6874
1.68801
1.68849
1.6889
1.68933
1.68982
1.69042
1.69115
1.692
1.6929
1.69379
1.69456
1.69513
1.69547
1.69556
1.69542
1.69512
1.69469
1.69414
1.69341
1.69238
1.69092
1.68899
1.68669
1.68431
1.68229
1.6811
1.68107
1.68232
1.68466
1.68776
1.69122
1.69473
1.69809
1.70124
1.70415
1.70682
1.70923
1.7113
1.71298
1.71419
1.71492
1.71519
1.715
1.71432
1.71304
1.71097
1.70792
1.70388
1.6992
1.69473
1.69164
1.69093
1.69279
1.69647
1.70069
1.70424
1.70647
1.70725
1.70686
1.70574
1.70437
1.70317
1.70246
1.70247
1.70324
1.70471
1.70665
1.70867
1.71032
1.71107
1.71045
1.70811
1.70404
1.69865
1.69286
1.68797
1.68535
1.68594
1.68995
1.69683
1.70562
1.7152
1.72462
1.73317
1.7404
1.74612
1.75027
1.75294
1.75423
1.75427
1.75316
1.75098
1.7478
1.74369
1.73873
1.73306
1.72688
1.72042
1.71399
1.70792
1.70252
1.69804
1.69467
1.69249
1.69148
1.69147
1.69219
1.69321
1.69407
1.69436
1.69381
1.69242
1.69054
1.6887
1.68754
1.68746
1.68851
1.69034
1.6924
1.69421
1.69551
1.69633
1.69697
1.69786
1.69944
1.70195
1.70543
1.70969
1.71437
1.7191
1.72356
1.72754
1.73092
1.73371
1.73594
1.73768
1.73905
1.74011
1.74096
1.74165
1.74225
1.74277
1.74326
1.7437
1.74409
1.74442
1.74465
1.74473
1.74461
1.74422
1.74349
1.74235
1.74074
1.7386
1.73594
1.7328
1.72929
1.72557
1.72183
1.71825
1.71493
1.71184
1.70889
1.70593
1.70287
1.69977
1.69683
1.69439
1.69279
1.69226
1.6929
1.69464
1.69735
1.7009
1.70521
1.71019
1.71571
1.72155
1.72739
1.73286
1.73757
1.74121
1.74356
1.7445
1.74404
1.74233
1.73966
1.73649
1.73343
1.73109
1.72999
1.73039
1.7322
1.73507
1.73848
1.74194
1.74504
1.74754
1.74933
1.75041
1.75084
1.75073
1.7502
1.74935
1.7483
1.74714
1.74594
1.74475
1.74359
1.74247
1.74139
1.74031
1.73922
1.73809
1.73688
1.73554
1.73403
1.73228
1.73021
1.72775
1.72485
1.7215
1.71775
1.71372
1.70959
1.70554
1.70181
1.69864
1.69636
1.6953
1.69578
1.69794
1.70162
1.70639
1.71164
1.71678
1.72133
1.72501
1.72774
1.72954
1.73056
1.73097
1.73098
1.73076
1.73047
1.7302
1.72998
1.72978
1.72949
1.72897
1.72801
1.72638
1.72382
1.72011
1.71504
1.70858
1.70086
1.69231
1.68366
1.67589
1.67002
1.66688
1.66685
1.66978
1.6751
1.68196
1.68952
1.69703
1.70398
1.71005
1.7151
1.71914
1.72223
1.72448
1.72601
1.72692
1.72729
1.72717
1.72659
1.72559
1.72416
1.7223
1.72001
1.71729
1.71412
1.71051
1.70644
1.7019
1.69687
1.69128
1.68509
1.67826
1.67083
1.66303
1.65531
1.6484
1.6432
1.6405
1.64072
1.64367
1.64866
1.65474
1.66103
1.66686
1.67188
1.67596
1.67914
1.68156
1.68339
1.6848
1.68593
1.68691
1.68782
1.6887
1.68959
1.69048
1.69137
1.69225
1.69311
1.69392
1.69466
1.69532
1.69587
1.69627
1.69648
1.69645
1.69611
1.6954
1.69424
1.69256
1.69033
1.68757
1.68439
1.681
1.67771
1.67493
1.67304
1.67232
1.67286
1.67456
1.67714
1.68025
1.68354
1.6867
1.68951
1.6918
1.69347
1.69446
1.69475
1.69442
1.69355
1.69236
1.69106
1.68995
1.68927
1.68922
1.68985
1.69102
1.69242
1.6936
1.69395
1.6928
1.68953
1.68377
1.67574
1.66676
1.65929
1.65622
1.65928
1.66786
1.67949
1.69136
1.7016
1.70951
1.71519
1.71911
1.72181
1.72377
1.72535
1.7268
1.72826
1.72983
1.73153
1.73335
1.73527
1.73725
1.73925
1.7412
1.74307
1.74478
1.74629
1.74753
1.74845
1.749
1.74914
1.74886
1.74815
1.74704
1.7456
1.74392
1.74213
1.74037
1.73881
1.73761
1.7369
1.73675
1.73718
1.73811
1.73942
1.74093
1.74249
1.74392
1.74512
1.74607
1.7468
1.7474
1.74799
1.74869
1.74957
1.75064
1.75187
1.75318
1.75448
1.75569
1.75677
1.75769
1.75846
1.75909
1.75962
1.76008
1.76052
1.76096
1.76146
1.76203
1.76268
1.76342
1.7642
1.76495
1.76557
1.76595
1.76594
1.76541
1.76421
1.76224
1.75948
1.75598
1.75196
1.74775
1.74381
1.74061
1.73843
1.73732
1.73694
1.73674
1.73602
1.73415
1.73066
1.72541
1.71868
1.71125
1.70438
1.69945
1.69751
1.69882
1.7028
1.70841
1.7146
1.72065
1.72617
1.731
1.73509
1.73846
1.74109
1.74296
1.74407
1.7444
1.74395
1.74271
1.7407
1.73796
1.73457
1.73066
1.72645
1.72229
1.71857
1.71576
1.7142
1.71406
1.71527
1.7175
1.72035
1.72341
1.72633
1.72892
1.73108
1.73278
1.73405
1.7349
1.73537
1.73545
1.73513
1.73435
1.73309
1.73131
1.72899
1.72613
1.7228
1.71912
1.71528
1.71154
1.70819
1.70555
1.7039
1.70338
1.70402
1.7057
1.70813
1.71097
1.71384
1.71641
1.71837
1.71954
1.71979
1.71906
1.71736
1.71476
1.71138
1.70741
1.70305
1.69859
1.69431
1.69053
1.68752
1.6855
1.68459
1.68482
1.68618
1.68862
1.69206
1.69641
1.70153
1.70722
1.7132
1.71921
1.72498
1.73033
1.73514
1.73934
1.74295
1.746
1.74853
1.75061
1.7523
1.75367
1.75477
1.75564
1.75633
1.75684
1.7572
1.7574
1.7574
1.75717
1.75666
1.75583
1.75467
1.75318
1.75145
1.74965
1.748
1.74677
1.7462
1.74644
1.74751
1.7493
1.75158
1.75409
1.75655
1.75874
1.76044
1.76149
1.76173
1.76102
1.75927
1.75643
1.75254
1.7478
1.74257
1.73734
1.73265
1.72891
1.72624
1.72443
1.72299
1.72136
1.71907
1.71589
1.7119
1.70746
1.70318
1.69986
1.69835
1.69941
1.70343
1.71025
1.71911
1.72888
1.73838
1.74665
1.75306
1.75727
1.75916
1.75873
1.75606
1.75133
1.7449
1.73747
1.73009
1.72412
1.72076
1.72057
1.72321
1.72762
1.73247
1.73672
1.73975
1.74137
1.74169
1.74099
1.73964
1.73805
1.73657
1.73553
1.73514
1.73552
1.73666
1.73846
1.74074
1.74332
1.74602
1.74867
1.75117
1.75344
1.75544
1.75715
1.75855
1.75963
1.76041
1.76086
1.761
1.7608
1.76026
1.75936
1.75808
1.75638
1.75425
1.75169
1.74873
1.74541
1.74185
1.73817
1.73453
1.7311
1.72803
1.72545
1.72345
1.72211
1.72145
1.72147
1.72214
1.7233
1.72473
1.72604
1.72676
1.72644
1.72473
1.72159
1.71732
1.71267
1.70858
1.70589
1.70507
1.70607
1.70849
1.71183
1.71565
1.71962
1.72349
1.72708
1.73023
1.73283
1.73483
1.73623
1.73705
1.73735
1.73717
1.73651
1.7354
1.73383
1.7318
1.72933
1.72652
1.72348
1.72042
1.71755
1.71505
1.71304
1.7115
1.71027
1.70909
1.70768
1.70578
1.70327
1.70021
1.69685
1.69368
1.69128
1.6902
1.69078
1.69302
1.69661
1.70105
1.7058
1.71041
1.71457
1.71811
1.72095
1.72304
1.72438
1.72495
1.72473
1.7237
1.72188
1.71931
1.71614
1.71261
1.7091
1.70606
1.70397
1.70319
1.70391
1.70608
1.70939
1.71341
1.71761
1.7215
1.72466
1.72673
1.72747
1.72671
1.72439
1.72055
1.71542
1.70941
1.70314
1.69733
1.69264
1.68943
1.68771
1.68713
1.68716
1.68734
1.68739
1.68726
1.6871
1.68715
1.68771
1.689
1.69111
1.694
1.69747
1.70122
1.70494
1.70833
1.71119
1.71338
1.71487
1.71571
1.71601
1.71594
1.71569
1.71545
1.7154
1.71567
1.7163
1.71729
1.71854
1.71995
1.72139
1.72276
1.72398
1.725
1.72582
1.72644
1.72688
1.72714
1.72724
1.72716
1.72683
1.72615
1.72494
1.723
1.72011
1.71616
1.71122
1.70573
1.7005
1.69656
1.69484
1.69571
1.69878
1.70315
1.70775
1.71171
1.71442
1.71558
1.71503
1.71285
1.70935
1.70515
1.70112
1.69814
1.69681
1.69716
1.6987
1.70071
1.70252
1.7037
1.70412
1.7038
1.70284
1.70137
1.69951
1.6974
1.69521
1.69316
1.69148
1.6904
1.69007
1.69055
1.69179
1.69366
1.69596
1.69849
1.70106
1.70351
1.70573
1.7076
1.70903
1.70994
1.71026
1.70992
1.7089
1.70722
1.70493
1.70212
1.69891
1.69546
1.6919
1.68839
1.68504
1.68193
1.6791
1.6766
1.67441
1.67256
1.67105
1.66988
1.66906
1.66858
1.66844
1.66861
1.66906
1.66976
1.67066
1.67173
1.67291
1.67416
1.67543
1.67667
1.67782
1.67886
1.67973
1.68042
1.68094
1.68126
1.68142
1.68143
1.6813
1.68107
1.68076
1.68038
1.67996
1.67949
1.67899
1.67845
1.67788
1.67727
1.67663
1.67597
1.6753
1.67465
1.67405
1.67352
1.67309
1.67278
1.67257
1.67243
1.67233
1.67223
1.67206
1.67181
1.67147
1.67107
1.67066
1.67031
1.67014
1.67023
1.67067
1.67151
1.67279
1.67449
1.67658
1.679
1.68165
1.68444
1.68727
1.69001
1.69257
1.69483
1.69669
1.69803
1.69875
1.69872
1.69781
1.69586
1.69269
1.68817
1.68217
1.67471
1.66598
1.65649
1.64712
1.63907
1.63364
1.6319
1.63425
1.64027
1.64886
1.65864
1.66842
1.67738
1.68512
1.69157
1.69688
1.70126
1.70496
1.70817
1.71106
1.71371
1.71619
1.71851
1.72067
1.72264
1.72439
1.72588
1.7271
1.72799
1.72852
1.72864
1.72829
1.72743
1.726
1.72397
1.72134
1.71816
1.71455
1.71073
1.70698
1.70364
1.70108
1.69956
1.69925
1.70014
1.7021
1.70483
1.70801
1.71128
1.71431
1.71682
1.71856
1.71933
1.71892
1.71713
1.7138
1.7089
1.70272
1.69613
1.69063
1.68804
1.6897
1.69569
1.70469
1.71471
1.72394
1.73128
1.73632
1.73916
1.74016
1.73982
1.73867
1.73722
1.73594
1.73516
1.73504
1.7356
1.73672
1.73817
1.73968
1.74096
1.74183
1.74215
1.74195
1.74139
1.74072
1.74025
1.7402
1.74063
1.74139
1.74213
1.74243
1.74189
1.7402
1.73724
1.73305
1.72779
1.72179
1.71546
1.70924
1.70364
1.69914
1.69615
1.69496
1.69565
1.698
1.70156
1.70574
1.70992
1.71359
1.71644
1.71835
1.71937
1.71969
1.71957
1.71932
1.7192
1.71943
1.72018
1.72147
1.72326
1.72538
1.72761
1.72966
1.73126
1.73214
1.7321
1.73096
1.72864
1.72518
1.72076
1.71575
1.71076
1.70653
1.70376
1.70289
1.7039
1.70634
1.70948
1.7126
1.7151
1.71664
1.71708
1.71641
1.71473
1.71218
1.70897
1.70532
1.70149
1.69773
1.69422
1.69099
1.68776
1.68383
1.67807
1.66915
1.65622
1.64032
1.62575
1.61916
1.62503
1.64137
1.66141
1.67881
1.69037
1.69547
1.69462
1.68876
1.67916
1.66785
1.65765
1.65165
1.65173
1.65753
1.66687
1.67713
1.68642
1.69389
1.69941
1.70321
1.70559
1.70685
1.70722
1.70684
1.70582
1.70423
1.7021
1.69947
1.69635
1.69281
1.68896
1.68497
1.68107
1.67756
1.67469
1.67269
1.67164
1.67156
1.67233
1.67383
1.67591
1.67843
1.68124
1.68423
1.68728
1.69027
1.69315
1.69585
1.69838
1.70072
1.70291
1.70495
1.70686
1.70864
1.71028
1.71176
1.71304
1.71408
1.71484
1.7153
1.71543
1.71524
1.71479
1.71417
1.71353
1.71308
1.71304
1.7136
1.71493
1.71705
1.71991
1.72335
1.72716
1.73113
1.73504
1.73872
1.74206
1.74497
1.74739
1.74927
1.75059
1.75134
1.75155
1.75126
1.75059
1.7497
1.74881
1.74816
1.74798
1.74844
1.74962
1.75145
1.75381
1.75653
1.75942
1.76236
1.76527
1.76813
1.77094
1.77376
1.77664
1.77964
1.78284
1.78627
1.78992
1.79373
1.79756
1.80121
1.80442
1.80691
1.80843
1.80878
1.8079
1.80591
1.80317
1.80022
1.79776
1.79644
1.79662
1.79832
1.80115
1.80449
1.80771
1.81027
1.81186
1.81241
1.8121
1.81127
1.81033
1.80966
1.80951
1.80996
1.81096
1.8124
1.81419
1.81627
1.81862
1.82122
1.82401
1.82687
1.82966
1.83219
1.83429
1.83578
1.83652
1.83635
1.83513
1.8327
1.82892
1.82369
1.81703
1.80918
1.80073
1.79267
1.78634
1.78308
1.78371
1.78822
1.79569
1.80473
1.81398
1.82239
1.82933
1.83451
1.83785
1.83936
1.83902
1.83671
1.83224
1.82533
1.81581
1.80391
1.79069
1.77819
1.76912
1.76567
1.76831
1.77559
1.7851
1.79464
1.80284
1.8091
1.81338
1.8159
1.81698
1.81694
1.81607
1.81461
1.81272
1.81051
1.80805
1.80536
1.80247
1.7994
1.7962
1.79295
1.78978
1.78686
1.78436
1.78244
1.78122
1.78073
1.78095
1.78176
1.78299
1.7844
1.78575
1.78676
1.78717
1.78675
1.78528
1.78261
1.77864
1.77336
1.76691
1.75957
1.75181
1.74422
1.7374
1.73184
1.72779
1.72524
1.72397
1.72368
1.72413
1.72524
1.72704
1.72963
1.73309
1.73736
1.74226
1.74747
1.75265
1.75746
1.76163
1.76498
1.76741
1.76891
1.76953
1.76939
1.76865
1.76754
1.76632
1.76529
1.76469
1.76473
1.76545
1.76681
1.76863
1.77069
1.77276
1.77468
1.77634
1.7777
1.77879
1.77968
1.78043
1.78111
1.78174
1.78233
1.78278
1.78298
1.78274
1.7818
1.77989
1.77667
1.77181
1.76506
1.75631
1.74577
1.7341
1.72246
1.71221
1.7044
1.69929
1.6963
1.69449
1.69321
1.69241
1.69257
1.6943
1.69796
1.70347
1.71031
1.71775
1.72511
1.73189
1.73786
1.743
1.74735
1.75104
1.75414
1.75671
1.75879
1.76042
1.76163
1.76246
1.76297
1.76321
1.76321
1.76299
1.76254
1.76186
1.76092
1.75966
1.75807
1.75609
1.75369
1.7508
1.74736
1.74324
1.73831
1.7324
1.72538
1.71722
1.70814
1.69868
1.68979
1.68264
1.67832
1.67743
1.67986
1.68485
1.69136
1.69837
1.70513
1.71117
1.71629
1.72044
1.72367
1.72606
1.7277
1.72863
1.72889
1.72845
1.72725
1.72519
1.72211
1.71787
1.71235
1.70561
1.69797
1.6902
1.68347
1.6791
1.67801
1.68031
1.68521
1.69146
1.69785
1.70358
1.70828
1.71188
1.71454
1.71643
1.71776
1.71867
1.71931
1.71974
1.72005
1.72026
1.72039
1.72047
1.72048
1.72044
1.72032
1.72011
1.71979
1.71936
1.71878
1.71803
1.71709
1.71593
1.71455
1.71292
1.71106
1.70897
1.70669
1.70429
1.70185
1.69951
1.69739
1.69563
1.69439
1.69378
1.69387
1.69469
1.69622
1.69837
1.70104
1.70407
1.70732
1.71064
1.71391
1.71704
1.71995
1.7226
1.72497
1.72706
1.72889
1.73047
1.73182
1.73297
1.73392
1.7347
1.73529
1.7357
1.7359
1.73587
1.73559
1.73504
1.7342
1.73309
1.73176
1.73029
1.72882
1.72749
1.72649
1.72595
1.72594
1.72647
1.72742
1.72862
1.72984
1.73084
1.7314
1.73131
1.73041
1.72857
1.72572
1.72186
1.71704
1.71147
1.70541
1.69928
1.69351
1.68852
1.68463
1.68198
1.68053
1.68012
1.68057
1.68172
1.68345
1.68572
1.68852
1.69181
1.6955
1.69945
1.70348
1.70738
1.71097
1.71407
1.71654
1.71828
1.71921
1.71925
1.71835
1.71645
1.71351
1.70954
1.70462
1.69896
1.69294
1.68708
1.68204
1.67841
1.67659
1.67667
1.67842
1.68138
1.68498
1.68867
1.69194
1.69437
1.6956
1.69531
1.69324
1.68918
1.68304
1.67495
1.66541
1.65546
1.64671
1.64102
1.63982
1.64334
1.65048
1.65926
1.66777
1.67464
1.6792
1.68129
1.68104
1.67876
1.67483
1.66976
1.66416
1.65875
1.65434
1.65156
1.65076
1.65189
1.65452
1.65799
1.6617
1.66516
1.66807
1.67033
1.67192
1.67294
1.67347
1.67365
1.67356
1.6733
1.67294
1.67252
1.6721
1.67168
1.67129
1.67092
1.67057
1.67023
1.6699
1.66955
1.66917
1.66875
1.66827
1.66772
1.66708
1.66634
1.6655
1.66454
1.66348
1.66236
1.6612
1.6601
1.65914
1.65842
1.65806
1.65813
1.6587
1.65978
1.66133
1.66328
1.66554
1.668
1.67053
1.67305
1.67544
1.67765
1.67962
1.6813
1.68268
1.68373
1.68447
1.68488
1.68498
1.68478
1.68428
1.68352
1.68251
1.6813
1.67993
1.67847
1.677
1.67559
1.67434
1.67336
1.67273
1.67252
1.67278
1.67355
1.67481
1.67652
1.67862
1.68105
1.68372
1.68655
1.68944
1.69233
1.69514
1.6978
1.70025
1.70243
1.7043
1.70582
1.70697
1.70775
1.70818
1.70826
1.70804
1.70753
1.70672
1.70558
1.70404
1.70198
1.6993
1.69593
1.69189
1.68731
1.68251
1.6779
1.67399
1.67125
1.67006
1.67059
1.67284
1.67661
1.68155
1.68723
1.69319
1.69901
1.70434
1.70889
1.71248
1.71492
1.71608
1.71582
1.71401
1.71056
1.70557
1.69935
1.69262
1.68641
1.68191
1.67998
1.68088
1.6841
1.68869
1.69361
1.69811
1.70174
1.7043
1.70574
1.70604
1.70518
1.70311
1.69974
1.69505
1.68918
1.68258
1.67605
1.67069
1.6676
1.66737
1.66986
1.67423
1.67935
1.68424
1.68829
1.69126
1.69316
1.69416
1.69448
1.69434
1.69395
1.69347
1.69304
1.69277
1.69274
1.69296
1.69344
1.69414
1.69501
1.69596
1.69693
1.69785
1.69865
1.6993
1.6998
1.70017
1.70043
1.70066
1.70092
1.70128
1.7018
1.70252
1.70341
1.70446
1.70558
1.7067
1.70771
1.70853
1.70906
1.70926
1.70907
1.70849
1.70754
1.70626
1.70474
1.70307
1.7014
1.69987
1.69862
1.6978
1.69751
1.69781
1.6987
1.70012
1.70193
1.70397
1.70599
1.70776
1.70905
1.70968
1.70953
1.70866
1.70727
1.70575
1.70462
1.7044
1.70545
1.70784
1.71134
1.7155
1.71985
1.72398
1.72763
1.73069
1.73315
1.73509
1.73659
1.73773
1.73859
1.73919
1.73952
1.73953
1.73912
1.73815
1.73641
1.73368
1.72977
1.7245
1.7179
1.7102
1.70203
1.69437
1.68838
1.68515
1.68523
1.6885
1.69421
1.70126
1.70856
1.71523
1.72066
1.72453
1.7267
1.72717
1.72603
1.72342
1.71951
1.7145
1.70865
1.70223
1.6956
1.68914
1.68327
1.67838
1.67482
1.67283
1.67247
1.67366
1.67617
1.67967
1.68381
1.68824
1.69267
1.69688
1.70072
1.70409
1.70694
1.70928
1.7111
1.71242
1.71325
1.71362
1.71353
1.713
1.71205
1.7107
1.70901
1.70703
1.70487
1.70265
1.70053
1.69867
1.69722
1.69628
1.69588
1.69601
1.69657
1.69742
1.69842
1.69942
1.70032
1.70101
1.70144
1.70156
1.70133
1.70074
1.69975
1.69836
1.69654
1.69428
1.69157
1.68841
1.68483
1.68089
1.6767
1.67242
1.66829
1.6646
1.6617
1.65993
1.65958
1.66078
1.66347
1.66735
1.67195
1.67668
1.68097
1.68434
1.68646
1.68722
1.68663
1.68493
1.68246
1.67966
1.67701
1.67496
1.6739
1.67407
1.67557
1.67834
1.68216
1.68675
1.69176
1.69689
1.70183
1.70637
1.71032
1.71356
1.71598
1.71752
1.71809
1.71768
1.71626
1.71388
1.71064
1.70676
1.70253
1.69835
1.69463
1.69178
1.69003
1.68941
1.6897
1.69052
1.69141
1.69203
1.69218
1.69185
1.69114
1.69025
1.68943
1.68899
1.68923
1.69041
1.69263
1.69579
1.6996
1.70366
1.70758
1.71106
1.7139
1.71604
1.71749
1.71836
1.71877
1.7189
1.71891
1.71895
1.71913
1.71948
1.71997
1.72052
1.72097
1.7212
1.72108
1.72051
1.71946
1.71793
1.716
1.71377
1.71141
1.70909
1.70703
1.7054
1.7044
1.70412
1.70462
1.70586
1.70772
1.71001
1.7125
1.71497
1.71721
1.71904
1.7203
1.72091
1.72082
1.72002
1.71854
1.71646
1.71389
1.71094
1.70775
1.70444
1.70111
1.69783
1.69465
1.69161
1.68874
1.68601
1.68335
1.68066
1.67776
1.67451
1.67085
1.66692
1.66312
1.66002
1.65819
1.6579
1.65898
1.66085
1.66284
1.66445
1.66549
1.66615
1.6668
1.66791
1.66982
1.6727
1.67651
1.68104
1.68597
1.69097
1.69573
1.70004
1.70374
1.70678
1.70911
1.71074
1.71167
1.7119
1.71139
1.71006
1.70778
1.70435
1.69951
1.69301
1.68474
1.67492
1.66442
1.65487
1.6483
1.64637
1.64937
1.65609
1.66457
1.67299
1.68026
1.68599
1.69022
1.69322
1.69527
1.69662
1.69746
1.69793
1.69811
1.69807
1.69783
1.69741
1.69685
1.69616
1.69536
1.69447
1.69351
1.69252
1.69149
1.69044
1.68939
1.68832
1.68723
1.68612
1.68497
1.6838
1.68264
1.68152
1.68053
1.67977
1.67934
1.67937
1.67997
1.68121
1.68313
1.68569
1.68882
1.69239
1.69624
1.70021
1.70416
1.70798
1.71158
1.71488
1.71784
1.72041
1.72254
1.72419
1.72527
1.72568
1.72532
1.72402
1.72164
1.718
1.71296
1.70639
1.69828
1.68876
1.67822
1.66732
1.65705
1.64861
1.64331
1.64218
1.64573
1.6537
1.66505
1.67829
1.69187
1.70453
1.71548
1.72432
1.731
1.73567
1.73858
1.74005
1.74045
1.74016
1.7396
1.73916
1.73918
1.73988
1.74135
1.7435
1.74612
1.74894
1.75169
1.75413
1.7561
1.7575
1.75832
1.75857
1.75832
1.75767
1.75668
1.7554
1.75379
1.75174
1.74908
1.7456
1.74114
1.73566
1.72941
1.72291
1.717
1.71259
1.71042
1.71077
1.71344
1.71787
1.72343
1.72954
1.73584
1.74208
1.74815
1.75394
1.75938
1.76441
1.76893
1.77288
1.77622
1.77889
1.78089
1.78225
1.78298
1.78315
1.78283
1.78207
1.78095
1.77953
1.77786
1.77598
1.77392
1.7717
1.76938
1.76705
1.76484
1.76298
1.76172
1.7613
1.76188
1.76344
1.76584
1.76877
1.77188
1.77482
1.77734
1.77928
1.78059
1.78128
1.78143
1.78112
1.78046
1.77954
1.77845
1.77726
1.77601
1.77474
1.77345
1.7721
1.77059
1.76876
1.76638
1.76315
1.75879
1.75315
1.74639
1.73921
1.73287
1.72892
1.72861
1.73217
1.73866
1.74646
1.754
1.76017
1.76442
1.76664
1.76689
1.76533
1.76212
1.75739
1.7513
1.74403
1.73587
1.72726
1.71878
1.71112
1.70495
1.70081
1.69894
1.69926
1.70144
1.70507
1.70977
1.71523
1.7212
1.72742
1.73356
1.73931
1.74438
1.74857
1.75175
1.75389
1.75501
1.75521
1.7546
1.7533
1.75145
1.74917
1.74657
1.74373
1.74073
1.73759
1.73436
1.73105
1.72768
1.72428
1.72086
1.71747
1.71416
1.71099
1.70802
1.7053
1.7029
1.70084
1.69916
1.69784
1.69689
1.69626
1.6959
1.69574
1.69572
1.69576
1.69579
1.69573
1.69553
1.69516
1.69458
1.69379
1.69279
1.69161
1.69029
1.68886
1.68737
1.68588
1.68445
1.68311
1.68191
1.68087
1.68
1.6793
1.67875
1.67833
1.67801
1.67776
1.67755
1.67734
1.67712
1.67687
1.67656
1.67619
1.67575
1.67522
1.67461
1.6739
1.67308
1.67214
1.67108
1.66988
1.66852
1.66698
1.66526
1.66335
1.66126
1.65902
1.6567
1.65441
1.6523
1.65055
1.64935
1.64885
1.64919
1.65037
1.65236
1.655
1.65811
1.66146
1.66482
1.66798
1.6708
1.67316
1.67499
1.67631
1.67717
1.67767
1.67796
1.67823
1.67866
1.67939
1.68054
1.68212
1.68411
1.6864
1.68885
1.69134
1.69373
1.69593
1.69785
1.69942
1.70061
1.70136
1.70162
1.70136
1.70055
1.6992
1.69739
1.69529
1.69317
1.69136
1.69023
1.69002
1.6908
1.69241
1.69453
1.69674
1.6987
1.70014
1.70091
1.70097
1.70035
1.69913
1.69744
1.69549
1.69356
1.69199
1.69112
1.69123
1.69246
1.69473
1.6978
1.70126
1.70464
1.70754
1.70968
1.71094
1.71142
1.71138
1.71119
1.7112
1.71163
1.71249
1.71363
1.71475
1.71562
1.71609
1.71622
1.71618
1.71615
1.71626
1.7165
1.71669
1.71659
1.71591
1.71449
1.71233
1.70966
1.70698
1.70496
1.70431
1.70555
1.70881
1.71379
1.71986
1.72626
1.73234
1.73767
1.74206
1.74551
1.74817
1.75021
1.75185
1.75324
1.75452
1.75577
1.75701
1.75824
1.75946
1.76062
1.76169
1.76263
1.76341
1.764
1.76436
1.76446
1.76425
1.76367
1.76268
1.7612
1.75919
1.75661
1.75349
1.7499
1.74602
1.74211
1.73851
1.73556
1.73356
1.73264
1.73277
1.73373
1.73518
1.73671
1.73798
1.73873
1.73883
1.73828
1.73719
1.73577
1.73425
1.7329
1.73192
1.73151
1.73175
1.73268
1.73426
1.73642
1.73906
1.74207
1.74533
1.74874
1.7522
1.75561
1.75888
1.76194
1.76472
1.76716
1.7692
1.77076
1.77175
1.772
1.77124
1.76912
1.76515
1.75874
1.7494
1.73711
1.7229
1.70937
1.70018
1.69826
1.70376
1.71398
1.72538
1.73543
1.74314
1.74858
1.75226
1.75476
1.75653
1.75788
1.759
1.75997
1.76083
1.76159
1.76225
1.76278
1.76319
1.76343
1.76349
1.7633
1.7628
1.76191
1.76052
1.75852
1.75574
1.75205
1.74733
1.74166
1.73546
1.7297
1.7258
1.72515
1.7284
1.73504
1.74363
1.75255
1.76056
1.76707
1.77197
1.77546
1.77781
1.77927
1.78004
1.78019
1.77972
1.77854
1.77651
1.77348
1.7693
1.7639
1.75739
1.75007
1.74253
1.73556
1.72999
1.72647
1.72526
1.72612
1.72846
1.73158
1.73485
1.73786
1.74042
1.74251
1.74422
1.74569
1.74705
1.74844
1.74992
1.75148
1.75308
1.75459
1.75587
1.75677
1.75718
1.75702
1.75628
1.75502
1.75334
1.75137
1.74927
1.74718
1.74524
1.74352
1.74204
1.74078
1.73969
1.7387
1.73777
1.73689
1.7361
1.73547
1.73508
1.73497
1.73517
1.73569
1.73654
1.73772
1.73925
1.74118
1.7435
1.74621
1.74925
1.75253
1.75595
1.75941
1.76279
1.76599
1.76892
1.7715
1.77367
1.77536
1.77653
1.77714
1.77717
1.77662
1.77553
1.77397
1.77206
1.76992
1.7677
1.76552
1.76348
1.76157
1.75973
1.75782
1.75568
1.7531
1.74993
1.74612
1.74175
1.73715
1.73285
1.72956
1.72805
1.72897
1.73266
1.73895
1.74717
1.75633
1.76544
1.77372
1.78076
1.7864
1.7907
1.79383
1.79592
1.79713
1.79752
1.79716
1.79605
1.79424
1.79179
1.78883
1.78552
1.78207
1.77869
1.7756
1.77296
1.77098
1.76984
1.7697
1.77064
1.77263
1.77555
1.7792
1.78333
1.78769
1.79207
1.7963
1.8003
1.80404
1.80757
1.811
1.81441
1.81788
1.82143
1.82502
1.82859
1.83205
1.83532
1.83834
1.84106
1.84347
1.84557
1.84735
1.84884
1.85001
1.85085
1.85131
1.85132
1.85079
1.8496
1.84762
1.84474
1.84089
1.83613
1.83069
1.82506
1.8199
1.81602
1.81404
1.81425
1.81645
1.82006
1.82436
1.82866
1.83246
1.83542
1.83738
1.83823
1.83797
1.83663
1.8343
1.83119
1.82765
1.82419
1.82144
1.82012
1.82084
1.82395
1.82948
1.83709
1.84613
1.85585
1.86551
1.87449
1.88233
1.88871
1.89346
1.8965
1.8978
1.89737
1.89526
1.89157
1.88646
1.88018
1.87311
1.86577
1.85879
1.85285
1.84858
1.84642
1.84652
1.84872
1.85257
1.85746
1.86277
1.8679
1.87243
1.87603
1.87855
1.87992
1.88014
1.87925
1.87733
1.87443
1.8706
1.8659
1.86041
1.85433
1.84805
1.84217
1.83747
1.83465
1.83406
1.83547
1.83809
1.84093
1.84311
1.84416
1.84404
1.84308
1.84172
1.84035
1.83911
1.83787
1.83632
1.83409
1.83093
1.8269
1.82258
1.81908
1.81767
1.81924
1.82387
1.83073
1.83851
1.84597
1.85226
1.85696
1.86005
1.86176
1.86245
1.86251
1.86229
1.86205
1.86192
1.86193
1.862
1.86201
1.86181
1.86128
1.86033
1.85893
1.85709
1.85487
1.85237
1.84975
1.84717
1.8448
1.84278
1.84124
1.84019
1.8396
1.83938
1.83936
1.83934
1.83913
1.83854
1.83741
1.83563
1.83314
1.82995
1.82613
1.82182
1.81724
1.81262
1.80827
1.80444
1.80139
1.79928
1.79819
1.79812
1.799
1.80073
1.80324
1.80643
1.81022
1.81451
1.81915
1.82399
1.82883
1.83348
1.83778
1.84162
1.84492
1.84761
1.84968
1.8511
1.85182
1.85179
1.8509
1.849
1.84591
1.84144
1.83544
1.82798
1.81944
1.81071
1.80309
1.79797
1.79622
1.79776
1.80161
1.8064
1.81093
1.81446
1.81666
1.81749
1.81702
1.81531
1.81236
1.80814
1.80266
1.79599
1.78843
1.78055
1.77321
1.76738
1.7639
1.76321
1.7652
1.76932
1.77483
1.78098
1.78719
1.79308
1.7984
1.80305
1.80697
1.81019
1.81273
1.81464
1.81597
1.81675
1.817
1.81672
1.81589
1.81449
1.81249
1.80986
1.80655
1.80253
1.79779
1.7924
1.78652
1.78054
1.77501
1.77064
1.76808
1.76768
1.76935
1.77259
1.77669
1.78096
1.78493
1.78839
1.79129
1.79372
1.79579
1.79762
1.79929
1.80087
1.80237
1.80379
1.80513
1.80637
1.80749
1.80847
1.80931
1.81
1.81053
1.81092
1.81118
1.81132
1.8114
1.81144
1.81153
1.81174
1.81214
1.81282
1.81385
1.81527
1.81708
1.81925
1.82171
1.82435
1.82707
1.82974
1.83223
1.83443
1.83624
1.83756
1.83831
1.83842
1.83785
1.83664
1.83487
1.83272
1.83048
1.8285
1.82715
1.82676
1.82753
1.8295
1.83248
1.83613
1.83997
1.84348
1.84618
1.8477
1.84779
1.84635
1.84338
1.83902
1.83353
1.82729
1.82077
1.81456
1.80931
1.80562
1.80396
1.80451
1.80713
1.8114
1.81684
1.82308
1.82993
1.83731
1.8451
1.85307
1.86086
1.86807
1.87442
1.87971
1.8839
1.88699
1.88902
1.89
1.8899
1.88861
1.88602
1.88196
1.87636
1.86926
1.86099
1.8522
1.84388
1.83706
1.83255
1.83061
1.83094
1.83291
1.83586
1.83931
1.84294
1.84665
1.85041
1.85428
1.85828
1.86237
1.86642
1.87019
1.87341
1.87577
1.877
1.87691
1.87546
1.87279
1.86929
1.86553
1.86218
1.8598
1.85863
1.85851
1.859
1.85958
1.85987
1.85968
1.85905
1.85812
1.85706
1.856
1.85499
1.85403
1.85314
1.85236
1.85187
1.85192
1.85274
1.85443
1.85689
1.8598
1.86275
1.86537
1.8674
1.86877
1.86954
1.86985
1.86982
1.86951
1.8689
1.86786
1.86623
1.86395
1.86116
1.85833
1.85622
1.85564
1.85702
1.86014
1.86411
1.86779
1.87015
1.87061
1.86901
1.86558
1.86075
1.85498
1.84863
1.84184
1.83459
1.82687
1.81888
1.81117
1.80461
1.80001
1.79794
1.79858
1.80179
1.80704
1.81335
1.81952
1.82442
1.82737
1.82828
1.82757
1.82595
1.8242
1.82298
1.82271
1.82349
1.82515
1.82733
1.82956
1.83135
1.83232
1.83216
1.83074
1.82806
1.82431
1.81982
1.81505
1.81058
1.807
1.80481
1.80421
1.80501
1.80664
1.80831
1.80924
1.80891
1.80715
1.80418
1.80055
1.79695
1.79406
1.79236
1.79197
1.79272
1.79421
1.79596
1.79755
1.79864
1.79903
1.79865
1.79753
1.79582
1.79377
1.79167
1.78986
1.78865
1.78826
1.78882
1.79032
1.79264
1.79555
1.79881
1.80218
1.80545
1.80845
1.81105
1.81314
1.8146
1.81528
1.81497
1.81342
1.8103
1.80531
1.79823
1.78908
1.77829
1.76673
1.75553
1.74582
1.73857
1.73467
1.73511
1.74048
1.75024
1.76258
1.77525
1.78643
1.79522
1.8015
1.80558
1.80787
1.80879
1.80862
1.80756
1.80566
1.80291
1.79919
1.7943
1.78799
1.77992
1.76977
1.75737
1.74291
1.72733
1.7125
1.70101
1.69519
1.69587
1.70197
1.71121
1.72136
1.731
1.73956
1.74699
1.75351
1.75933
1.76465
1.76956
1.77407
1.77812
1.78161
1.78432
1.78595
1.78606
1.78407
1.77923
1.77079
1.7583
1.74232
1.72507
1.71032
1.70153
1.69939
1.70154
1.70498
1.70855
1.71314
1.72002
1.72937
1.74006
1.75046
1.75935
1.76622
1.77109
1.7743
1.77623
1.77723
1.77757
1.77742
1.7769
1.77606
1.77495
1.77354
1.77184
1.76984
1.76753
1.76493
1.76207
1.75902
1.75588
1.75277
1.74981
1.74715
1.7449
1.74313
1.74186
1.7411
1.74079
1.74084
1.74112
1.7415
1.74183
1.74192
1.74163
1.74081
1.73937
1.73732
1.73473
1.73183
1.72893
1.72643
1.7247
1.72401
1.7245
1.7261
1.72858
1.73165
1.73498
1.73825
1.74125
1.74382
1.7459
1.7475
1.74867
1.7495
1.75009
1.75052
1.75087
1.75118
1.75146
1.75171
1.75189
1.75197
1.7519
1.75166
1.75123
1.75061
1.7498
1.74883
1.74773
1.74654
1.7453
1.74407
1.74291
1.74188
1.74106
1.74055
1.7404
1.74069
1.74144
1.74262
1.74415
1.74594
1.74785
1.74974
1.75151
1.75307
1.75436
1.75534
1.75603
1.75644
1.75662
1.7566
1.75646
1.75624
1.75602
1.75583
1.75572
1.7557
1.75577
1.75591
1.75608
1.75624
1.75633
1.7563
1.75607
1.75559
1.7548
1.75365
1.75208
1.75008
1.74762
1.74475
1.74155
1.73815
1.73475
1.73163
1.72905
1.72728
1.72652
1.72687
1.7283
1.73064
1.73365
1.73703
1.74053
1.74393
1.74707
1.74987
1.75229
1.75431
1.75594
1.75716
1.75795
1.75827
1.75807
1.7573
1.75592
1.75394
1.75143
1.74852
1.74543
1.74239
1.73961
1.73721
1.73522
1.73359
1.73233
1.73159
1.7317
1.73301
1.73573
1.73978
1.74477
1.75012
1.75527
1.7598
1.76348
1.76625
1.76817
1.76937
1.76997
1.77012
1.76991
1.76945
1.76876
1.76789
1.76682
1.76554
1.76398
1.76211
1.75987
1.75721
1.75411
1.75059
1.7467
1.7426
1.73854
1.73487
1.73205
1.73056
1.73075
1.73273
1.7363
1.74101
1.74627
1.75154
1.75635
1.76042
1.76355
1.76564
1.76661
1.76636
1.76481
1.76184
1.75742
1.75159
1.74466
1.7372
1.73013
1.72459
1.72165
1.72195
1.72553
1.73179
1.73979
1.74853
1.75724
1.76535
1.77258
1.77878
1.78393
1.78806
1.79124
1.79352
1.79498
1.79569
1.79573
1.79518
1.79414
1.79272
1.79102
1.78918
1.78731
1.78553
1.78393
1.78257
1.78148
1.78067
1.78014
1.77989
1.77995
1.78037
1.78125
1.78263
1.78457
1.78703
1.78992
1.79311
1.79642
1.79971
1.80281
1.80562
1.80803
1.80993
1.8112
1.81169
1.81123
1.80962
1.80671
1.80244
1.797
1.79095
1.78527
1.78122
1.77989
1.78173
1.78636
1.79272
1.79966
1.80624
1.81196
1.81664
1.82033
1.82317
1.82532
1.82688
1.82796
1.82861
1.82886
1.82874
1.82827
1.82746
1.82634
1.82495
1.82337
1.82166
1.81996
1.81839
1.8171
1.81623
1.81585
1.816
1.8166
1.81751
1.81854
1.81948
1.82016
1.82042
1.8202
1.81948
1.81831
1.81678
1.81503
1.81316
1.81128
1.80943
1.80757
1.80564
1.80354
1.8012
1.79863
1.79595
1.79343
1.79142
1.79033
1.79047
1.79199
1.79482
1.79864
1.803
1.8074
1.81139
1.81468
1.81712
1.81873
1.81963
1.82
1.81998
1.81964
1.81894
1.8178
1.81618
1.81415
1.81193
1.80982
1.80812
1.80692
1.80608
1.80521
1.80382
1.80146
1.79788
1.79307
1.7873
1.78102
1.77484
1.76936
1.7652
1.76289
1.76282
1.76506
1.7693
1.77485
1.78086
1.78661
1.7916
1.79564
1.79871
1.80094
1.80252
1.80365
1.80451
1.80524
1.80596
1.80674
1.8076
1.80853
1.80948
1.81041
1.81124
1.81189
1.8123
1.81238
1.81205
1.81125
1.80987
1.80785
1.80512
1.80164
1.79747
1.79276
1.78782
1.78313
1.77929
1.7769
1.77636
1.77778
1.78091
1.78525
1.7902
1.79522
1.7999
1.80399
1.80737
1.81
1.81187
1.81302
1.81348
1.81332
1.81257
1.81133
1.80971
1.80788
1.80608
1.80461
1.8038
1.80396
1.80529
1.80785
1.81152
1.81608
1.82118
1.82652
1.83183
1.8369
1.84158
1.84576
1.84938
1.85237
1.85473
1.8565
1.85776
1.85866
1.85939
1.86015
1.8611
1.86239
1.86406
1.86607
1.86829
1.87054
1.87264
1.87447
1.87594
1.87697
1.87744
1.87714
1.87575
1.8729
1.86834
1.86205
1.85435
1.84602
1.83814
1.83184
1.82796
1.82676
1.82791
1.83066
1.83424
1.83802
1.84166
1.84504
1.84822
1.8513
1.85431
1.85726
1.86006
1.86256
1.86459
1.86598
1.86656
1.86619
1.86474
1.86215
1.85846
1.85382
1.84855
1.84312
1.83813
1.83416
1.8317
1.83103
1.83218
1.83493
1.83889
1.84357
1.84846
1.8531
1.85712
1.86031
1.86255
1.86382
1.86418
1.86373
1.86256
1.86078
1.85848
1.85573
1.85264
1.84932
1.8459
1.84258
1.83956
1.83704
1.83514
1.8339
1.83324
1.83299
1.83292
1.83278
1.83239
1.8316
1.83035
1.82865
1.82658
1.82427
1.82187
1.81955
1.81747
1.81574
1.81441
1.81347
1.81282
1.81234
1.81186
1.8112
1.81024
1.80884
1.80697
1.80461
1.80185
1.79878
1.79556
1.79236
1.78934
1.78664
1.78435
1.78253
1.78121
1.78039
1.78011
1.78035
1.78114
1.78243
1.78416
1.78622
1.78848
1.7908
1.79305
1.79511
1.79691
1.7984
1.79953
1.80031
1.80077
1.80097
1.80104
1.8011
1.80134
1.80192
1.803
1.80464
1.80688
1.80964
1.81276
1.81608
1.81936
1.82241
1.82504
1.82709
1.82843
1.82896
1.8286
1.82735
1.82523
1.82239
1.81906
1.81557
1.81236
1.80987
1.80846
1.80831
1.80938
1.81137
1.8138
1.81616
1.81794
1.81878
1.81843
1.81682
1.814
1.81016
1.80558
1.80067
1.79597
1.7921
1.78968
1.78922
1.79092
1.79465
1.79992
1.80607
1.81242
1.81841
1.82364
1.82794
1.83124
1.83362
1.83517
1.83602
1.8363
1.83611
1.83553
1.83461
1.83338
1.83181
1.82986
1.82745
1.82447
1.82079
1.81628
1.81081
1.80435
1.79696
1.7889
1.78063
1.77278
1.7661
1.76127
1.75874
1.75861
1.76065
1.76439
1.76931
1.77486
1.78061
1.78619
1.79132
1.7958
1.7995
1.80237
1.80442
1.8057
1.80628
1.80628
1.80578
1.80489
1.80372
1.80235
1.80086
1.79934
1.79785
1.79645
1.79518
1.79407
1.79313
1.79235
1.79172
1.79118
1.79067
1.79015
1.78952
1.78873
1.78771
1.78642
1.78484
1.78298
1.7809
1.77867
1.77643
1.77432
1.77247
1.77101
1.76999
1.76941
1.76921
1.76927
1.76947
1.76968
1.76979
1.76972
1.7694
1.7688
1.76793
1.76684
1.76561
1.76438
1.7633
1.76252
1.76219
1.7624
1.76318
1.7645
1.76629
1.76846
1.77088
1.7734
1.7759
1.77824
1.78031
1.78205
1.7834
1.78434
1.78486
1.78497
1.78465
1.78393
1.78279
1.78123
1.77924
1.77681
1.77389
1.77042
1.76632
1.76151
1.75599
1.74985
1.74335
1.73691
1.73104
1.72629
1.72306
1.72157
1.72177
1.72341
1.7261
1.72946
1.73318
1.73705
1.74095
1.74482
1.74863
1.75237
1.75599
1.75949
1.76283
1.766
1.76901
1.77184
1.77449
1.77693
1.77908
1.78087
1.78215
1.78278
1.78259
1.78138
1.77897
1.77522
1.77002
1.76339
1.75544
1.74644
1.7368
1.72711
1.71817
1.71097
1.70659
1.70582
1.70864
1.71416
1.72096
1.72772
1.73357
1.73823
1.74174
1.74431
1.74611
1.74721
1.74766
1.74744
1.74661
1.74534
1.74393
1.7428
1.74236
1.7428
1.74397
1.74535
1.74619
1.74575
1.74347
1.73912
1.73279
1.72487
1.71602
1.70726
1.69992
1.69537
1.69459
1.69764
1.70362
1.71105
1.71849
1.72498
1.7302
1.73441
1.7382
1.74219
1.7467
1.75162
1.75652
1.76089
1.76435
1.76673
1.76803
1.76843
1.76813
1.76738
1.76638
1.76531
1.7643
1.76344
1.76274
1.7622
1.76178
1.76139
1.76094
1.76033
1.75941
1.75804
1.75604
1.75321
1.74935
1.74427
1.7379
1.73039
1.72226
1.71448
1.70832
1.70495
1.705
1.70823
1.71377
1.72057
1.7277
1.73457
1.74085
1.74634
1.75094
1.7546
1.75734
1.75924
1.76042
1.76106
1.76138
1.76157
1.76184
1.76236
1.76325
1.76458
1.76635
1.76851
1.77095
1.77354
1.77615
1.77867
1.781
1.78307
1.78488
1.78639
1.78762
1.78859
1.7893
1.78975
1.78996
1.78987
1.78947
1.78869
1.78747
1.78579
1.78366
1.78118
1.77858
1.77617
1.77433
1.77339
1.77353
1.77473
1.77672
1.77913
1.78155
1.78364
1.78518
1.7861
1.78643
1.78633
1.78601
1.78573
1.78574
1.78629
1.78753
1.78952
1.79222
1.79548
1.79911
1.80287
1.80654
1.80996
1.81298
1.81553
1.81757
1.81912
1.82021
1.82094
1.82142
1.82176
1.82206
1.82239
1.82275
1.82308
1.82325
1.8231
1.82244
1.82109
1.81894
1.81593
1.8121
1.80766
1.8029
1.79825
1.79413
1.79095
1.78895
1.78818
1.78852
1.78972
1.79147
1.79344
1.79533
1.79688
1.7979
1.79832
1.79816
1.7976
1.79691
1.79641
1.79635
1.79684
1.79776
1.79878
1.79939
1.79901
1.79701
1.79285
1.78609
1.77662
1.76493
1.75235
1.74111
1.7337
1.73187
1.73591
1.74468
1.75637
1.76921
1.78181
1.79327
1.80311
1.81117
1.81747
1.82208
1.82501
1.82615
1.82522
1.82175
1.81511
1.80467
1.79003
1.77152
1.75062
1.73001
1.71287
1.70187
1.69857
1.7031
1.71388
1.72784
1.74156
1.75243
1.75897
1.76059
1.7574
1.75034
1.74167
1.73487
1.73318
1.73759
1.74624
1.75603
1.76461
1.77113
1.77574
1.77884
1.78068
1.78129
1.78067
1.77902
1.77674
1.77441
1.77262
1.77185
1.7723
1.77392
1.77649
1.77969
1.78318
1.78668
1.78996
1.79287
1.7953
1.79719
1.79851
1.79924
1.79938
1.7989
1.79779
1.79603
1.7936
1.79051
1.7868
1.78259
1.77809
1.7736
1.76948
1.76614
1.7639
1.76293
1.76319
1.76438
1.76607
1.76774
1.76901
1.76968
1.7698
1.76967
1.76971
1.77039
1.772
1.77464
1.77819
1.78238
1.78688
1.7914
1.79569
1.79958
1.80293
1.80564
1.80765
1.80898
1.8097
1.80993
1.80985
1.8096
1.80926
1.80878
1.80802
1.80672
1.80462
1.8015
1.79727
1.79195
1.78579
1.77917
1.77262
1.7668
1.76235
1.75982
1.7596
1.76183
1.76639
1.77288
1.78069
1.78911
1.79743
1.80507
1.81161
1.81679
1.82045
1.82253
1.82304
1.82215
1.82018
1.81759
1.81494
1.81278
1.81155
1.81147
1.81252
1.81449
1.81709
1.81996
1.82282
1.82546
1.82774
1.82958
1.83092
1.83174
1.83202
1.83179
1.83111
1.8301
1.82892
1.82777
1.82683
1.82623
1.82605
1.82625
1.82667
1.8271
1.82728
1.82694
1.8259
1.82404
1.8214
1.81815
1.81458
1.81114
1.80832
1.80659
1.80632
1.80769
1.81066
1.81497
1.82022
1.82593
1.83162
1.83692
1.84155
1.84533
1.84823
1.85027
1.85155
1.85219
1.85235
1.85214
1.85167
1.85102
1.85022
1.84932
1.8483
1.84719
1.846
1.84476
1.84351
1.84228
1.84109
1.83995
1.83882
1.83767
1.83641
1.835
1.83335
1.83143
1.82921
1.82673
1.82405
1.82127
1.81852
1.81594
1.81363
1.81166
1.81002
1.80863
1.80738
1.80611
1.8047
1.80311
1.80142
1.79982
1.79862
1.79817
1.79874
1.80043
1.80316
1.80664
1.81052
1.81439
1.81789
1.82075
1.82277
1.82383
1.82391
1.82309
1.82152
1.81946
1.81722
1.8151
1.81337
1.8122
1.81161
1.8115
1.81171
1.81205
1.8124
1.81269
1.81292
1.81316
1.8135
1.81406
1.81489
1.81605
1.81754
1.81931
1.82131
1.82343
1.82558
1.82766
1.82958
1.83125
1.83262
1.83367
1.83442
1.83493
1.8353
1.83566
1.83616
1.83691
1.83796
1.83928
1.84072
1.84207
1.84302
1.84329
1.8426
1.84079
1.83782
1.83385
1.82924
1.82456
1.82046
1.81757
1.81627
1.8166
1.81829
1.82091
1.82399
1.82718
1.83027
1.83315
1.83575
1.83801
1.83986
1.84129
1.84228
1.8429
1.84324
1.84342
1.84358
1.84385
1.84434
1.8451
1.84613
1.84741
1.84886
1.85037
1.85185
1.85323
1.85444
1.85548
1.85636
1.85709
1.8577
1.85822
1.85863
1.85889
1.85894
1.85871
1.85808
1.85699
1.85535
1.85316
1.85044
1.84731
1.84397
1.84067
1.83772
1.83537
1.83382
1.83314
1.83326
1.83402
1.83517
1.83648
1.8377
1.83864
1.83916
1.83918
1.83868
1.83774
1.83647
1.83507
1.83374
1.83266
1.83198
1.83179
1.8321
1.83289
1.83413
1.83576
1.83779
1.8402
1.84298
1.84609
1.84945
1.85294
1.85642
1.8597
1.86266
1.86516
1.86713
1.86851
1.86929
1.86949
1.86915
1.86832
1.86708
1.86548
1.86359
1.86148
1.8592
1.85682
1.85437
1.85188
1.84937
1.84679
1.84409
1.84116
1.8379
1.83421
1.83004
1.82543
1.82052
1.81558
1.81098
1.80722
1.80492
1.80477
1.80728
1.8125
1.81986
1.82829
1.83655
1.84362
1.84888
1.85214
1.85352
1.85331
1.85189
1.8496
1.84675
1.84356
1.84021
1.83679
1.83339
1.83006
1.82685
1.82382
1.82103
1.81858
1.81662
1.8153
1.81482
1.81538
1.8171
1.82002
1.82402
1.82882
1.83403
1.83919
1.84386
1.84764
1.85026
1.85154
1.85136
1.8497
1.84659
1.84209
1.83633
1.82949
1.82184
1.81371
1.80549
1.79759
1.79037
1.78414
1.77907
1.77527
1.77277
1.77155
1.77153
1.7726
1.77461
1.77736
1.78061
1.78407
1.78748
1.79058
1.79315
1.79502
1.79604
1.79616
1.79532
1.79353
1.7908
1.78719
1.7828
1.7778
1.77248
1.76724
1.76253
1.75882
1.75647
1.75558
1.75599
1.75733
1.75913
1.76092
1.76236
1.76321
1.76337
1.76281
1.76158
1.75977
1.75752
1.75501
1.75245
1.75006
1.74805
1.74659
1.74574
1.74552
1.74581
1.74646
1.74725
1.74796
1.74834
1.74815
1.74714
1.74506
1.74174
1.73715
1.73151
1.7254
1.71974
1.71553
1.71358
1.71412
1.7168
1.72094
1.72584
1.73102
1.73616
1.74106
1.74556
1.7495
1.75278
1.75534
1.7572
1.75844
1.75918
1.75958
1.75977
1.75988
1.76002
1.76025
1.76057
1.76096
1.76133
1.76153
1.76138
1.76063
1.75899
1.75613
1.75171
1.74544
1.73717
1.72711
1.71592
1.70482
1.69546
1.68938
1.68755
1.69001
1.696
1.70436
1.71387
1.72352
1.73256
1.74056
1.74729
1.75277
1.75709
1.76044
1.76301
1.76496
1.76642
1.76749
1.76817
1.76845
1.76825
1.76746
1.76595
1.76357
1.76024
1.75597
1.75097
1.74568
1.74078
1.73702
1.73498
1.73484
1.7363
1.73876
1.74156
1.74423
1.74648
1.74819
1.74928
1.7496
1.74896
1.74714
1.74401
1.73961
1.73431
1.72872
1.72369
1.72005
1.71835
1.71873
1.72099
1.7247
1.7294
1.73467
1.74014
1.74549
1.75044
1.75479
1.75842
1.76128
1.76341
1.76489
1.76583
1.76632
1.76646
1.76627
1.7657
1.76459
1.76269
1.75964
1.75506
1.74863
1.74036
1.73087
1.72153
1.71423
1.7106
1.71108
1.71467
1.71957
1.72412
1.72736
1.7291
1.72967
1.72967
1.72976
1.73049
1.73215
1.73476
1.73804
1.74163
1.74511
1.74821
1.75076
1.75275
1.75421
1.75521
1.75579
1.75596
1.75565
1.75478
1.75324
1.75097
1.74798
1.74441
1.7406
1.73698
1.73409
1.73232
1.73183
1.73243
1.7336
1.73469
1.73502
1.73403
1.73139
1.72702
1.72125
1.71479
1.70876
1.7044
1.70265
1.70379
1.70736
1.71239
1.71784
1.72281
1.7267
1.72918
1.73015
1.72963
1.72776
1.72479
1.72098
1.71668
1.71226
1.70807
1.70445
1.7016
1.69962
1.69842
1.69778
1.69735
1.69669
1.69537
1.69303
1.68961
1.68552
1.68165
1.67917
1.67902
1.68139
1.68563
1.69062
1.69531
1.69906
1.7017
1.70332
1.70418
1.70451
1.7045
1.70427
1.70392
1.70353
1.70315
1.70287
1.70274
1.7028
1.70305
1.7035
1.70415
1.70501
1.70609
1.70742
1.70899
1.7108
1.71277
1.71481
1.7168
1.71858
1.72
1.72094
1.72127
1.7209
1.71975
1.71782
1.71512
1.71178
1.70799
1.70406
1.70037
1.69732
1.69526
1.69441
1.69483
1.69641
1.69892
1.70205
1.70551
1.70905
1.71248
1.71568
1.71858
1.72117
1.72346
1.72546
1.7272
1.72869
1.72994
1.73093
1.73167
1.73211
1.73222
1.73199
1.73139
1.73043
1.72916
1.72766
1.7261
1.72468
1.72361
1.7231
1.7233
1.72426
1.72589
1.72806
1.73055
1.73316
1.73572
1.73812
1.74029
1.74224
1.74396
1.7455
1.74689
1.74816
1.74933
1.7504
1.75137
1.75218
1.75281
1.7532
1.75333
1.7532
1.75285
1.75238
1.75195
1.75174
1.75195
1.75273
1.75414
1.75613
1.75858
1.76132
1.76415
1.76692
1.76951
1.77184
1.77389
1.77564
1.77707
1.77814
1.77878
1.77889
1.77833
1.777
1.77481
1.77176
1.76798
1.76374
1.75945
1.75562
1.75273
1.7511
1.75086
1.75189
1.75394
1.75669
1.7598
1.76296
1.76591
1.76838
1.77015
1.77102
1.77085
1.76956
1.76718
1.76388
1.75997
1.75595
1.75236
1.74972
1.74831
1.74812
1.74878
1.74974
1.75046
1.75056
1.74995
1.74888
1.7478
1.74721
1.74753
1.74885
1.75103
1.75371
1.75652
1.75914
1.76139
1.76324
1.76471
1.76589
1.76686
1.76771
1.7685
1.76925
1.76996
1.77064
1.77124
1.77172
1.77204
1.77215
1.77198
1.7715
1.77068
1.7695
1.76796
1.76609
1.76394
1.76158
1.75909
1.75656
1.75405
1.75158
1.74913
1.74663
1.74397
1.74103
1.73774
1.73418
1.73063
1.72765
1.72596
1.72626
1.72896
1.73391
1.74049
1.74785
1.75515
1.7618
1.76745
1.77196
1.7753
1.77748
1.77853
1.77843
1.77713
1.77458
1.77073
1.7656
1.75937
1.75245
1.74555
1.73975
1.73626
1.7361
1.73965
1.74645
1.75531
1.7648
1.77363
1.78094
1.78629
1.7896
1.79095
1.7906
1.78886
1.78611
1.78279
1.77935
1.77626
1.77389
1.77256
1.7724
1.77344
1.77556
1.77854
1.7821
1.78597
1.78994
1.79384
1.7976
1.80119
1.80461
1.80787
1.81097
1.81385
1.81649
1.81882
1.82077
1.82231
1.8234
1.82403
1.82423
1.82402
1.82344
1.8225
1.82118
1.8194
1.81697
1.81364
1.80903
1.80272
1.79439
1.78407
1.77259
1.76189
1.75476
1.75358
1.75884
1.76881
1.78069
1.79208
1.80167
1.80915
1.81475
1.81898
1.82234
1.8253
1.82816
1.83104
1.8339
1.83661
1.83896
1.84077
1.8419
1.84231
1.842
1.84103
1.8395
1.83753
1.83524
1.83276
1.8302
1.82764
1.82517
1.82281
1.8206
1.81855
1.81665
1.8149
1.81332
1.81191
1.81069
1.80968
1.80888
1.80831
1.80797
1.80786
1.80797
1.80829
1.8088
1.80947
1.81027
1.81117
1.81209
1.813
1.81382
1.81451
1.81501
1.81528
1.81527
1.81496
1.81431
1.81331
1.81193
1.81015
1.80799
1.80547
1.80266
1.79969
1.79675
1.79409
1.79198
1.7907
1.79042
1.79122
1.79299
1.79548
1.79833
1.80114
1.80357
1.80536
1.80642
1.80676
1.80652
1.80595
1.80532
1.8049
1.80491
1.80546
1.80658
1.80818
1.81007
1.81205
1.81389
1.81539
1.81637
1.81672
1.81635
1.81521
1.81329
1.81062
1.80724
1.80323
1.79869
1.79371
1.78841
1.78289
1.77726
1.77172
1.76649
1.7619
1.7583
1.75601
1.75522
1.75596
1.75814
1.76155
1.76587
1.77065
1.77535
1.77941
1.78237
1.784
1.78428
1.78337
1.78155
1.77913
1.77645
1.77382
1.77148
1.76958
1.76817
1.76718
1.76653
1.76621
1.7663
1.76696
1.76827
1.77022
1.77263
1.77527
1.77791
1.78039
1.78266
1.78474
1.78669
1.78856
1.79036
1.79206
1.79358
1.79482
1.7957
1.79612
1.79602
1.79535
1.79411
1.79228
1.78986
1.78684
1.78321
1.77891
1.77386
1.76801
1.76136
1.75409
1.74666
1.73981
1.73441
1.7312
1.73041
1.73169
1.73425
1.73721
1.73991
1.74199
1.74333
1.74391
1.74368
1.74256
1.74039
1.73713
1.73285
1.72787
1.72277
1.71829
1.71532
1.71467
1.71689
1.72197
1.7293
1.73779
1.74628
1.7538
1.75978
1.76402
1.76655
1.76756
1.76731
1.76606
1.76406
1.76155
1.75878
1.75598
1.75335
1.7511
1.74935
1.7482
1.74765
1.74767
1.74814
1.74894
1.74993
1.75097
1.75195
1.75279
1.75343
1.75382
1.75394
1.75374
1.75319
1.75221
1.75072
1.74859
1.74571
1.74198
1.73738
1.73201
1.72614
1.72024
1.71495
1.71092
1.70872
1.70865
1.71071
1.7146
1.71985
1.72585
1.73203
1.73791
1.74315
1.74755
1.75106
1.75368
1.75551
1.75662
1.75711
1.75705
1.7565
1.75549
1.75406
1.75222
1.75003
1.74753
1.74481
1.742
1.73927
1.73682
1.73485
1.73355
1.73302
1.73329
1.73431
1.73592
1.73793
1.74014
1.74236
1.74443
1.74626
1.74781
1.74906
1.75004
1.75081
1.75141
1.75189
1.75227
1.75255
1.75271
1.75273
1.75255
1.75216
1.75152
1.75065
1.74958
1.74835
1.74705
1.74575
1.74452
1.74346
1.74263
1.74212
1.74203
1.74245
1.74347
1.74515
1.74753
1.75057
1.75417
1.75816
1.76233
1.76643
1.77025
1.77358
1.77627
1.77824
1.77941
1.77979
1.77937
1.77819
1.77627
1.77363
1.77028
1.7662
1.76139
1.75588
1.74983
1.74365
1.73805
1.734
1.73244
1.7339
1.73817
1.74438
1.75128
1.75773
1.76295
1.76653
1.76843
1.76884
1.76815
1.76679
1.76525
1.76389
1.7629
1.76225
1.76168
1.76086
1.75941
1.75706
1.75365
1.74913
1.74362
1.73732
1.73053
1.72362
1.71703
1.71118
1.70645
1.7031
1.70128
1.70101
1.70219
1.70467
1.70824
1.71267
1.71769
1.723
1.72832
1.73339
1.73802
1.74206
1.74547
1.74822
1.75035
1.75193
1.75301
1.75368
1.75399
1.754
1.75375
1.75327
1.75257
1.75164
1.75045
1.74898
1.74714
1.74485
1.74198
1.73839
1.73388
1.7283
1.72154
1.7137
1.70524
1.69707
1.69056
1.68708
1.68742
1.69128
1.69747
1.70441
1.71086
1.71617
1.7203
1.72361
1.72663
1.72983
1.73348
1.73758
1.74188
1.74601
1.74952
1.75202
1.75323
1.75301
1.75143
1.74878
1.74555
1.74241
1.74002
1.73885
1.73905
1.74044
1.74263
1.74508
1.74733
1.74897
1.74972
1.74945
1.74819
1.74614
1.74361
1.74097
1.73858
1.73673
1.73558
1.73519
1.73554
1.73659
1.73828
1.7406
1.74345
1.74676
1.75039
1.75429
1.75847
1.76297
1.76783
1.77292
1.77802
1.78284
1.7871
1.79063
1.79339
1.79544
1.79685
1.79768
1.79794
1.79757
1.79647
1.7945
1.79158
1.78769
1.78292
1.77751
1.77189
1.7666
1.76224
1.75936
1.75834
1.75936
1.76245
1.7674
1.77381
1.78104
1.78825
1.79457
1.79927
1.80176
1.80172
1.79904
1.79385
1.78647
1.77739
1.76717
1.7564
1.74565
1.73566
1.72741
1.72193
1.71994
1.72146
1.72599
1.73294
1.74193
1.75261
1.76437
1.77626
1.7873
1.79668
1.80402
1.8092
1.81233
1.81357
1.81305
1.81086
1.80705
1.8017
1.79507
1.78769
1.78053
1.77485
1.77189
1.77232
1.77588
1.78159
1.78813
1.79438
1.79965
1.80363
1.8063
1.80776
1.80819
1.80773
1.8065
1.80458
1.80202
1.79882
1.79501
1.79068
1.78606
1.78158
1.77792
1.77583
1.77589
1.77821
1.78229
1.78718
1.79183
1.79542
1.79747
1.7979
1.79695
1.79501
1.79258
1.7901
1.78788
1.78606
1.78455
1.78313
1.78147
1.77924
1.77624
1.77237
1.76775
1.76268
1.75765
1.75331
1.75039
1.74963
1.75151
1.75607
1.76272
1.77033
1.77758
1.78322
1.7864
1.78675
1.78424
1.77922
1.77226
1.76413
1.75584
1.7485
1.74317
1.74064
1.74118
1.74445
1.74971
1.75606
1.76269
1.76903
1.77471
1.77954
1.78343
1.78633
1.78822
1.78911
1.78905
1.78811
1.78646
1.78433
1.78199
1.77977
1.77795
1.77675
1.77624
1.77631
1.77673
1.77714
1.77716
1.77646
1.77485
1.7723
1.76902
1.76543
1.7621
1.75963
1.75849
1.75884
1.76056
1.76328
1.7665
1.76978
1.77273
1.77513
1.77686
1.77798
1.77866
1.77918
1.7799
1.78111
1.78298
1.78545
1.78833
1.79127
1.79393
1.796
1.79728
1.79767
1.79713
1.7957
1.79346
1.79049
1.7869
1.78283
1.77838
1.77369
1.76889
1.76411
1.7595
1.75524
1.75152
1.74854
1.74649
1.74549
1.74558
1.74671
1.74868
1.75124
1.75407
1.75687
1.75934
1.7612
1.76227
1.76238
1.76149
1.75964
1.75697
1.75369
1.75004
1.74617
1.74215
1.73794
1.73348
1.72894
1.72478
1.72183
1.72098
1.72276
1.72705
1.73303
1.7396
1.74573
1.75073
1.75426
1.75624
1.75673
1.75586
1.75376
1.75058
1.74645
1.7416
1.73629
1.73089
1.7258
1.72143
1.71807
1.71584
1.71462
1.71414
1.71406
1.71405
1.71388
1.71342
1.71264
1.71161
1.71042
1.70921
1.70807
1.70711
1.70639
1.70591
1.70567
1.70563
1.70571
1.70585
1.70599
1.70608
1.70607
1.70592
1.70561
1.70512
1.70443
1.7035
1.70229
1.70077
1.69889
1.69658
1.69381
1.69058
1.68696
1.68311
1.67933
1.676
1.67356
1.67239
1.67268
1.67439
1.67724
1.68085
1.6848
1.68877
1.69252
1.69596
1.69903
1.70174
1.70412
1.70618
1.70792
1.70935
1.71044
1.71116
1.71145
1.7113
1.71067
1.7096
1.70817
1.70654
1.70499
1.70381
1.70331
1.70371
1.70502
1.70704
1.70934
1.71132
1.71228
1.71145
1.70812
1.70174
1.69226
1.68063
1.66918
1.66116
1.65922
1.6636
1.67204
1.68135
1.68919
1.6946
1.69772
1.69919
1.69974
1.69989
1.69997
1.70005
1.70011
1.70008
1.69995
1.69973
1.6995
1.69933
1.69926
1.69931
1.69953
1.70001
1.70087
1.7023
1.70442
1.70725
1.71068
1.71444
1.71821
1.72167
1.72461
1.72692
1.72861
1.72977
1.7305
1.73093
1.73112
1.73114
1.73099
1.73067
1.73016
1.72947
1.72858
1.72752
1.72631
1.72502
1.7237
1.72244
1.72131
1.72041
1.71982
1.7196
1.71978
1.72037
1.72131
1.72255
1.72398
1.72553
1.72712
1.7287
1.73026
1.73181
1.73336
1.7349
1.73644
1.73793
1.7393
1.74046
1.74132
1.74176
1.74166
1.74093
1.73944
1.73707
1.73366
1.72901
1.72294
1.71534
1.70649
1.69738
1.6899
1.68637
1.68842
1.69582
1.70661
1.71821
1.72867
1.73709
1.7434
1.74797
1.75127
1.7537
1.75555
1.75699
1.75809
1.75888
1.75937
1.75958
1.75953
1.75924
1.75877
1.75816
1.75748
1.75679
1.75616
1.75565
1.75533
1.75522
1.75537
1.75576
1.75642
1.75738
1.75865
1.76029
1.76234
1.76477
1.76753
1.77047
1.7734
1.77607
1.7782
1.77956
1.77993
1.77916
1.7772
1.77404
1.76978
1.76453
1.75846
1.75182
1.74493
1.73835
1.73284
1.72942
1.72904
1.73221
1.73866
1.74731
1.75671
1.76543
1.77245
1.77722
1.77959
1.7798
1.77842
1.7763
1.77448
1.77395
1.77529
1.77852
1.78313
1.78829
1.79317
1.79715
1.79982
1.801
1.80061
1.79869
1.79532
1.79066
1.78493
1.77843
1.77153
1.76468
1.75838
1.75304
1.74896
1.74623
1.74476
1.7443
1.74461
1.74545
1.74665
1.74809
1.74963
1.75114
1.75251
1.75364
1.75448
1.75502
1.75528
1.75527
1.755
1.75446
1.75361
1.75244
1.75093
1.74911
1.74701
1.74471
1.74225
1.73969
1.73708
1.73447
1.7319
1.72946
1.72726
1.72542
1.72405
1.72322
1.7229
1.72302
1.7234
1.72387
1.72424
1.72438
1.72419
1.72363
1.72269
1.72139
1.71977
1.71789
1.7158
1.71357
1.71125
1.7089
1.70659
1.70435
1.70223
1.70025
1.69842
1.69671
1.69507
1.69341
1.69161
1.68951
1.68696
1.68375
1.67972
1.67477
1.66894
1.66257
1.65641
1.65164
1.64963
1.65136
1.65688
1.66519
1.67465
1.68369
1.69118
1.69652
1.69953
1.70029
1.69904
1.69613
1.69208
1.68754
1.6833
1.68006
1.67829
1.67801
1.67884
1.68014
1.68123
1.68158
1.68092
1.67927
1.6769
1.6743
1.67207
1.67074
1.67059
1.67156
1.67326
1.67515
1.67673
1.67773
1.67812
1.67813
1.67806
1.6782
1.67873
1.6796
1.68065
1.6816
1.68222
1.68234
1.68192
1.68101
1.67976
1.67836
1.677
1.67585
1.67502
1.67459
1.67457
1.67495
1.67572
1.67683
1.67827
1.67999
1.68196
1.68414
1.68646
1.68888
1.69132
1.69371
1.696
1.69812
1.70003
1.70166
1.70297
1.7039
1.70438
1.70433
1.70367
1.70228
1.70006
1.69693
1.69285
1.68794
1.68246
1.67692
1.67205
1.66865
1.66738
1.66855
1.67201
1.67721
1.6834
1.68987
1.696
1.7014
1.70585
1.70923
1.71153
1.71277
1.713
1.71226
1.71062
1.70817
1.70504
1.70145
1.69771
1.69422
1.69141
1.68965
1.6892
1.69013
1.6923
1.69549
1.69938
1.70365
1.70803
1.71226
1.71614
1.71953
1.7223
1.72438
1.72571
1.72626
1.72603
1.72506
1.72344
1.72136
1.7191
1.71705
1.71568
1.71542
1.71656
1.71914
1.72292
1.72747
1.7323
1.73698
1.74119
1.74478
1.74771
1.75004
1.75185
1.75326
1.75437
1.75529
1.75607
1.75675
1.75737
1.75791
1.75836
1.7587
1.75887
1.75884
1.75852
1.75785
1.75676
1.75522
1.75326
1.75102
1.74875
1.74682
1.74562
1.74545
1.74639
1.74828
1.75073
1.75327
1.75547
1.75699
1.75768
1.7575
1.7565
1.75482
1.75261
1.75009
1.7475
1.74512
1.74324
1.74207
1.74176
1.74229
1.74349
1.74509
1.74681
1.74838
1.74962
1.75043
1.75081
1.75081
1.75053
1.75007
1.74956
1.74908
1.74874
1.74858
1.74866
1.749
1.74962
1.75052
1.75169
1.75313
1.7548
1.75665
1.75862
1.76061
1.76254
1.76434
1.76595
1.76731
1.7684
1.76922
1.76976
1.77004
1.77008
1.76989
1.76947
1.76883
1.76796
1.76682
1.76536
1.76352
1.7612
1.75829
1.75469
1.75032
1.74518
1.73938
1.73322
1.72718
1.72183
1.71773
1.71526
1.71452
1.71534
1.71737
1.72022
1.72346
1.7267
1.72958
1.73183
1.73329
1.73396
1.734
1.73371
1.73344
1.73357
1.73441
1.73612
1.73872
1.74205
1.74587
1.74985
1.75369
1.75712
1.75997
1.7621
1.76346
1.76402
1.76378
1.76274
1.76093
1.75835
1.75505
1.75108
1.74656
1.74163
1.73653
1.73154
1.72702
1.72332
1.72075
1.71953
1.71968
1.72106
1.72332
1.72605
1.7288
1.73119
1.73294
1.73391
1.73412
1.73371
1.73291
1.73204
1.73135
1.73102
1.73106
1.73134
1.7316
1.73154
1.73088
1.72945
1.72722
1.72428
1.72089
1.71741
1.71428
1.71198
1.71091
1.71134
1.71333
1.7167
1.72111
1.72611
1.73127
1.73623
1.74075
1.74468
1.74799
1.75068
1.75281
1.75444
1.75566
1.75653
1.75713
1.75752
1.75775
1.75788
1.75793
1.75795
1.75797
1.75801
1.75808
1.75821
1.7584
1.75866
1.75898
1.75939
1.75986
1.76039
1.76097
1.76158
1.76219
1.76278
1.7633
1.76369
1.76389
1.76384
1.76346
1.76268
1.76148
1.75983
1.75776
1.75535
1.75268
1.74986
1.74693
1.74379
1.74022
1.73582
1.73021
1.72331
1.71579
1.70921
1.70556
1.70615
1.71075
1.71795
1.72635
1.73536
1.74504
1.75543
1.76608
1.77618
1.78498
1.79201
1.79715
1.80053
1.8024
1.80305
1.80274
1.80167
1.79998
1.79776
1.79504
1.79181
1.78799
1.78347
1.7781
1.77176
1.76435
1.75591
1.74674
1.73741
1.72886
1.72217
1.71826
1.71757
1.71986
1.72439
1.73023
1.73649
1.74249
1.7478
1.75225
1.75587
1.75885
1.76145
1.7639
1.76635
1.76885
1.77139
1.77392
1.7764
1.77878
1.78105
1.78316
1.78506
1.7867
1.78805
1.78909
1.78983
1.7903
1.79056
1.79067
1.79067
1.79062
1.79053
1.79043
1.79029
1.79008
1.78976
1.78925
1.7885
1.78743
1.78596
1.78403
1.78156
1.77852
1.77487
1.77066
1.76596
1.76096
1.75588
1.75102
1.74669
1.74318
1.74071
1.7394
1.73931
1.74039
1.74253
1.7456
1.7494
1.75377
1.75853
1.7635
1.76853
1.77349
1.77824
1.78268
1.78669
1.79019
1.79306
1.79521
1.79653
1.79689
1.79618
1.79424
1.79096
1.78621
1.77992
1.77212
1.76299
1.75294
1.74271
1.73335
1.7261
1.72204
1.72174
1.72495
1.73066
1.73753
1.74428
1.75001
1.75428
1.75702
1.75839
1.75867
1.75816
1.75716
1.75586
1.75443
1.75298
1.75156
1.75021
1.74893
1.74771
1.74651
1.74528
1.74394
1.74247
1.74088
1.73922
1.73764
1.73634
1.73548
1.7352
1.73554
1.73644
1.73777
1.73933
1.74097
1.74254
1.74398
1.74526
1.74639
1.7474
1.74834
1.74924
1.75012
1.75098
1.75183
1.75262
1.75334
1.75392
1.75434
1.75451
1.75439
1.75389
1.75296
1.7515
1.74945
1.74675
1.74337
1.73927
1.73446
1.72898
1.7229
1.71635
1.70956
1.70297
1.69716
1.69287
1.69075
1.69108
1.69367
1.69783
1.70273
1.70762
1.71212
1.71621
1.7201
1.72404
1.72815
1.73232
1.73631
1.73985
1.74272
1.74492
1.7466
1.74805
1.74962
1.75161
1.7542
1.75738
1.76104
1.76498
1.76903
1.77307
1.77706
1.78099
1.78487
1.78866
1.79233
1.79577
1.79885
1.80143
1.80338
1.80455
1.80485
1.80418
1.80248
1.79972
1.79593
1.7912
1.78573
1.7798
1.77378
1.76806
1.76296
1.7587
1.75537
1.7529
1.75121
1.75023
1.74995
1.75046
1.7519
1.75441
1.75807
1.76284
1.76854
1.77485
1.7814
1.7878
1.79369
1.79882
1.80304
1.80626
1.80846
1.80966
1.80986
1.80908
1.80738
1.80488
1.80183
1.79864
1.79586
1.79409
1.79379
1.7951
1.79781
1.80138
1.80518
1.80862
1.81132
1.81304
1.81373
1.81343
1.81222
1.81025
1.80768
1.80472
1.8016
1.79856
1.79582
1.79356
1.79183
1.79061
1.78978
1.78915
1.78851
1.78772
1.78665
1.78525
1.78352
1.7815
1.77926
1.77688
1.77445
1.77209
1.76987
1.76791
1.76632
1.76518
1.76459
1.76457
1.76509
1.76606
1.76731
1.76863
1.76976
1.77043
1.77044
1.76963
1.76793
1.7654
1.76224
1.75884
1.75575
1.75368
1.75327
1.75495
1.75876
1.7643
1.77094
1.77798
1.78485
1.79116
1.79671
1.8014
1.8052
1.80814
1.81027
1.81166
1.81241
1.81264
1.81247
1.81202
1.8114
1.81069
1.8099
1.80904
1.80805
1.80685
1.80533
1.80339
1.80096
1.79801
1.79463
1.791
1.78744
1.78429
1.78181
1.78006
1.77885
1.77785
1.77681
1.77569
1.77485
1.7749
1.77654
1.78019
1.78576
1.7927
1.8002
1.80751
1.81413
1.8198
1.82446
1.8282
1.83111
1.8333
1.83489
1.83592
1.83647
1.83655
1.83619
1.83541
1.83424
1.83273
1.83093
1.82895
1.82686
1.82479
1.82279
1.82092
1.81921
1.81765
1.81624
1.81498
1.81387
1.81292
1.81212
1.81144
1.81085
1.8103
1.80972
1.80909
1.80842
1.80779
1.80731
1.80714
1.80741
1.80824
1.80967
1.81165
1.81406
1.81671
1.81942
1.822
1.82427
1.82612
1.82744
1.82815
1.82821
1.82758
1.82622
1.82413
1.82127
1.81765
1.8133
1.80824
1.80254
1.79632
1.7897
1.78287
1.77609
1.76968
1.76399
1.75943
1.75629
1.75474
1.75474
1.75604
1.75828
1.76104
1.76394
1.76667
1.76906
1.771
1.77251
1.77364
1.77445
1.77499
1.77525
1.77516
1.77459
1.77334
1.77115
1.76773
1.76275
1.75592
1.74709
1.73643
1.72463
1.71308
1.70375
1.69858
1.69857
1.70323
1.71093
1.71969
1.72796
1.73484
1.74
1.74347
1.74546
1.74621
1.74599
1.74505
1.74364
1.74197
1.74022
1.73848
1.73671
1.73471
1.73207
1.72819
1.72242
1.71423
1.70371
1.69205
1.68178
1.67597
1.67657
1.68305
1.69287
1.70329
1.71264
1.7205
1.72718
1.73319
1.73887
1.74439
1.74972
1.75477
1.75945
1.76372
1.76755
1.77097
1.77403
1.77675
1.77917
1.78127
1.78304
1.78443
1.78532
1.78557
1.78497
1.78323
1.78001
1.77487
1.76734
1.75701
1.74363
1.72741
1.70932
1.69132
1.67619
1.66673
1.66457
1.66949
1.67976
1.69315
1.70776
1.72223
1.73568
1.74753
1.75746
1.7654
1.77145
1.77586
1.77895
1.78106
1.78251
1.78358
1.78445
1.78525
1.78604
1.78681
1.78752
1.7881
1.78845
1.7885
1.78816
1.78736
1.78604
1.78419
1.7818
1.77893
1.77567
1.77219
1.76867
1.76536
1.76248
1.76021
1.75861
1.75767
1.75726
1.75721
1.75739
1.75774
1.75831
1.75928
1.76083
1.76315
1.76634
1.77033
1.77495
1.77988
1.78479
1.78933
1.79322
1.79627
1.79835
1.79945
1.79959
1.79889
1.79747
1.79551
1.79318
1.79066
1.78814
1.78577
1.78374
1.7822
1.78128
1.78108
1.7816
1.78275
1.78434
1.78605
1.78746
1.78809
1.78737
1.7847
1.77951
1.77136
1.76017
1.74647
1.73161
1.71761
1.70673
1.7006
1.69976
1.70367
1.7111
1.72058
1.73067
1.7402
1.74834
1.75467
1.7591
1.76179
1.76307
1.76334
1.76301
1.76248
1.76209
1.76217
1.76293
1.76444
1.76665
1.76933
1.77216
1.77483
1.77707
1.7787
1.77966
1.77993
1.7796
1.77874
1.77748
1.77592
1.77419
1.7724
1.77065
1.76903
1.76762
1.76648
1.76562
1.76506
1.76478
1.76471
1.76479
1.76493
1.76503
1.76499
1.7647
1.76404
1.7629
1.76116
1.75874
1.75557
1.75165
1.74706
1.74203
1.7369
1.73213
1.72819
1.72542
1.72397
1.72372
1.72436
1.72544
1.72652
1.72727
1.72747
1.72707
1.72617
1.72505
1.72408
1.72364
1.72404
1.72544
1.72777
1.73084
1.73434
1.73793
1.74123
1.74387
1.74546
1.74562
1.74405
1.74053
1.73498
1.72749
1.71842
1.70843
1.69848
1.68971
1.68327
1.68005
1.68044
1.68418
1.6904
1.6978
1.70507
1.71116
1.71543
1.71768
1.71804
1.71688
1.71475
1.71226
1.70996
1.70829
1.70747
1.70749
1.70813
1.70909
1.71008
1.71085
1.71124
1.71115
1.71056
1.70949
1.70797
1.70605
1.70383
1.70139
1.69886
1.69638
1.69409
1.69214
1.69063
1.68961
1.68907
1.68895
1.68911
1.6894
1.68965
1.68967
1.6893
1.68839
1.68678
1.68435
1.68099
1.67661
1.67119
1.66478
1.65757
1.64988
1.64224
1.6353
1.6298
1.62642
1.62559
1.62738
1.63147
1.63722
1.64388
1.65073
1.6572
1.6629
1.66765
1.67134
1.67397
1.67555
1.67611
1.67568
1.6743
1.67203
1.66901
1.66546
1.66169
1.65811
1.65513
1.65311
1.65222
1.65243
1.65348
1.65504
1.65676
1.65837
1.6597
1.6607
1.6614
1.6619
1.6623
1.6627
1.6632
1.66385
1.66468
1.66567
1.6668
1.66802
1.66928
1.67052
1.6717
1.6728
1.67378
1.67465
1.6754
1.67603
1.67655
1.67696
1.67729
1.67753
1.6777
1.67781
1.67787
1.67788
1.67784
1.67776
1.67765
1.6775
1.6773
1.67703
1.67667
1.67618
1.67549
1.67453
1.67321
1.67144
1.66912
1.66616
1.66252
1.65822
1.65343
1.64848
1.64391
1.6404
1.63864
1.63914
1.64204
1.64705
1.65355
1.66078
1.66802
1.67475
1.68068
1.68571
1.68987
1.69331
1.69617
1.69861
1.70076
1.70271
1.70455
1.70633
1.70809
1.70986
1.71165
1.71348
1.71534
1.71723
1.71913
1.721
1.7228
1.72451
1.72608
1.72747
1.72867
1.72967
1.73049
1.73114
1.7317
1.73223
1.73281
1.73348
1.7343
1.73524
1.73628
1.73731
1.73825
1.739
1.73944
1.73949
1.73909
1.73815
1.73658
1.73429
1.73115
1.72701
1.72178
1.71537
1.70783
1.69934
1.69028
1.68117
1.6727
1.66564
1.66075
1.65867
1.65979
1.6641
1.67111
1.68002
1.68988
1.69984
1.70931
1.71799
1.72575
1.7326
1.73856
1.74361
1.74768
1.75066
1.75244
1.75294
1.7522
1.7504
1.74789
1.74516
1.74265
1.74065
1.7391
1.73757
1.73542
1.73209
1.72737
1.72163
1.71589
1.71155
1.70975
1.71087
1.71431
1.71886
1.72333
1.72689
1.72918
1.73022
1.73018
1.72931
1.72787
1.72604
1.72397
1.72175
1.71945
1.71712
1.71479
1.71248
1.71023
1.70807
1.70601
1.70409
1.70231
1.70067
1.69915
1.69773
1.69639
1.69512
1.69391
1.69277
1.69173
1.69082
1.69008
1.68956
1.68927
1.68921
1.68937
1.68972
1.69022
1.69084
1.69154
1.69229
1.69307
1.69389
1.69472
1.69558
1.69647
1.6974
1.69838
1.69941
1.7005
1.70164
1.70282
1.70403
1.70523
1.7064
1.70748
1.70841
1.70914
1.70959
1.70968
1.70933
1.70844
1.70691
1.70461
1.70141
1.69713
1.69161
1.68472
1.67646
1.66712
1.65746
1.64877
1.64254
1.63971
1.64005
1.64221
1.6447
1.64676
1.64876
1.65175
1.65671
1.66389
1.67268
1.68202
1.69089
1.69865
1.70505
1.71011
1.71402
1.71702
1.71932
1.72109
1.72245
1.7235
1.72429
1.72483
1.72513
1.72518
1.72494
1.72434
1.7233
1.72175
1.71955
1.7166
1.71279
1.70809
1.70252
1.69626
1.68961
1.68296
1.67677
1.67139
1.66709
1.66405
1.6624
1.66226
1.66367
1.66653
1.67054
1.67525
1.68008
1.68452
1.68819
1.69092
1.69283
1.69422
1.69554
1.69718
1.69935
1.70199
1.70483
1.70746
1.70945
1.71044
1.71013
1.70836
1.70511
1.70061
1.69546
1.69055
1.68696
1.68551
1.68642
1.68922
1.69299
1.69684
1.70012
1.70259
1.70422
1.70516
1.70553
1.70547
1.70505
1.70434
1.70339
1.70222
1.70086
1.69935
1.6977
1.69594
1.69414
1.69237
1.69073
1.68937
1.68842
1.68801
1.68825
1.68919
1.69081
1.69302
1.69569
1.69862
1.70163
1.70456
1.70726
1.70963
1.71161
1.71315
1.71426
1.71492
1.71515
1.71493
1.71426
1.71313
1.71152
1.70945
1.70691
1.704
1.70083
1.69762
1.69462
1.69213
1.69038
1.68952
1.68951
1.69019
1.69132
1.69261
1.69383
1.69479
1.69544
1.69576
1.6958
1.69567
1.69546
1.69528
1.69526
1.69548
1.69603
1.69696
1.6983
1.70006
1.70221
1.70469
1.70744
1.71035
1.71334
1.71628
1.71905
1.72156
1.72369
1.72537
1.72654
1.72718
1.72729
1.72696
1.72629
1.72546
1.72467
1.72415
1.72414
1.72482
1.72629
1.72858
1.7316
1.73518
1.73911
1.74313
1.74699
1.75047
1.7534
1.7556
1.75698
1.75746
1.75699
1.7556
1.75339
1.75062
1.74767
1.74513
1.74365
1.74381
1.74591
1.7498
1.75492
1.76045
1.76556
1.76959
1.77214
1.77308
1.77248
1.77062
1.76783
1.76451
1.76098
1.7575
1.7542
1.75116
1.74845
1.74624
1.74471
1.74397
1.744
1.74468
1.74594
1.74795
1.75107
1.75565
1.76173
1.76895
1.77664
1.78411
1.79079
1.79634
1.80064
1.80374
1.8057
1.80666
1.80668
1.80584
1.80419
1.8018
1.7988
1.79542
1.79202
1.78909
1.78709
1.7864
1.78711
1.78903
1.79172
1.79469
1.7975
1.79987
1.80167
1.80291
1.80372
1.80425
1.80465
1.80507
1.80557
1.80616
1.80678
1.80735
1.80774
1.80785
1.80757
1.80683
1.80556
1.80373
1.80129
1.79824
1.79459
1.79036
1.78564
1.78057
1.77533
1.77019
1.76544
1.76136
1.75817
1.75601
1.75487
1.75462
1.75505
1.75588
1.7569
1.75802
1.7594
1.76136
1.76432
1.76851
1.77392
1.78015
1.78662
1.79272
1.79799
1.80217
1.80518
1.8071
1.80805
1.8082
1.80774
1.8068
1.80553
1.80404
1.8024
1.80067
1.7989
1.79708
1.79525
1.79339
1.79154
1.78973
1.788
1.78644
1.78513
1.78415
1.78358
1.78343
1.78367
1.78423
1.78499
1.78581
1.78657
1.78714
1.78744
1.78741
1.78705
1.78639
1.78548
1.78443
1.78335
1.78237
1.78162
1.78121
1.78123
1.78169
1.78257
1.78382
1.78531
1.78693
1.78855
1.79004
1.7913
1.79224
1.7928
1.79291
1.79253
1.79163
1.79016
1.78811
1.78546
1.78224
1.77849
1.77431
1.76983
1.7652
1.7606
1.7562
