0.0727308
0.0733511
0.0740683
0.0749212
0.0759637
0.0772582
0.0788755
0.0808857
0.0833381
0.0862352
0.0894832
0.0928244
0.0957898
0.0977455
0.0980913
0.096544
0.0933023
0.0889405
0.0841382
0.0794577
0.0752534
0.0716933
0.0688132
0.0665788
0.0649192
0.0637591
0.063019
0.0626215
0.0624938
0.0625667
0.0627741
0.0630574
0.0633723
0.0636942
0.0640195
0.0643624
0.0647516
0.0652234
0.0658152
0.0665551
0.0674641
0.0685515
0.0698169
0.0712511
0.0728345
0.0745345
0.0763099
0.0781007
0.0798292
0.0814
0.0827116
0.0836653
0.0841921
0.0842654
0.0839137
0.0832114
0.0822681
0.0812005
0.0801188
0.0791192
0.078279
0.0776562
0.0772942
0.0772172
0.0774221
0.0778841
0.0785544
0.079381
0.0803289
0.0813836
0.0825495
0.0838116
0.0850907
0.0861987
0.0868453
0.0867214
0.0856174
0.0835449
0.0807419
0.0775991
0.0745193
0.0718244
0.0697101
0.0682536
0.0674515
0.0672452
0.0675526
0.0682743
0.0693052
0.0705397
0.0718814
0.0732488
0.0745855
0.0758664
0.0770945
0.0782994
0.079514
0.0807646
0.0820517
0.0833469
0.0845948
0.0857296
0.0866873
0.0874283
0.0879365
0.0882186
0.0882967
0.0882046
0.0879833
0.0876807
0.0873391
0.0869836
0.086618
0.0862222
0.0857653
0.0852158
0.0845548
0.0837845
0.0829207
0.0819914
0.0810211
0.0800307
0.0790353
0.0780438
0.0770638
0.0761022
0.0751723
0.0742886
0.0734706
0.0727341
0.0720947
0.071562
0.0711435
0.070837
0.0706398
0.0705468
0.0705523
0.0706522
0.0708481
0.0711454
0.0715471
0.0720659
0.0727154
0.0735115
0.0744747
0.0756264
0.0769953
0.0786067
0.0804832
0.0826215
0.0849744
0.0874305
0.0898089
0.0918931
0.0934912
0.0945
0.0949157
0.094795
0.0942142
0.093265
0.0920725
0.090797
0.0896053
0.0886252
0.087914
0.0874628
0.0872143
0.0870923
0.0870243
0.0869622
0.0868899
0.0868223
0.0867889
0.0868277
0.0869593
0.0871719
0.0874108
0.0875873
0.0875872
0.0873054
0.0866583
0.0856187
0.0842152
0.0825246
0.0806565
0.0787265
0.0768422
0.0750926
0.0735417
0.0722292
0.0711757
0.0703849
0.0698521
0.0695629
0.0694988
0.0696377
0.0699568
0.0704363
0.0710633
0.0718381
0.072771
0.0738878
0.0752257
0.0768223
0.0787028
0.0808647
0.0832584
0.085776
0.0882672
0.0905748
0.0925939
0.0943087
0.0957837
0.0970989
0.0982784
0.099259
0.0999126
0.100128
0.0998766
0.0992332
0.098339
0.0973325
0.096296
0.0952386
0.0941124
0.0928431
0.0913712
0.0896796
0.0878098
0.0858486
0.0839078
0.0820965
0.0805003
0.0791678
0.0781164
0.0773381
0.0768054
0.0764795
0.0763138
0.0762575
0.0762583
0.0762672
0.0762384
0.0761363
0.0759394
0.0756443
0.0752589
0.0748098
0.0743299
0.0738541
0.0734175
0.0730444
0.0727483
0.0725312
0.0723821
0.0722816
0.0722074
0.0721334
0.0720376
0.0719079
0.0717364
0.0715279
0.0712912
0.0710391
0.070788
0.0705501
0.0703415
0.0701717
0.0700549
0.0700014
0.0700238
0.0701331
0.0703347
0.0706274
0.0709974
0.0714194
0.0718541
0.0722537
0.0725698
0.0727614
0.0728085
0.0727098
0.072489
0.0721872
0.0718491
0.0715206
0.0712444
0.0710498
0.0709552
0.0709688
0.0710849
0.0712814
0.0715296
0.0717915
0.072029
0.0722005
0.0722808
0.0722568
0.0721312
0.0719221
0.071664
0.0713973
0.0711709
0.07103
0.0710195
0.0711787
0.0715356
0.0721044
0.0728805
0.0738339
0.074909
0.0760219
0.0770793
0.0779944
0.0787167
0.0792396
0.0796081
0.0798988
0.0801929
0.0805557
0.0810158
0.081557
0.0821183
0.0825949
0.0828568
0.0827744
0.08226
0.0812957
0.079948
0.0783454
0.0766456
0.0749936
0.0735051
0.0722552
0.0712817
0.0705986
0.0701976
0.0700633
0.0701675
0.0704816
0.0709714
0.0715978
0.0723236
0.0731119
0.0739328
0.0747654
0.0756034
0.0764536
0.0773445
0.0783116
0.0794017
0.0806532
0.0820773
0.0836307
0.0851945
0.0865621
0.0874904
0.0877793
0.0873697
0.0863825
0.0850689
0.0837123
0.0825531
0.081746
0.0813695
0.0814457
0.0819534
0.0828304
0.0839604
0.0851406
0.0860918
0.0865063
0.0861656
0.0850546
0.0833841
0.0814973
0.0797335
0.0783393
0.077444
0.0770893
0.0772722
0.077974
0.0791848
0.0808983
0.0830878
0.0856587
0.0884016
0.0909668
0.0929493
0.0940525
0.0942516
0.0938097
0.0931169
0.0924975
0.092106
0.0919296
0.0918458
0.0916944
0.0913366
0.0906835
0.0897179
0.0884826
0.0870553
0.0855274
0.083984
0.0824894
0.081084
0.0797858
0.0785964
0.0775081
0.076507
0.0755835
0.0747306
0.0739444
0.0732273
0.0725833
0.0720176
0.0715331
0.071133
0.0708147
0.0705796
0.0704234
0.0703466
0.0703488
0.0704363
0.0706145
0.0708876
0.0712636
0.0717418
0.0723185
0.072983
0.0737191
0.0745075
0.0753254
0.0761508
0.076963
0.0777396
0.0784597
0.0790964
0.0796207
0.0800017
0.0802057
0.0802053
0.0799795
0.0795239
0.0788487
0.0779854
0.0769806
0.0758899
0.0747732
0.0736936
0.0727045
0.0718492
0.0711561
0.0706452
0.070319
0.0701655
0.0701622
0.0702739
0.0704582
0.0706697
0.07086
0.0709858
0.0710151
0.0709271
0.070712
0.0703738
0.0699253
0.0693887
0.0687892
0.0681603
0.0675322
0.0669372
0.0664036
0.0659597
0.0656287
0.0654293
0.0653793
0.0654893
0.0657645
0.0662074
0.0668083
0.0675458
0.0683826
0.0692663
0.0701265
0.0708918
0.071496
0.0718938
0.0720754
0.0720649
0.0719165
0.071701
0.0714931
0.0713587
0.0713537
0.0715201
0.0718889
0.0724786
0.0732918
0.0743212
0.0755421
0.0769182
0.0784038
0.0799497
0.0815108
0.0830406
0.0844842
0.0857615
0.0867559
0.0873184
0.0873024
0.0866134
0.0852562
0.0833463
0.0810816
0.0786872
0.0763687
0.0742822
0.0725273
0.0711565
0.0701865
0.069612
0.0694167
0.0695834
0.0700917
0.0709248
0.0720635
0.0734845
0.0751457
0.0769812
0.0788841
0.0807024
0.0822492
0.0833365
0.0838202
0.0836508
0.0828941
0.0817198
0.0803473
0.0789987
0.0778572
0.0770533
0.0766598
0.0767
0.0771507
0.0779507
0.0790103
0.0802216
0.0814781
0.0827018
0.0838591
0.0849581
0.0860351
0.0871319
0.0882651
0.0894219
0.0905564
0.0916075
0.09252
0.0932619
0.0938284
0.0942453
0.0945575
0.0948148
0.0950735
0.0953932
0.0958395
0.0964786
0.0973696
0.0985495
0.100016
0.101698
0.103438
0.104981
0.106001
0.106185
0.105335
0.10346
0.100786
0.0976867
0.0945684
0.0917655
0.0894841
0.0877869
0.0866029
0.0857618
0.0850352
0.0842072
0.0831261
0.0817425
0.0801111
0.0783562
0.0766232
0.0750401
0.0736965
0.0726345
0.0718613
0.0713553
0.0710773
0.0709764
0.0709979
0.0710818
0.0711744
0.0712234
0.0711895
0.0710425
0.0707671
0.0703621
0.0698417
0.0692309
0.0685667
0.0678934
0.0672579
0.06671
0.0662966
0.0660621
0.0660513
0.0662996
0.0668419
0.0677048
0.0689055
0.0704527
0.0723383
0.0745339
0.0769842
0.0796067
0.0822849
0.0848844
0.0872566
0.089266
0.0908104
0.0918306
0.0923217
0.092323
0.0919087
0.0911746
0.0902312
0.0891882
0.0881376
0.0871506
0.0862625
0.085475
0.0847668
0.0841
0.0834391
0.0827565
0.0820435
0.081312
0.0805942
0.0799396
0.0794109
0.0790734
0.0789904
0.0792182
0.0797844
0.0806684
0.0817764
0.0829253
0.0838695
0.0843684
0.0842892
0.0836724
0.0827175
0.081694
0.0808498
0.0803557
0.0802983
0.0807029
0.0815505
0.0827895
0.0843329
0.0860561
0.0877978
0.0893749
0.0906003
0.0913189
0.0914313
0.0909099
0.0898174
0.0882844
0.0864817
0.0845824
0.0827252
0.0810066
0.0794802
0.0781674
0.0770733
0.0761909
0.0755079
0.0750038
0.0746522
0.0744209
0.0742707
0.0741622
0.0740521
0.0739035
0.0736894
0.0733978
0.0730336
0.072614
0.0721646
0.0717179
0.0713025
0.0709425
0.0706554
0.0704541
0.070342
0.070319
0.0703852
0.0705388
0.0707799
0.0711134
0.0715416
0.0720713
0.0727118
0.0734736
0.0743633
0.0753868
0.0765471
0.0778384
0.0792491
0.0807557
0.0823225
0.0838981
0.085414
0.0867855
0.0879203
0.0887218
0.0891094
0.0890287
0.0884676
0.0874592
0.0860831
0.0844506
0.0826866
0.0809132
0.0792351
0.0777275
0.0764403
0.075393
0.0745868
0.0740028
0.0736107
0.0733713
0.0732433
0.0731835
0.0731554
0.0731258
0.0730763
0.0729976
0.072895
0.0727848
0.0726881
0.0726359
0.0726596
0.0727855
0.073033
0.0734048
0.0738793
0.0744094
0.0749186
0.0753172
0.075522
0.0754778
0.0751803
0.0746765
0.0740521
0.0734043
0.0728189
0.0723621
0.072071
0.0719594
0.0720243
0.0722515
0.0726217
0.073115
0.0737111
0.0743939
0.0751433
0.0759432
0.0767671
0.0775794
0.0783307
0.0789535
0.0793779
0.0795412
0.0794037
0.0789716
0.0782942
0.0774626
0.0765839
0.0757628
0.0750852
0.0746096
0.0743664
0.0743535
0.0745444
0.0748826
0.0752927
0.0756844
0.0759684
0.0760791
0.0759853
0.0757028
0.0752821
0.0747917
0.0743041
0.0738775
0.0735485
0.0733353
0.0732409
0.0732572
0.0733732
0.0735754
0.0738498
0.0741867
0.0745733
0.0749994
0.0754508
0.0759097
0.0763513
0.0767436
0.0770527
0.0772486
0.0773122
0.0772398
0.0770497
0.0767768
0.0764661
0.0761644
0.0759129
0.0757332
0.0756297
0.0755839
0.0755601
0.0755161
0.0754115
0.0752248
0.074964
0.0746632
0.0743806
0.0741894
0.0741635
0.0743764
0.0748954
0.0757818
0.0770884
0.078841
0.0810194
0.0835059
0.0860481
0.0882522
0.0896705
0.0899809
0.0891549
0.0874766
0.0853985
0.0833571
0.0816615
0.0804772
0.0798503
0.0797251
0.0799661
0.0803641
0.0806671
0.0806428
0.0801505
0.0791913
0.0778945
0.076452
0.0750496
0.0738186
0.0728257
0.0720846
0.0715749
0.0712604
0.0711018
0.071065
0.071125
0.0712714
0.0715121
0.0718745
0.072404
0.0731606
0.0742141
0.0756254
0.077413
0.0795089
0.0817039
0.0836428
0.0849074
0.0851951
0.0844877
0.0830569
0.0813108
0.0796113
0.0781764
0.0770856
0.0763282
0.0758518
0.0755962
0.0755132
0.0755692
0.0757448
0.0760333
0.0764339
0.0769484
0.0775798
0.0783215
0.0791599
0.0800738
0.0810312
0.0819929
0.0829183
0.0837662
0.084502
0.085103
0.0855551
0.0858571
0.0860143
0.0860377
0.0859362
0.0857239
0.0854123
0.0850155
0.0845493
0.0840309
0.083477
0.0829051
0.0823293
0.0817633
0.0812161
0.0806959
0.0802064
0.07975
0.0793276
0.0789451
0.078613
0.078352
0.0781908
0.0781635
0.0782998
0.0786215
0.0791369
0.0798348
0.0806824
0.0816272
0.0826018
0.08353
0.0843464
0.0850035
0.0854968
0.0858697
0.0862183
0.0866767
0.0873951
0.0885002
0.0900506
0.0919774
0.0940442
0.0958467
0.0968947
0.096766
0.0952831
0.0925879
0.089074
0.0852366
0.0815257
0.0782717
0.0756748
0.0738324
0.0727689
0.0724442
0.0727609
0.0735285
0.0744586
0.0751855
0.0753633
0.0748013
0.0735421
0.0718299
0.0699818
0.0682653
0.0668432
0.0657823
0.0650822
0.0647097
0.0646184
0.0647655
0.065107
0.0656079
0.0662314
0.0669418
0.0677022
0.0684764
0.0692256
0.0699164
0.0705198
0.0710208
0.0714183
0.0717269
0.0719782
0.0722118
0.0724738
0.0728135
0.0732729
0.0738829
0.0746681
0.0756321
0.0767614
0.078016
0.0793282
0.0806026
0.0817195
0.0825616
0.083034
0.0831013
0.0827984
0.0822291
0.0815355
0.080866
0.0803463
0.0800589
0.0800381
0.0802631
0.0806612
0.0811145
0.0814731
0.0815891
0.0813446
0.0806847
0.079623
0.0782353
0.0766324
0.0749296
0.0732334
0.0716263
0.0701693
0.0689034
0.0678541
0.0670353
0.0664553
0.0661136
0.0660117
0.0661462
0.0665129
0.0671045
0.0679071
0.0689037
0.0700643
0.0713482
0.0727017
0.0740596
0.0753504
0.0764999
0.0774396
0.0781187
0.0785096
0.0786107
0.0784421
0.0780416
0.0774591
0.0767445
0.0759475
0.0751106
0.0742694
0.0734559
0.0726974
0.0720175
0.0714395
0.0709841
0.0706703
0.0705128
0.0705263
0.0707166
0.0710862
0.0716276
0.0723239
0.0731476
0.0740581
0.0750098
0.075955
0.0768449
0.0776413
0.07832
0.0788741
0.0793119
0.079652
0.0799136
0.0801157
0.080275
0.0804023
0.0805043
0.0805883
0.0806615
0.0807354
0.0808194
0.0809194
0.0810221
0.0810891
0.0810539
0.0808319
0.0803455
0.0795559
0.078487
0.0772189
0.0758688
0.0745538
0.0733686
0.0723752
0.0716013
0.0710525
0.0707194
0.0705904
0.0706569
0.0709218
0.0713951
0.0721095
0.0731078
0.0744443
0.0761748
0.0783483
0.0809718
0.0839887
0.0872455
0.0904589
0.0932373
0.0951365
0.0957799
0.094995
0.0929061
0.0898939
0.0864654
0.0830908
0.0801061
0.0776926
0.0759217
0.0747911
0.074269
0.0743127
0.0748657
0.0758571
0.0771809
0.0786843
0.0801734
0.0814497
0.0823709
0.0829053
0.083146
0.0832584
0.0834172
0.0837311
0.0842114
0.0847773
0.0852793
0.0855573
0.0854969
0.0850754
0.0843705
0.0835238
0.0826957
0.0820217
0.0815936
0.0814616
0.0816361
0.0821093
0.0828536
0.0838274
0.0849774
0.0862387
0.0875374
0.0888006
0.0899593
0.0909623
0.0917714
0.0923611
0.0927119
0.0927994
0.0925948
0.0920667
0.0911889
0.0899553
0.0884031
0.086608
0.0846883
0.0827818
0.0810282
0.0795434
0.0784091
0.0776723
0.0773446
0.0774106
0.0778298
0.0785402
0.0794615
0.0804987
0.0815574
0.0825482
0.0834007
0.0840661
0.0845188
0.0847526
0.0847861
0.0846619
0.084448
0.0842345
0.0841164
0.0841798
0.0844846
0.0850603
0.0859052
0.0869917
0.0882665
0.0896547
0.0910512
0.0923242
0.0933252
0.0939026
0.0939492
0.0934265
0.0923787
0.0909188
0.0891897
0.0873233
0.0854251
0.0835714
0.0818167
0.0802102
0.0788016
0.0776371
0.076765
0.0762234
0.0760419
0.0762368
0.0768158
0.0777718
0.0790826
0.0807062
0.0825736
0.0845842
0.0865991
0.0884488
0.0899473
0.0909168
0.0912365
0.0908604
0.0898401
0.0883064
0.0864363
0.0844117
0.0823946
0.0805068
0.0788248
0.0773901
0.0762163
0.0752943
0.0745996
0.0740978
0.0737468
0.0735002
0.0733169
0.0731591
0.0730028
0.0728354
0.0726594
0.0724844
0.0723272
0.0722044
0.0721258
0.0720964
0.0721094
0.0721482
0.0721915
0.0722169
0.072202
0.0721297
0.0719966
0.0718045
0.0715694
0.0713167
0.0710763
0.0708834
0.0707781
0.0708062
0.0710242
0.0714954
0.0722956
0.0735035
0.0751962
0.0774267
0.0802067
0.0834724
0.0870609
0.0907055
0.0940541
0.0967265
0.0984061
0.0989511
0.0984681
0.0973106
0.0959571
0.0948493
0.0942373
0.0940855
0.0940855
0.0938104
0.092985
0.0916728
0.0902394
0.0891185
0.0886027
0.0887633
0.0894768
0.0904885
0.0914925
0.0921721
0.0922529
0.0915415
0.0899829
0.0876873
0.0849071
0.081954
0.0791018
0.0765351
0.0743392
0.0725297
0.0710728
0.0699188
0.0690114
0.0683023
0.0677467
0.0673063
0.0669534
0.0666668
0.0664264
0.0662201
0.0660386
0.0658755
0.0657284
0.0655943
0.0654742
0.0653691
0.065281
0.0652093
0.0651576
0.0651271
0.0651201
0.0651384
0.0651829
0.0652586
0.0653691
0.0655193
0.0657154
0.0659648
0.0662729
0.0666505
0.0671042
0.067641
0.0682686
0.068992
0.0698118
0.070727
0.0717337
0.0728225
0.0739795
0.075187
0.0764252
0.0776689
0.0788953
0.0800792
0.0811983
0.0822328
0.0831636
0.0839768
0.0846635
0.0852198
0.0856494
0.0859611
0.0861741
0.086311
0.0863942
0.0864438
0.0864722
0.0864731
0.0864272
0.0862997
0.0860479
0.0856288
0.0850059
0.0841714
0.0831465
0.0819861
0.0807855
0.0796593
0.0787308
0.0781144
0.0779008
0.0781489
0.0788689
0.0800148
0.0814668
0.0830269
0.08445
0.0855062
0.0860848
0.086248
0.0862117
0.0862553
0.0866294
0.0874761
0.0888086
0.0905012
0.0922965
0.0938297
0.0946995
0.094579
0.093338
0.0910874
0.0881213
0.0847985
0.0814381
0.078258
0.0753853
0.0728722
0.0707305
0.0689464
0.0674968
0.0663518
0.0654823
0.0648626
0.0644612
0.0642537
0.0642152
0.0643242
0.0645675
0.064937
0.0654386
0.066082
0.066888
0.0678723
0.0690505
0.0704179
0.0719471
0.0735745
0.0752048
0.0767206
0.0780111
0.0790088
0.0797155
0.0802026
0.0805815
0.0809606
0.0813997
0.0818975
0.0823997
0.0828401
0.0831749
0.0834052
0.083583
0.083785
0.0840905
0.0845533
0.0851825
0.0859333
0.0867076
0.0873666
0.087753
0.0877357
0.0872421
0.086284
0.0849633
0.0834478
0.081934
0.080607
0.0796067
0.079018
0.0788611
0.0791062
0.0796709
0.0804344
0.0812539
0.0819784
0.0824842
0.0826998
0.0826303
0.0823415
0.0819318
0.0814892
0.0810611
0.080648
0.0802171
0.0797277
0.0791495
0.0784734
0.0777168
0.0769088
0.0760882
0.0752974
0.0745857
0.0740086
0.0736247
0.0735032
0.0737137
0.0743214
0.0753836
0.0769259
0.0789188
0.0812481
0.0837049
0.0860186
0.0879377
0.089338
0.0902731
0.0909334
0.0915456
0.0922822
0.093223
0.0943649
0.0956536
0.0970084
0.0983414
0.099561
0.100572
0.101274
0.101569
0.10137
0.100613
0.0992752
0.097381
0.0950023
0.0922487
0.0892543
0.0861576
0.0830903
0.0801661
0.0774709
0.0750685
0.0729951
0.0712654
0.069875
0.0688044
0.0680221
0.0674904
0.0671656
0.0670013
0.0669511
0.0669751
0.0670417
0.0671277
0.0672236
0.0673271
0.0674458
0.0675874
0.067764
0.0679812
0.0682428
0.0685469
0.0688861
0.06925
0.0696267
0.0700027
0.0703681
0.0707162
0.0710475
0.0713712
0.0717057
0.072079
0.072526
0.0730875
0.0738043
0.0747203
0.0758728
0.0772888
0.0789817
0.0809408
0.0831238
0.0854527
0.087819
0.0900917
0.0921528
0.0939154
0.0953456
0.096453
0.0972658
0.0978002
0.0980527
0.0980083
0.0976651
0.0970563
0.0962526
0.0953448
0.0944134
0.093504
0.0926201
0.091724
0.0907519
0.0896345
0.0883073
0.0867317
0.0849115
0.0829006
0.0807977
0.0787261
0.0768054
0.0751227
0.0737218
0.0726057
0.0717435
0.0710876
0.0705873
0.0701995
0.069894
0.0696585
0.0694966
0.0694199
0.0694531
0.0696177
0.0699345
0.0704241
0.0711038
0.0719846
0.0730775
0.074385
0.0759043
0.0776234
0.0795203
0.0815635
0.0837104
0.0859113
0.088117
0.0902825
0.0923669
0.0943447
0.0962117
0.0979939
0.0997568
0.101599
0.103622
0.105838
0.108054
0.109763
0.110269
0.109062
0.106212
0.102362
0.0983175
0.0946594
0.0916278
0.0892211
0.0873072
0.0857222
0.0843159
0.0829744
0.0816216
0.0802201
0.0787659
0.0772828
0.0758067
0.074388
0.0730734
0.0719097
0.0709378
0.0701903
0.0696916
0.0694573
0.0694954
0.0698075
0.0703806
0.0711799
0.0721381
0.0731469
0.0740512
0.074673
0.0748559
0.0745207
0.0736988
0.0725206
0.0711685
0.0698236
0.0686286
0.0676786
0.0670277
0.0667049
0.0667216
0.067088
0.0678059
0.0688705
0.0702546
0.0718975
0.0736876
0.0754691
0.0770614
0.0783073
0.0791292
0.0795492
0.0796719
0.0796273
0.0795162
0.0793814
0.079218
0.0789946
0.078682
0.0782715
0.0777716
0.0772053
0.0765972
0.0759657
0.0753231
0.0746768
0.074036
0.0734113
0.0728189
0.0722777
0.0718078
0.0714302
0.0711669
0.0710368
0.0710575
0.0712476
0.0716209
0.072191
0.0729696
0.0739676
0.0751988
0.0766698
0.0783856
0.0803438
0.0825233
0.0848798
0.0873378
0.0897923
0.0921277
0.0942396
0.0960675
0.0976011
0.0988725
0.0999131
0.100726
0.101276
0.101493
0.101299
0.100626
0.0994429
0.0977718
0.0956996
0.0933759
0.0909886
0.0887289
0.0867525
0.0851625
0.0840099
0.083295
0.0829818
0.083
0.0832572
0.0836386
0.0840174
0.0842677
0.0842774
0.0839753
0.0833398
0.0823909
0.0811942
0.0798279
0.0783743
0.0769043
0.0754799
0.074143
0.0729276
0.0718589
0.0709509
0.0702162
0.0696597
0.0692844
0.0690895
0.0690781
0.0692558
0.0696348
0.0702365
0.0710942
0.0722366
0.0736789
0.0753907
0.0772681
0.0791272
0.0807339
0.0818966
0.0825552
0.0828201
0.0829078
0.0830377
0.0833524
0.0839063
0.0846973
0.0857066
0.0868999
0.0881918
0.0893923
0.0901865
0.090206
0.0892011
0.0871954
0.0844945
0.0815329
0.0786947
0.0762191
0.0742015
0.0726417
0.0714952
0.0707011
0.0702019
0.0699546
0.0699273
0.0701023
0.0704781
0.0710679
0.0719026
0.0730298
0.0745059
0.0763876
0.078704
0.0814134
0.0843437
0.0871425
0.0893066
0.0903253
0.0899223
0.0882032
0.0855965
0.0826262
0.0797173
0.0771112
0.0748961
0.0730635
0.0715639
0.0703352
0.06932
0.0684744
0.067767
0.0671788
0.0666976
0.0663187
0.0660397
0.0658621
0.0657903
0.0658262
0.0659733
0.0662359
0.0666132
0.0671074
0.0677147
0.0684302
0.0692419
0.0701328
0.0710818
0.0720599
0.0730357
0.0739845
0.0748887
0.0757397
0.0765455
0.077325
0.0781069
0.0789201
0.0797892
0.0807259
0.0817269
0.0827648
0.0837885
0.0847292
0.0855089
0.0860564
0.0863273
0.0863218
0.086089
0.0857229
0.0853453
0.0850829
0.0850461
0.0853052
0.0858762
0.0866909
0.0875973
0.0883811
0.0888291
0.0888146
0.0883598
0.0876198
0.0868104
0.0861093
0.0855846
0.0851789
0.0847383
0.0840823
0.0830781
0.081706
0.0800549
0.0782795
0.0765395
0.0749527
0.0735886
0.072468
0.0715806
0.0709031
0.0704033
0.0700501
0.0698141
0.0696717
0.0696
0.0695783
0.0695918
0.0696247
0.0696633
0.0696993
0.0697291
0.0697494
0.0697692
0.0698001
0.0698609
0.0699829
0.0702005
0.0705536
0.0710842
0.0718296
0.0728149
0.0740494
0.0755154
0.0771677
0.0789286
0.0807
0.0823801
0.0838857
0.0851728
0.0862464
0.0871605
0.0880035
0.088889
0.0899412
0.0912795
0.0929876
0.0950447
0.0972214
0.0990205
0.0997894
0.0990536
0.0968552
0.0937544
0.0904762
0.0875615
0.0852537
0.0835581
0.0823538
0.0814785
0.080781
0.0801438
0.0794894
0.0787791
0.0780045
0.077175
0.0763154
0.075457
0.0746379
0.0738973
0.0732813
0.0728371
0.0726172
0.0726715
0.0730536
0.0738142
0.0750013
0.0766591
0.0788251
0.0815213
0.0847588
0.0885345
0.0928204
0.0975452
0.102551
0.107539
0.112029
0.115413
0.117114
0.116814
0.114593
0.110892
0.106333
0.101506
0.0968532
0.0926451
0.089004
0.0859584
0.083472
0.0814764
0.0798916
0.0786353
0.077637
0.0768419
0.076209
0.0757112
0.0753299
0.0750512
0.0748615
0.0747463
0.0746869
0.0746701
0.0746876
0.074742
0.0748494
0.0750391
0.0753452
0.0757915
0.0763735
0.0770382
0.0776769
0.0781345
0.0782665
0.0779901
0.0773283
0.0764012
0.0753758
0.0744089
0.0736035
0.0730062
0.072617
0.0724105
0.0723576
0.0724344
0.0726244
0.0729232
0.0733319
0.0738449
0.0744544
0.0751418
0.0758782
0.0766245
0.0773364
0.0779713
0.0784904
0.0788687
0.0790911
0.0791642
0.079104
0.0789371
0.0786908
0.0783953
0.0780734
0.0777399
0.0774004
0.0770554
0.0766976
0.0763155
0.0759006
0.0754442
0.0749465
0.0744116
0.0738477
0.0732706
0.0726962
0.0721429
0.0716271
0.0711615
0.0707574
0.0704211
0.0701586
0.0699712
0.0698615
0.0698313
0.0698821
0.0700196
0.0702492
0.0705799
0.0710251
0.0715992
0.0723255
0.0732242
0.0743195
0.0756301
0.0771617
0.0788956
0.0807726
0.0826784
0.0844478
0.0858838
0.0868173
0.0871627
0.0869637
0.0863741
0.0856038
0.0848536
0.0842682
0.0839193
0.0838098
0.0838974
0.0841067
0.0843542
0.0845656
0.0846913
0.0847091
0.0846278
0.0844748
0.0842871
0.0840968
0.0839267
0.083775
0.0836153
0.0833925
0.0830324
0.0824571
0.0816095
0.0804787
0.0791056
0.0775826
0.0760306
0.0745724
0.0733149
0.0723436
0.0717157
0.0714679
0.071615
0.0721589
0.0730838
0.0743533
0.0759118
0.0776889
0.0796057
0.0815939
0.0836052
0.0856181
0.0876259
0.0896176
0.0915649
0.093412
0.095091
0.0965467
0.0977514
0.0987191
0.0994903
0.100114
0.100631
0.101061
0.101406
0.101659
0.101806
0.101833
0.101728
0.101467
0.101015
0.100326
0.0993505
0.0980634
0.0964878
0.0947045
0.0928467
0.09108
0.0895645
0.0884291
0.0877474
0.0875264
0.0876953
0.0881049
0.0885514
0.0888187
0.0887373
0.0882395
0.0873592
0.0862147
0.0849559
0.0837176
0.0826044
0.0816788
0.0809637
0.0804489
0.0800944
0.0798381
0.0796071
0.0793339
0.0789673
0.0784854
0.0779017
0.0772555
0.0766001
0.075992
0.0754809
0.0750978
0.0748556
0.0747459
0.0747418
0.0747989
0.0748644
0.0748815
0.0747995
0.0745842
0.0742242
0.0737321
0.0731441
0.0725118
0.0718914
0.0713404
0.0709106
0.070646
0.0705771
0.0707306
0.0711223
0.0717579
0.0726287
0.0737081
0.0749433
0.076254
0.0775345
0.0786664
0.0795395
0.0800791
0.0802633
0.0801269
0.0797456
0.0792146
0.0786229
0.0780416
0.0775145
0.0770673
0.076708
0.0764358
0.0762441
0.076124
0.0760646
0.0760514
0.0760706
0.0761074
0.0761454
0.076175
0.076193
0.076205
0.0762241
0.0762693
0.0763617
0.0765226
0.0767627
0.0770847
0.0774821
0.0779422
0.0784552
0.0790178
0.0796418
0.0803486
0.0811612
0.0820851
0.0830882
0.0840986
0.0850115
0.0857131
0.0861239
0.0862204
0.0860404
0.0856638
0.0851829
0.084674
0.084189
0.0837532
0.0833777
0.0830685
0.0828378
0.0827053
0.0826906
0.0828097
0.083068
0.0834648
0.0839966
0.0846694
0.0855063
0.0865422
0.0878061
0.08929
0.0908998
0.0924326
0.0936177
0.0942282
0.0942163
0.093753
0.0931279
0.0926123
0.0923618
0.0924135
0.092711
0.0931522
0.0936278
0.09404
0.0943095
0.0943865
0.0942547
0.0939319
0.0934739
0.0929708
0.0925314
0.0922771
0.0923181
0.0927254
0.0934987
0.0945344
0.0956152
0.0964368
0.0966847
0.0961419
0.0947644
0.0926764
0.0901096
0.0873259
0.0845646
0.0820063
0.0797742
0.0779346
0.0765094
0.0754954
0.0748718
0.0746162
0.074704
0.0751131
0.0758219
0.0768048
0.0780315
0.0794585
0.0810302
0.0826748
0.0843082
0.0858458
0.0872022
0.0883119
0.0891256
0.0896214
0.0898036
0.0897121
0.0894138
0.0890083
0.0886037
0.0883001
0.0881577
0.0881769
0.0882836
0.0883504
0.0882367
0.087849
0.0871772
0.0862972
0.0853305
0.0843887
0.0835317
0.0827505
0.081984
0.0811345
0.0801118
0.0788611
0.077382
0.075725
0.0739773
0.0722356
0.0705819
0.069075
0.0677498
0.0666184
0.0656764
0.064911
0.0643076
0.0638483
0.063516
0.0632967
0.0631781
0.0631549
0.06322
0.0633751
0.0636191
0.063958
0.0643984
0.0649497
0.0656228
0.0664312
0.067388
0.0685052
0.0697911
0.0712494
0.0728727
0.0746399
0.0765131
0.0784447
0.080378
0.0822607
0.0840579
0.085763
0.0873869
0.0889515
0.0904653
0.0919101
0.09323
0.0943429
0.0951661
0.0956398
0.0957437
0.0954902
0.0949109
0.0940391
0.0929054
0.0915386
0.0899808
0.0882984
0.0865772
0.0849179
0.0834184
0.0821619
0.0812093
0.0805931
0.0803131
0.0803361
0.0805883
0.0809576
0.0813046
0.0814813
0.0813682
0.0809039
0.0801064
0.0790615
0.0778867
0.0767064
0.0756185
0.0746848
0.0739376
0.0733835
0.0730112
0.0728007
0.0727227
0.0727522
0.0728628
0.07303
0.0732359
0.0734673
0.0737163
0.0739796
0.0742589
0.0745587
0.0748823
0.0752388
0.0756338
0.0760775
0.076582
0.0771604
0.0778274
0.0785954
0.0794736
0.0804548
0.0815217
0.0826389
0.0837583
0.0848239
0.0857755
0.0865462
0.0870581
0.0872275
0.086985
0.0863038
0.085225
0.083855
0.0823408
0.0808308
0.0794454
0.0782593
0.0773043
0.0765801
0.0760599
0.0757062
0.075472
0.0753172
0.0752072
0.0751196
0.0750471
0.0749979
0.0749953
0.0750776
0.0752916
0.0756913
0.0763309
0.0772604
0.0785148
0.0800942
0.0819495
0.0839666
0.0859585
0.0876903
0.0889119
0.0894291
0.0891464
0.0880988
0.0864226
0.0843164
0.0819902
0.0796291
0.077375
0.0753155
0.0734991
0.0719425
0.0706398
0.0695752
0.0687299
0.0680865
0.0676282
0.0673465
0.0672318
0.06728
0.0674879
0.067855
0.0683784
0.0690555
0.0698834
0.0708566
0.0719722
0.0732238
0.0746105
0.0761309
0.0777862
0.0795685
0.0814498
0.0833629
0.0851859
0.0867395
0.0878121
0.0882161
0.0878595
0.0867894
0.0851714
0.0832298
0.0811821
0.0791956
0.0773713
0.0757533
0.0743471
0.0731327
0.0720796
0.0711547
0.0703273
0.0695751
0.0688821
0.0682377
0.0676385
0.0670839
0.0665784
0.066126
0.0657332
0.0654046
0.0651461
0.0649648
0.0648698
0.0648677
0.0649686
0.0651854
0.0655318
0.0660203
0.0666652
0.0674761
0.0684542
0.0695852
0.070837
0.0721497
0.073439
0.0746077
0.0755588
0.0762231
0.0765759
0.0766401
0.0764795
0.0761757
0.0758146
0.0754712
0.0752061
0.0750613
0.0750675
0.0752406
0.0755825
0.0760816
0.0767095
0.077421
0.0781573
0.0788531
0.0794473
0.0798965
0.0801901
0.0803587
0.0804746
0.0806478
0.0810155
0.0817222
0.0829018
0.0846219
0.0868045
0.0891346
0.0910412
0.0918739
0.0912466
0.0892934
0.0865773
0.0837357
0.0812139
0.0791984
0.0776914
0.0766029
0.0758219
0.0752455
0.0747911
0.0743997
0.0740355
0.073678
0.073318
0.0729557
0.0725968
0.0722503
0.0719274
0.0716394
0.0714003
0.0712246
0.0711266
0.0711197
0.0712157
0.0714239
0.0717517
0.0721997
0.0727648
0.0734348
0.0741892
0.0750018
0.0758334
0.0766447
0.0773908
0.0780287
0.0785256
0.0788609
0.0790282
0.0790433
0.0789337
0.0787388
0.0785009
0.0782573
0.0780315
0.0778329
0.0776545
0.0774776
0.0772739
0.0770205
0.0767033
0.0763188
0.075879
0.0754049
0.0749199
0.0744441
0.0739939
0.0735777
0.0731989
0.0728552
0.0725415
0.0722534
0.0719837
0.0717241
0.0714678
0.0712124
0.0709577
0.0707071
0.070472
0.0702728
0.0701327
0.0700809
0.0701532
0.070383
0.070798
0.0714181
0.0722487
0.0732674
0.0744188
0.0756163
0.07675
0.0777115
0.0784292
0.0788963
0.0791818
0.0794144
0.07975
0.0803319
0.0812594
0.082557
0.0841488
0.0858444
0.0873501
0.0883421
0.0885793
0.0880035
0.086746
0.0850491
0.0831594
0.08126
0.0794585
0.0778093
0.0763386
0.0750616
0.0739873
0.0731287
0.0724945
0.0720913
0.0719216
0.0719828
0.0722685
0.0727657
0.0734481
0.0742772
0.0751914
0.0761042
0.0769116
0.077508
0.0778045
0.0777623
0.0773992
0.0767873
0.0760235
0.0752099
0.0744292
0.0737363
0.0731605
0.0727147
0.072402
0.0722177
0.072162
0.0722365
0.0724468
0.0727984
0.0733016
0.0739596
0.0747738
0.0757333
0.0768186
0.0779936
0.0792042
0.0803838
0.0814538
0.0823361
0.0829656
0.0833003
0.0833341
0.0831018
0.0826672
0.0821153
0.0815395
0.0810274
0.0806479
0.0804565
0.0804862
0.0807513
0.0812501
0.0819624
0.0828555
0.0838847
0.0849894
0.0860996
0.0871389
0.0880277
0.0886981
0.0890928
0.0891803
0.0889481
0.088402
0.0875557
0.0864302
0.0850534
0.0834672
0.0817278
0.0799044
0.0780736
0.0763013
0.0746428
0.0731364
0.0718036
0.0706526
0.0696806
0.0688809
0.068242
0.067752
0.0673984
0.0671708
0.0670578
0.0670499
0.0671407
0.067328
0.0676122
0.0679956
0.0684849
0.0690886
0.0698107
0.0706511
0.0715996
0.07263
0.0736998
0.0747497
0.0757146
0.0765359
0.0771754
0.0776288
0.0779209
0.078106
0.0782472
0.0784091
0.0786512
0.0790252
0.0795735
0.0803318
0.0813326
0.0825965
0.0841286
0.0859093
0.0878861
0.0899673
0.0920321
0.0939487
0.0956188
0.0970061
0.0981525
0.0991615
0.100156
0.101232
0.102434
0.103733
0.105034
0.106185
0.106993
0.107255
0.1068
0.10554
0.103526
0.100945
0.0980728
0.0952016
0.0925781
0.0903719
0.0886819
0.0875531
0.0869947
0.0869893
0.0874915
0.0884071
0.0895686
0.0907187
0.091548
0.0917785
0.09128
0.0901306
0.0885747
0.0869085
0.0853805
0.084141
0.0832419
0.0826634
0.0823422
0.0821924
0.0821211
0.0820385
0.0818699
0.0815595
0.0810789
0.0804289
0.079632
0.0787281
0.0777686
0.0767968
0.0758557
0.0749751
0.0741777
0.0734785
0.0728887
0.0724141
0.07206
0.0718292
0.0717247
0.0717459
0.0718978
0.0721816
0.072601
0.0731587
0.0738574
0.0746967
0.0756716
0.0767691
0.077967
0.0792369
0.0805388
0.0818257
0.0830547
0.0841784
0.0851635
0.0859805
0.0866098
0.0870426
0.0872761
0.087324
0.0872209
0.0870267
0.0868321
0.0867434
0.0868659
0.0872741
0.0879744
0.0888847
0.0898348
0.0906023
0.0909895
0.0908876
0.0903039
0.0893264
0.0880761
0.0866609
0.0851679
0.0836662
0.0822137
0.0808578
0.0796339
0.0785629
0.0776547
0.0769086
0.0763198
0.0758836
0.0755956
0.0754535
0.0754596
0.0756107
0.0758986
0.0763021
0.0767883
0.0773107
0.077817
0.0782637
0.0786263
0.0789097
0.079148
0.0793999
0.0797307
0.0801914
0.0808083
0.0815624
0.082388
0.0831704
0.0837712
0.084061
0.0839604
0.083465
0.0826462
0.0816202
0.0805162
0.0794413
0.078474
0.0776618
0.0770328
0.0765981
0.0763653
0.0763385
0.0765222
0.0769154
0.0775112
0.0782878
0.0792049
0.0801949
0.0811654
0.0820031
0.0825939
0.0828498
0.0827268
0.0822441
0.0814709
0.0805188
0.079515
0.0785856
0.0778405
0.0773695
0.0772358
0.0774828
0.0781253
0.0791449
0.0804831
0.082035
0.083649
0.0851498
0.0863803
0.0872442
0.0877358
0.0879287
0.0879368
0.0878629
0.0877722
0.0876767
0.0875464
0.0873247
0.0869507
0.0863746
0.0855773
0.0845771
0.0834252
0.082195
0.0809667
0.0798151
0.0787968
0.0779478
0.0772792
0.0767858
0.076443
0.0762131
0.0760518
0.0759136
0.0757562
0.0755512
0.0752861
0.0749645
0.0746055
0.0742376
0.0738898
0.0735903
0.0733594
0.0732089
0.0731469
0.0731711
0.073281
0.0734745
0.0737514
0.0741169
0.074586
0.0751816
0.0759408
0.0769066
0.0781172
0.0795932
0.0813
0.0831286
0.0848823
0.0863163
0.0872194
0.0875053
0.0872553
0.0866778
0.0860162
0.0854769
0.0851998
0.0852671
0.0857087
0.0865074
0.0875851
0.088793
0.089926
0.0907764
0.0912072
0.0912065
0.0908804
0.0903941
0.0899006
0.0894989
0.0892283
0.0890884
0.0890574
0.0891081
0.0892098
0.0893271
0.0894158
0.0894256
0.0893008
0.0889912
0.088463
0.087705
0.0867319
0.0855837
0.0843123
0.0829735
0.0816206
0.0802985
0.079046
0.0778936
0.0768726
0.0760073
0.0753188
0.0748222
0.0745237
0.0744208
0.0744978
0.0747308
0.0750871
0.0755277
0.0760118
0.0765008
0.0769621
0.077372
0.0777129
0.0779744
0.0781508
0.0782384
0.0782338
0.0781344
0.0779391
0.0776479
0.077265
0.076797
0.0762537
0.0756472
0.0749894
0.0742949
0.0735779
0.0728529
0.0721354
0.0714424
0.0707898
0.0701901
0.0696544
0.0691902
0.0688004
0.0684882
0.0682515
0.0680866
0.0679893
0.0679523
0.067972
0.0680428
0.0681602
0.0683221
0.0685247
0.0687654
0.0690455
0.0693609
0.0697095
0.0700879
0.0704905
0.0709088
0.0713336
0.0717572
0.0721712
0.0725714
0.0729587
0.0733364
0.0737134
0.0740982
0.0744994
0.0749224
0.0753662
0.0758217
0.0762741
0.0767038
0.0770847
0.0773949
0.0776124
0.0777242
0.0777231
0.0776142
0.0774064
0.0771179
0.0767749
0.0764033
0.0760319
0.0756937
0.0754176
0.0752354
0.0751762
0.0752716
0.075548
0.0760381
0.0767735
0.0777869
0.0791127
0.0807768
0.0827918
0.0851408
0.0877551
0.0904946
0.093141
0.0953991
0.0969557
0.0975617
0.0971213
0.0957335
0.0936523
0.0912
0.0886671
0.0862611
0.0840935
0.0822002
0.0805661
0.0791529
0.0779152
0.0768153
0.075823
0.0749199
0.0740957
0.0733507
0.0726895
0.0721202
0.0716517
0.0712928
0.0710548
0.0709474
0.0709813
0.0711669
0.0715131
0.0720321
0.0727284
0.0736045
0.0746548
0.0758576
0.0771743
0.0785485
0.0799022
0.0811483
0.0821988
0.0829853
0.0834656
0.083641
0.0835481
0.0832514
0.082835
0.0823881
0.0819925
0.0817218
0.0816366
0.0817894
0.0822267
0.0829883
0.0841023
0.0855603
0.087275
0.0890338
0.0904829
0.091206
0.0909017
0.0895559
0.0874694
0.0851027
0.0828776
0.0810643
0.0797733
0.0790001
0.0786688
0.078673
0.0788872
0.07919
0.0794772
0.0796663
0.0797149
0.079618
0.0794048
0.0791279
0.0788534
0.078645
0.0785541
0.0786077
0.0788059
0.0791121
0.0794687
0.0798088
0.0800806
0.0802756
0.0804262
0.080611
0.0809245
0.0814573
0.0822716
0.083391
0.0847972
0.0864384
0.0882278
0.0900551
0.0918005
0.093334
0.094532
0.0952899
0.0955372
0.0952588
0.0945042
0.0933848
0.0920479
0.090645
0.0893052
0.0881132
0.087107
0.0862819
0.0856034
0.0850147
0.084452
0.0838543
0.0831713
0.0823742
0.0814546
0.0804325
0.0793473
0.0782612
0.0772439
0.0763673
0.0756941
0.0752779
0.0751579
0.07535
0.0758414
0.0765845
0.0774801
0.0783838
0.0791181
0.0795189
0.0794849
0.0790211
0.0782326
0.0772894
0.0763684
0.0756109
0.0751072
0.0749024
0.0750008
0.0753861
0.076023
0.0768666
0.0778599
0.0789427
0.080052
0.0811429
0.082208
0.0833075
0.0845892
0.0862926
0.0886897
0.0919266
0.095722
0.0990888
0.100548
0.0991215
0.0952549
0.0904624
0.0861857
0.0831905
0.0816655
0.0815194
0.0825448
0.0844313
0.0867006
0.0886871
0.0896879
0.0892687
0.0875039
0.0848833
0.0820019
0.0793073
0.07702
0.0751963
0.0738083
0.0727974
0.0721087
0.0716939
0.0715192
0.0715592
0.0717954
0.0722138
0.0728026
0.0735451
0.0744195
0.0753917
0.0764093
0.0774083
0.0783171
0.0790639
0.0795933
0.0798763
0.0799097
0.0797118
0.0793156
0.0787545
0.0780656
0.0772839
0.076445
0.0755804
0.0747197
0.0738864
0.0730961
0.0723584
0.0716767
0.0710509
0.0704788
0.0699643
0.069508
0.0691147
0.0687934
0.0685492
0.0683935
0.0683352
0.0683807
0.0685307
0.0687798
0.0691116
0.0695004
0.0699066
0.0702796
0.0705654
0.0707126
0.0706886
0.0704823
0.0701097
0.0696081
0.0690317
0.0684355
0.0678727
0.0673873
0.0670141
0.0667778
0.0666961
0.0667823
0.067042
0.0674764
0.0680786
0.0688312
0.069705
0.0706543
0.0716249
0.072553
0.073381
0.0740656
0.0745867
0.0749494
0.0751845
0.0753284
0.0754219
0.075495
0.0755659
0.0756414
0.0757199
0.0757919
0.075846
0.0758679
0.0758441
0.0757684
0.0756447
0.0754922
0.0753463
0.0752558
0.0752827
0.0754919
0.0759414
0.0766712
0.0776893
0.0789592
0.0803925
0.0818512
0.0831708
0.0841995
0.0848467
0.0851112
0.0850797
0.0848947
0.0847049
0.0846373
0.0847652
0.0851061
0.0856203
0.0862289
0.0868334
0.0873439
0.0877005
0.0878809
0.0878944
0.0877633
0.0875139
0.0871611
0.086714
0.0861843
0.0855942
0.0849742
0.0843657
0.0838152
0.0833705
0.0830735
0.0829638
0.0830774
0.0834455
0.0841007
0.0850678
0.0863577
0.0879492
0.0897705
0.0916674
0.0933963
0.0946457
0.0951064
0.0945916
0.0931139
0.0908894
0.088247
0.0855214
0.0829746
0.0807761
0.0790159
0.0777347
0.0769466
0.076666
0.0769175
0.0777435
0.0791865
0.0812578
0.0838684
0.0867405
0.0893707
0.0911216
0.0914825
0.0903347
0.0880036
0.0850472
0.081987
0.0791736
0.0767791
0.074847
0.0733537
0.0722421
0.0714464
0.0709069
0.07057
0.0703949
0.0703545
0.07043
0.0706074
0.0708787
0.0712322
0.0716507
0.0721065
0.0725647
0.0729831
0.0733174
0.0735279
0.0735869
0.0734854
0.0732316
0.0728545
0.0723999
0.071927
0.0715019
0.0711913
0.0710621
0.0711714
0.0715697
0.0722944
0.0733618
0.074765
0.0764636
0.0783779
0.0803868
0.0823416
0.0840919
0.0855127
0.0865348
0.0871526
0.0874115
0.0873731
0.0870901
0.0865883
0.0858633
0.0849018
0.0836966
0.0822701
0.0806767
0.0789961
0.0773231
0.0757445
0.0743329
0.0731413
0.0721981
0.071511
0.0710727
0.0708551
0.0708207
0.0709127
0.0710671
0.0712171
0.0712981
0.0712655
0.0711011
0.0708218
0.0704642
0.0700817
0.069728
0.0694459
0.0692632
0.0691885
0.0692191
0.0693439
0.0695492
0.0698216
0.070157
0.0705575
0.071043
0.0716463
0.0724111
0.0733945
0.0746595
0.0762774
0.0783146
0.0808178
0.0837934
0.0871712
0.0907751
0.0943227
0.0974839
0.100005
0.101811
0.103012
0.103803
0.104323
0.10458
0.104474
0.103872
0.102702
0.100994
0.0988758
0.0965269
0.0941189
0.0917806
0.0895835
0.0875528
0.0856873
0.0839778
0.0824144
0.0809927
0.079709
0.0785639
0.0775529
0.0766698
0.0759076
0.0752571
0.0747142
0.0742769
0.073946
0.0737266
0.0736259
0.0736525
0.0738167
0.074125
0.0745856
0.0752097
0.0760101
0.0770059
0.0782218
0.0796835
0.0814088
0.0833847
0.0855429
0.0877364
0.089736
0.0912601
0.0920535
0.091975
0.0910516
0.0894554
0.0874348
0.085236
0.0830485
0.0809988
0.0791536
0.0775391
0.0761608
0.07501
0.0740775
0.0733556
0.0728442
0.0725484
0.0724846
0.0726737
0.0731416
0.0739149
0.0750056
0.0763828
0.0779531
0.079525
0.0808177
0.0815241
0.0814307
0.0805116
0.078948
0.0770289
0.0750406
0.0731827
0.0715586
0.0701959
0.0690777
0.0681718
0.0674404
0.0668481
0.0663706
0.0659876
0.0656866
0.0654555
0.0652916
0.0651908
0.0651503
0.0651708
0.0652533
0.0653999
0.065612
0.0658933
0.0662467
0.0666753
0.06718
0.0677633
0.068425
0.0691644
0.0699743
0.0708457
0.0717654
0.0727096
0.0736509
0.0745552
0.0753848
0.0761002
0.076663
0.0770414
0.0772189
0.0771863
0.0769511
0.0765321
0.0759616
0.0752767
0.0745159
0.0737214
0.0729271
0.0721613
0.0714486
0.0708047
0.0702392
0.0697538
0.0693526
0.0690324
0.0687919
0.0686284
0.0685395
0.0685238
0.0685827
0.0687172
0.0689287
0.0692235
0.0696052
0.0700758
0.0706359
0.0712774
0.0719848
0.0727371
0.0734977
0.0742277
0.074885
0.0754351
0.0758594
0.0761592
0.0763599
0.0765046
0.0766473
0.0768467
0.0771573
0.0776282
0.0782983
0.0791955
0.0803328
0.0817084
0.083295
0.0850424
0.086874
0.0886856
0.0903652
0.091805
0.0929271
0.0936894
0.0940929
0.0941706
0.0939651
0.0935154
0.0928461
0.0919758
0.0909168
0.0896883
0.0883206
0.0868579
0.0853545
0.0838685
0.0824588
0.081175
0.0800596
0.0791482
0.0784655
0.0780316
0.0778631
0.0779706
0.0783603
0.0790226
0.0799294
0.0810195
0.0821963
0.0833247
0.08425
0.0848253
0.0849549
0.0846165
0.083865
0.0828104
0.0815906
0.0803455
0.0792013
0.0782668
0.077638
0.0773925
0.0775925
0.0782825
0.0794716
0.0811145
0.0830771
0.0851017
0.0868068
0.0877635
0.0876467
0.0864025
0.08429
0.0817596
0.0792649
0.0771354
0.0755453
0.0745501
0.0741286
0.074216
0.0747191
0.0755166
0.0764575
0.0773616
0.0780406
0.0783396
0.0781715
0.0775495
0.0765708
0.0753813
0.0741298
0.0729363
0.0718758
0.0709853
0.0702694
0.0697191
0.0693138
0.0690298
0.068846
0.0687403
0.0686967
0.0687031
0.0687499
0.0688281
0.0689341
0.0690659
0.0692231
0.0694061
0.0696161
0.0698533
0.070121
0.0704189
0.0707492
0.0711101
0.0715025
0.0719249
0.0723764
0.0728509
0.0733403
0.0738356
0.0743185
0.0747672
0.0751551
0.0754553
0.0756415
0.0756928
0.0755955
0.0753489
0.0749626
0.0744579
0.0738619
0.073208
0.0725275
0.0718509
0.0712069
0.0706187
0.0701045
0.0696782
0.0693505
0.0691272
0.0690112
0.0690034
0.0691034
0.0693092
0.0696156
0.0700151
0.0704986
0.0710545
0.0716678
0.0723186
0.0729868
0.0736468
0.0742715
0.0748357
0.0753151
0.0756884
0.0759423
0.0760714
0.076077
0.0759682
0.0757595
0.0754714
0.0751263
0.0747477
0.0743581
0.0739813
0.0736382
0.0733512
0.0731355
0.0730102
0.0729869
0.0730754
0.0732834
0.0736102
0.0740539
0.0746061
0.0752616
0.0760134
0.0768599
0.0778049
0.0788622
0.0800493
0.0813825
0.0828685
0.0844909
0.0862034
0.0879231
0.0895374
0.090917
0.0919398
0.0925116
0.0925825
0.0921531
0.0912736
0.0900346
0.088549
0.0869382
0.0853178
0.0837907
0.0824388
0.0813247
0.0804988
0.080003
0.079872
0.0801319
0.0807891
0.081812
0.083103
0.0844831
0.0856937
0.0864572
0.0865659
0.0859648
0.0847721
0.083216
0.0815437
0.0799513
0.0785633
0.077443
0.076618
0.0761009
0.0759023
0.0760355
0.0765123
0.0773253
0.0784284
0.0797062
0.0809587
0.081924
0.0823491
0.0820914
0.0811836
0.0798164
0.0782503
0.0767175
0.07537
0.0742757
0.0734427
0.0728421
0.0724273
0.0721503
0.0719646
0.0718279
0.0717065
0.0715757
0.0714175
0.0712224
0.0709906
0.0707293
0.070454
0.0701823
0.0699316
0.0697203
0.0695617
0.0694635
0.0694301
0.0694579
0.0695357
0.0696518
0.0697884
0.0699294
0.0700628
0.0701796
0.0702825
0.07038
0.0704896
0.07063
0.0708277
0.0711015
0.0714712
0.0719501
0.0725448
0.0732544
0.0740704
0.0749787
0.0759543
0.0769666
0.077979
0.07895
0.0798401
0.0806117
0.0812368
0.0817002
0.0819995
0.08215
0.0821814
0.0821398
0.0820775
0.0820526
0.0821195
0.0823216
0.0826807
0.0831863
0.0837844
0.0843848
0.0848656
0.0851082
0.0850319
0.0846201
0.0839307
0.0830647
0.0821393
0.0812558
0.08048
0.0798449
0.0793568
0.079009
0.0787833
0.0786657
0.0786409
0.0787031
0.078854
0.0791074
0.0794843
0.0800181
0.080748
0.0817191
0.0829688
0.0845214
0.0863596
0.0884048
0.0904995
0.0924064
0.0938437
0.0945633
0.0944325
0.0934853
0.0919002
0.0899371
0.0878625
0.0858987
0.0842035
0.082872
0.081952
0.0814527
0.0813596
0.0816419
0.0822582
0.0831513
0.0842555
0.0854906
0.0867646
0.0879745
0.0890105
0.0897684
0.0901625
0.0901316
0.0896577
0.0887592
0.0874929
0.0859408
0.0841972
0.0823523
0.0804855
0.0786608
0.076927
0.0753169
0.0738532
0.0725469
0.0714066
0.0704334
0.0696305
0.0689955
0.0685279
0.068226
0.068084
0.0680929
0.0682397
0.0685056
0.0688629
0.0692778
0.0697114
0.0701196
0.0704656
0.0707245
0.0708842
0.0709528
0.0709512
0.0709116
0.0708708
0.0708639
0.0709226
0.0710687
0.0713217
0.0716927
0.0721913
0.0728238
0.073594
0.0745028
0.0755514
0.0767389
0.0780578
0.0795011
0.081051
0.0826829
0.0843579
0.0860239
0.0876129
0.0890424
0.0902208
0.0910613
0.0914922
0.0914822
0.0910515
0.0902739
0.0892718
0.0881921
0.0871809
0.0863606
0.0858175
0.0855921
0.0856785
0.086031
0.0865658
0.0871797
0.0877564
0.0881836
0.0883708
0.0882555
0.0878155
0.0870669
0.0860577
0.0848622
0.0835634
0.0822437
0.0809796
0.0798334
0.0788524
0.0780755
0.0775321
0.077242
0.077222
0.0774797
0.078013
0.0788043
0.0798193
0.081
0.0822638
0.08351
0.0846313
0.0855276
0.0861366
0.0864473
0.0865057
0.0864016
0.0862359
0.0860904
0.0860123
0.0860089
0.0860575
0.0861113
0.0861133
0.085995
0.0856853
0.0851288
0.0843039
0.0832408
0.0820097
0.0807076
0.0794309
0.0782564
0.0772339
0.0763855
0.0757115
0.0751925
0.0747976
0.0744914
0.0742327
0.0739871
0.0737311
0.0734547
0.0731637
0.0728819
0.0726384
0.0724663
0.0723948
0.0724447
0.0726241
0.0729267
0.0733357
0.0738205
0.0743402
0.0748494
0.0752971
0.0756341
0.0758204
0.0758293
0.0756515
0.0752988
0.0748027
0.0742121
0.0735862
0.0729857
0.0724677
0.0720813
0.071865
0.071847
0.0720413
0.0724532
0.0730742
0.0738873
0.0748634
0.0759708
0.0771762
0.0784446
0.0797485
0.0810638
0.082371
0.0836581
0.0849129
0.0861339
0.0873305
0.0885227
0.0897409
0.0910102
0.0923339
0.0936685
0.0949174
0.0959441
0.0966159
0.0968685
0.0967403
0.0963562
0.0958702
0.0954001
0.0949848
0.0945912
0.0941333
0.0935137
0.0926553
0.0915243
0.090137
0.088547
0.0868375
0.0850956
0.0834011
0.0818142
0.0803812
0.0791292
0.0780751
0.0772265
0.0765871
0.0761643
0.0759686
0.0760186
0.0763437
0.076986
0.0779949
0.0794115
0.0812453
0.0834175
0.085712
0.0877443
0.08904
0.0892267
0.0882357
0.0863362
0.0839794
0.0815861
0.0794235
0.0776036
0.0761338
0.0749712
0.0740603
0.07335
0.0727984
0.0723785
0.0720676
0.0718578
0.0717355
0.0716944
0.0717277
0.071831
0.0719965
0.0722159
0.0724823
0.0727893
0.0731297
0.0734983
0.0738911
0.0743072
0.0747419
0.0751943
0.0756617
0.0761396
0.0766169
0.0770787
0.0775047
0.0778686
0.078141
0.0782919
0.0782959
0.0781361
0.0778059
0.0773135
0.0766842
0.0759519
0.075159
0.0743481
0.0735592
0.0728284
0.0721855
0.071651
0.0712446
0.070983
0.0708805
0.0709561
0.0712288
0.0717232
0.072466
0.0734887
0.0748216
0.0764959
0.0785351
0.0809491
0.0837209
0.0867935
0.0900559
0.0933245
0.0963465
0.0988212
0.10044
0.100951
0.10024
0.0983731
0.0955982
0.092275
0.08878
0.0854279
0.0824338
0.0799138
0.0779039
0.0763882
0.0753193
0.0746312
0.0742401
0.0740573
0.0739849
0.0739291
0.0738085
0.0735687
0.0731937
0.072701
0.07214
0.0715731
0.071068
0.0706817
0.0704558
0.0704145
0.0705656
0.0709016
0.071407
0.0720594
0.0728383
0.0737312
0.0747381
0.0758773
0.077178
0.0786775
0.0803985
0.0823277
0.0843967
0.0864622
0.0883213
0.0897509
0.0905752
0.0907221
0.0902347
0.0892395
0.0878917
0.0863274
0.0846485
0.0829262
0.0812052
0.0795232
0.0779123
0.0764026
0.0750237
0.0738017
0.0727586
0.0719077
0.0712585
0.0708108
0.0705588
0.0704915
0.0705932
0.0708459
0.0712309
0.0717296
0.0723251
0.0730028
0.0737502
0.0745525
0.0753907
0.0762355
0.077046
0.0777663
0.0783315
0.0786866
0.0787939
0.0786533
0.0783031
0.0778178
0.0772835
0.0767819
0.0763798
0.0761186
0.0760156
0.0760705
0.0762696
0.0765915
0.0770109
0.0775049
0.0780512
0.0786313
0.0792316
0.0798441
0.0804677
0.0811069
0.0817883
0.0825447
0.0834293
0.0845046
0.0858256
0.0874159
0.0892246
0.0910841
0.0926992
0.0937145
0.0938556
0.0930744
0.0915898
0.0897748
0.088002
0.0865398
0.0855287
0.0850174
0.0849961
0.0854331
0.0862916
0.0875304
0.0891032
0.0909479
0.0929772
0.0950734
0.0970812
0.0988252
0.100133
0.100871
0.100975
0.100456
0.0993922
0.0978825
0.0960239
0.0938999
0.0915886
0.0891689
0.0867321
0.0843679
0.0821586
0.0801664
0.0784324
0.0769757
0.0757961
0.0748816
0.0742078
0.0737454
0.0734647
0.0733332
0.0733225
0.07341
0.0735753
0.0738031
0.074081
0.0743982
0.0747457
0.075114
0.0754904
0.07586
0.0762063
0.076513
0.0767611
0.0769348
0.0770198
0.0770041
0.0768829
0.0766559
0.0763289
0.0759121
0.0754194
0.0748696
0.0742833
0.0736824
0.073088
0.0725208
0.0719967
0.0715271
0.0711232
0.0707884
0.0705209
0.0703179
0.0701717
0.0700717
0.0700076
0.0699633
0.0699283
0.0698887
0.0698372
0.0697668
0.0696745
0.0695626
0.0694323
0.0692913
0.0691483
0.0690113
0.0688893
0.0687905
0.0687208
0.0686854
0.068691
0.0687413
0.0688376
0.0689827
0.0691791
0.0694288
0.0697315
0.0700897
0.0705046
0.0709778
0.0715093
0.0721009
0.0727514
0.0734583
0.0742151
0.0750076
0.0758142
0.0766058
0.0773407
0.0779728
0.0784559
0.0787492
0.0788249
0.0786757
0.078319
0.0777879
0.0771333
0.0764091
0.0756756
0.074984
0.0743776
0.0738848
0.0735248
0.0732973
0.0731922
0.0731827
0.0732325
0.0733018
0.0733455
0.0733276
0.0732247
0.0730312
0.0727573
0.0724284
0.0720764
0.0717379
0.0714459
0.0712275
0.0711053
0.0710976
0.0712172
0.0714777
0.071889
0.0724585
0.073191
0.0740788
0.0750977
0.0762053
0.077333
0.0783977
0.0793162
0.0800278
0.0805161
0.0808149
0.0809981
0.0811568
0.0813738
0.0817063
0.0821889
0.0828264
0.0836104
0.0845164
0.0855055
0.0865224
0.0874959
0.0883428
0.0889782
0.0893386
0.0893948
0.0891596
0.0886963
0.0881012
0.087481
0.0869372
0.0865383
0.0863117
0.0862377
0.0862592
0.0862957
0.0862681
0.0861268
0.0858695
0.0855344
0.0851865
0.0848841
0.0846591
0.0845041
0.0843836
0.0842573
0.0840997
0.0839147
0.0837396
0.0836329
0.0836526
0.0838352
0.0841724
0.084605
0.0850139
0.0852407
0.0851223
0.0845406
0.0834653
0.0819691
0.0802001
0.0783387
0.0765428
0.0749225
0.0735317
0.0723787
0.0714394
0.0706764
0.070047
0.0695133
0.0690491
0.0686347
0.0682641
0.0679374
0.0676603
0.0674398
0.0672848
0.0672065
0.0672111
0.0673076
0.0675044
0.067809
0.0682308
0.0687818
0.0694728
0.0703134
0.0713113
0.072465
0.0737655
0.0751828
0.0766673
0.0781501
0.079544
0.0807637
0.0817369
0.0824264
0.0828367
0.0830169
0.0830469
0.0830155
0.0830079
0.0830854
0.0832776
0.0835833
0.0839756
0.0844072
0.0848183
0.0851499
0.0853453
0.0853645
0.0851824
0.0847921
0.0842047
0.0834399
0.0825281
0.0815001
0.0803905
0.0792342
0.0780625
0.076909
0.0758041
0.0747764
0.0738486
0.0730436
0.072383
0.0718933
0.0716049
0.0715618
0.071823
0.0724722
0.073612
0.0753591
0.0777997
0.0809033
0.0843965
0.0876694
0.0898796
0.09037
0.0891033
0.0866773
0.083894
0.0813418
0.0792795
0.077722
0.0765766
0.075728
0.0750797
0.0745656
0.0741435
0.0737931
0.0735051
0.0732781
0.0731109
0.0730062
0.0729673
0.0729978
0.0731047
0.0732999
0.073596
0.0740111
0.0745654
0.0752811
0.0761855
0.0773026
0.0786441
0.0801775
0.0817892
0.0832443
0.0842174
0.084396
0.0836359
0.0820591
0.0799968
0.0778333
0.0758637
0.074245
0.0730236
0.0721729
0.0716418
0.0713804
0.0713521
0.07154
0.0719428
0.0725798
0.073476
0.0746608
0.0761557
0.0779614
0.080038
0.0822937
0.0845788
0.0866926
0.0884281
0.0896253
0.0902185
0.0902538
0.0898608
0.0892035
0.0884314
0.0876462
0.0869039
0.0862189
0.0855806
0.084966
0.0843496
0.0837106
0.0830409
0.0823456
0.081644
0.0809658
0.0803528
0.0798413
0.0794618
0.0792307
0.0791518
0.0792148
0.0793939
0.0796553
0.0799594
0.0802679
0.0805512
0.0807851
0.0809616
0.0810808
0.081154
0.0811925
0.0812028
0.081185
0.0811292
0.0810182
0.0808343
0.0805647
0.0802048
0.0797523
0.0792097
0.0785756
0.0778478
0.0770252
0.0761099
0.0751122
0.0740506
0.0729515
0.0718476
0.0707706
0.069754
0.0688279
0.0680224
0.0673604
0.0668642
0.0665496
0.0664318
0.0665191
0.0668165
0.067319
0.0680135
0.0688785
0.069882
0.0709831
0.07214
0.0733139
0.0744785
0.0756209
0.0767466
0.0778793
0.0790489
0.0802907
0.0816307
0.0830713
0.0845772
0.0860657
0.0874035
0.0884216
0.0889359
0.088799
0.0879388
0.0864012
0.0843496
0.0820239
0.0796668
0.0774738
0.0755614
0.0739817
0.0727352
0.0717997
0.071146
0.0707485
0.0705876
0.0706538
0.0709366
0.071423
0.0720905
0.0729026
0.0738109
0.0747567
0.0756822
0.0765307
0.0772483
0.0777848
0.0780888
0.0781205
0.0778593
0.0773105
0.0765056
0.0754959
0.074342
0.0731064
0.0718468
0.0706097
0.0694256
0.0683037
0.0672399
0.066221
0.0652293
0.0642564
0.0633027
0.0623825
0.0615143
0.0607265
0.0600403
0.059476
0.0590472
0.0587614
0.0586231
0.0586322
0.0587893
0.0590974
0.0595623
0.0601929
0.0610039
0.0620123
0.063242
0.0647157
0.0664487
0.0684418
0.0706697
0.073061
0.0754942
0.0777938
0.0797741
0.0812772
0.0822344
0.0826848
0.0827562
0.0826184
0.0824291
0.0823099
0.0823428
0.0825728
0.0830175
0.0836834
0.0845557
0.0856022
0.086766
0.0879546
0.0890399
0.0898629
0.0902567
0.0900805
0.0892495
0.087768
0.0857256
0.0832806
0.0806244
0.0779484
0.0754198
0.0731656
0.0712776
0.0698146
0.0688083
0.0682737
0.0682113
0.0686102
0.0694422
0.0706593
0.0721903
0.0739338
0.0757529
0.0774873
0.078966
0.0800342
0.0805853
0.0805803
0.0800589
0.0791298
0.0779387
0.0766448
0.0753923
0.0742985
0.0734451
0.0728846
