1.22004
1.21923
1.21824
1.21695
1.21522
1.21283
1.20955
1.20514
1.19939
1.1922
1.18377
1.17473
1.16638
1.16053
1.15893
1.16243
1.17046
1.18137
1.19322
1.20446
1.21418
1.22202
1.22798
1.23223
1.23503
1.23665
1.23731
1.23726
1.23669
1.2358
1.23476
1.23372
1.23281
1.23207
1.23152
1.2311
1.23072
1.23026
1.22961
1.22868
1.2274
1.22572
1.22364
1.22115
1.21828
1.21509
1.21166
1.20813
1.20469
1.20158
1.19905
1.19738
1.19676
1.19725
1.19878
1.20115
1.20406
1.20721
1.2103
1.2131
1.21542
1.21712
1.21809
1.21829
1.21772
1.21648
1.21469
1.21249
1.20996
1.20711
1.20389
1.20028
1.19648
1.19299
1.19066
1.1904
1.19284
1.19798
1.20517
1.21331
1.22127
1.2282
1.23358
1.23726
1.2393
1.23989
1.23928
1.23774
1.23557
1.23304
1.23039
1.22784
1.22551
1.22345
1.2216
1.21985
1.21809
1.2162
1.21415
1.212
1.20989
1.208
1.20649
1.20546
1.20493
1.20489
1.20525
1.20592
1.20679
1.20771
1.20858
1.20932
1.20993
1.21048
1.21108
1.21183
1.2128
1.21399
1.21538
1.21691
1.2185
1.22014
1.22178
1.22342
1.22506
1.2267
1.2283
1.22985
1.2313
1.23261
1.23376
1.23471
1.23548
1.23605
1.23646
1.23672
1.23684
1.23686
1.23676
1.23654
1.23617
1.23564
1.2349
1.2339
1.23258
1.23086
1.22865
1.22584
1.22235
1.21812
1.21326
1.20802
1.2029
1.19848
1.19527
1.19356
1.19332
1.19437
1.1965
1.19948
1.20296
1.20651
1.20967
1.21212
1.21371
1.21448
1.21464
1.21441
1.214
1.21356
1.21312
1.21264
1.21202
1.21112
1.20988
1.20831
1.20654
1.20483
1.20349
1.20282
1.20307
1.20432
1.2065
1.20942
1.2128
1.21633
1.21974
1.22284
1.22547
1.22756
1.22908
1.23005
1.23051
1.2305
1.2301
1.22936
1.22836
1.22713
1.22573
1.22413
1.22229
1.22013
1.2175
1.21428
1.21036
1.20569
1.20038
1.19469
1.18903
1.18382
1.17931
1.17551
1.17219
1.16909
1.16609
1.16339
1.16134
1.16028
1.16031
1.1612
1.16253
1.16391
1.16511
1.16612
1.16711
1.16832
1.16994
1.17207
1.17461
1.17733
1.17995
1.18218
1.18381
1.18472
1.18488
1.18435
1.1832
1.18155
1.17953
1.17728
1.17494
1.17264
1.17051
1.16863
1.16706
1.16581
1.16486
1.16412
1.16351
1.16292
1.16227
1.16149
1.16054
1.15942
1.15816
1.15682
1.15546
1.15416
1.15297
1.15194
1.15108
1.15037
1.1498
1.14933
1.14891
1.14851
1.1481
1.14764
1.14709
1.14644
1.14564
1.14466
1.14347
1.14207
1.14049
1.13879
1.13707
1.13547
1.13411
1.1331
1.1325
1.13232
1.13248
1.13287
1.13338
1.13388
1.13426
1.13444
1.13438
1.13406
1.1335
1.13276
1.13193
1.1311
1.1304
1.12993
1.12977
1.12996
1.1305
1.13133
1.13237
1.13351
1.13463
1.13559
1.13628
1.13659
1.13643
1.13576
1.13459
1.13297
1.13106
1.12908
1.12729
1.1259
1.12507
1.12479
1.12493
1.12523
1.12547
1.12543
1.12502
1.12428
1.12336
1.12256
1.12226
1.12281
1.12449
1.12736
1.13124
1.13578
1.14056
1.1452
1.1494
1.15298
1.15587
1.15807
1.1596
1.16053
1.16095
1.16094
1.16058
1.15999
1.15926
1.15848
1.15772
1.15704
1.15644
1.15587
1.15527
1.15448
1.15336
1.15177
1.14963
1.14704
1.14431
1.142
1.14083
1.14137
1.14379
1.14777
1.15259
1.15743
1.16164
1.16481
1.16674
1.16738
1.1668
1.16516
1.16276
1.16017
1.15818
1.15769
1.15935
1.16322
1.1687
1.17481
1.18059
1.18538
1.18885
1.19093
1.19167
1.19111
1.18927
1.18613
1.18172
1.17622
1.17017
1.16454
1.16046
1.15879
1.15955
1.16194
1.16481
1.16719
1.16867
1.16929
1.16945
1.16962
1.17024
1.17154
1.17359
1.17626
1.17935
1.1826
1.18578
1.18872
1.19134
1.19359
1.1955
1.1971
1.19844
1.19957
1.20052
1.20129
1.2019
1.20234
1.20261
1.20269
1.2026
1.20234
1.20192
1.20136
1.20066
1.19983
1.19885
1.19771
1.19638
1.19486
1.19313
1.19119
1.18907
1.18679
1.1844
1.18195
1.17948
1.17703
1.17465
1.17237
1.17026
1.16838
1.1668
1.16562
1.16491
1.16472
1.16508
1.16596
1.1673
1.16897
1.17084
1.17275
1.17455
1.17611
1.17733
1.17814
1.17849
1.1784
1.17788
1.17702
1.17588
1.1746
1.17328
1.17206
1.17104
1.17029
1.16988
1.16982
1.1701
1.17068
1.17152
1.17254
1.17366
1.17483
1.17596
1.17698
1.17784
1.17848
1.17887
1.17896
1.17873
1.17816
1.17725
1.17601
1.17449
1.17278
1.17102
1.16939
1.1681
1.16731
1.16715
1.16765
1.16875
1.17028
1.17205
1.17386
1.17553
1.17691
1.17789
1.17838
1.17833
1.17771
1.17654
1.17486
1.17274
1.17029
1.16761
1.16477
1.16186
1.15899
1.15634
1.15423
1.15306
1.15327
1.15515
1.15875
1.16375
1.16965
1.17584
1.18181
1.18717
1.19168
1.19526
1.19789
1.19963
1.20052
1.20064
1.20003
1.19872
1.19674
1.19413
1.19094
1.18733
1.18356
1.18002
1.17721
1.17565
1.17575
1.17765
1.18116
1.1858
1.19096
1.19602
1.2005
1.20405
1.20649
1.20778
1.20798
1.20728
1.20592
1.2042
1.20242
1.20078
1.19935
1.1981
1.19689
1.19559
1.19413
1.19254
1.19094
1.1895
1.1884
1.18771
1.18746
1.18757
1.18791
1.18835
1.18873
1.18889
1.18865
1.18779
1.18614
1.18355
1.18
1.17564
1.17086
1.16636
1.16305
1.16183
1.16328
1.16738
1.17348
1.18054
1.1874
1.19316
1.19726
1.19956
1.20031
1.20004
1.19941
1.19906
1.19946
1.20075
1.20279
1.20522
1.20764
1.20971
1.2112
1.21201
1.21214
1.21166
1.21069
1.20937
1.20785
1.2063
1.20487
1.20367
1.20283
1.20242
1.20249
1.20302
1.204
1.20535
1.20699
1.2088
1.21066
1.21245
1.21406
1.21536
1.21625
1.21662
1.21638
1.21544
1.21374
1.21123
1.20789
1.20378
1.19899
1.19372
1.18824
1.18288
1.17803
1.17402
1.17113
1.16949
1.16911
1.16986
1.17153
1.17388
1.1766
1.17941
1.18206
1.18438
1.1863
1.18784
1.18909
1.19016
1.1912
1.19229
1.19347
1.19473
1.19599
1.19713
1.19797
1.19833
1.19803
1.1969
1.19485
1.19191
1.18833
1.18461
1.18145
1.17955
1.17931
1.1806
1.18284
1.18526
1.18715
1.18804
1.18771
1.18608
1.18322
1.17924
1.17438
1.16894
1.16334
1.15808
1.15366
1.1505
1.14887
1.14884
1.15024
1.15272
1.1558
1.15902
1.16202
1.16457
1.16655
1.16794
1.16876
1.16904
1.16884
1.16822
1.16726
1.16604
1.16468
1.16328
1.16196
1.16082
1.15994
1.15935
1.15903
1.15895
1.15902
1.15917
1.15931
1.15939
1.15937
1.15922
1.15893
1.15852
1.15798
1.15732
1.15654
1.15563
1.15458
1.15336
1.15193
1.15026
1.14832
1.14606
1.14347
1.14054
1.13727
1.13369
1.12988
1.12594
1.12204
1.11838
1.11521
1.11277
1.11129
1.11091
1.11168
1.11351
1.1162
1.11946
1.12296
1.12638
1.12947
1.13204
1.134
1.1353
1.13598
1.13609
1.13575
1.13507
1.13416
1.13315
1.13214
1.13123
1.13046
1.12985
1.12939
1.12904
1.12873
1.12837
1.12786
1.12713
1.12612
1.1248
1.12323
1.12152
1.11989
1.1186
1.11786
1.11786
1.11859
1.11993
1.12164
1.12344
1.12509
1.12643
1.12735
1.12783
1.12789
1.12757
1.12692
1.12599
1.12483
1.12348
1.12196
1.12032
1.1186
1.11689
1.11533
1.11407
1.11333
1.11329
1.11405
1.11562
1.11784
1.12048
1.12324
1.12582
1.12799
1.12959
1.13055
1.13087
1.13063
1.12996
1.12908
1.12825
1.1277
1.12763
1.12813
1.12914
1.13053
1.13211
1.13368
1.13509
1.13625
1.13712
1.13769
1.13801
1.13809
1.13799
1.13774
1.13735
1.13686
1.13627
1.13563
1.13496
1.13434
1.13384
1.13354
1.13354
1.13388
1.13458
1.13558
1.1368
1.13811
1.13938
1.14049
1.1414
1.1421
1.14265
1.14317
1.14378
1.14461
1.14573
1.14714
1.14874
1.15039
1.15188
1.153
1.15356
1.15337
1.15222
1.14995
1.14645
1.14171
1.136
1.13002
1.12485
1.12179
1.12177
1.12489
1.1303
1.1367
1.14283
1.14783
1.15127
1.15306
1.15335
1.15255
1.15127
1.15021
1.15007
1.15125
1.15375
1.1572
1.16106
1.16482
1.16813
1.17082
1.17288
1.17441
1.17551
1.17632
1.17694
1.17743
1.17784
1.17812
1.1782
1.17793
1.17714
1.17558
1.17304
1.16943
1.16487
1.15993
1.15561
1.15312
1.15335
1.15633
1.16128
1.16699
1.17244
1.17704
1.18062
1.18324
1.18512
1.18643
1.18734
1.18795
1.18831
1.18844
1.18833
1.18797
1.18733
1.18643
1.18527
1.18391
1.18242
1.1809
1.17944
1.17814
1.17709
1.17634
1.17592
1.17583
1.17603
1.17652
1.17724
1.17818
1.1793
1.18058
1.18197
1.18344
1.18496
1.18648
1.18797
1.18942
1.1908
1.19211
1.19334
1.1945
1.1956
1.19663
1.19756
1.19836
1.19893
1.19918
1.19902
1.19839
1.19725
1.19562
1.19357
1.19125
1.18881
1.18648
1.18441
1.18274
1.18148
1.18049
1.1795
1.1781
1.17584
1.17231
1.16731
1.16098
1.15396
1.14738
1.14268
1.14107
1.1431
1.14838
1.15579
1.16394
1.1716
1.17791
1.18236
1.18474
1.18502
1.18333
1.17994
1.17536
1.17041
1.16613
1.16351
1.1631
1.16478
1.16782
1.17131
1.1745
1.17694
1.1785
1.17921
1.1792
1.1786
1.17755
1.17616
1.17453
1.17275
1.17089
1.16906
1.16733
1.1658
1.16455
1.16366
1.16315
1.16303
1.16324
1.1637
1.16428
1.16485
1.16528
1.16542
1.16519
1.16451
1.16333
1.16169
1.15966
1.15741
1.1552
1.15332
1.15213
1.15186
1.15263
1.15433
1.15667
1.15923
1.16162
1.16347
1.16456
1.1648
1.16425
1.16311
1.16172
1.1605
1.15988
1.16018
1.16159
1.16405
1.16736
1.17123
1.17533
1.17941
1.18326
1.18673
1.18974
1.19226
1.19425
1.19573
1.19668
1.19713
1.19708
1.19654
1.19551
1.19401
1.19208
1.18978
1.18719
1.18443
1.18167
1.17907
1.17683
1.17511
1.17405
1.1737
1.17407
1.17509
1.17665
1.17862
1.18086
1.18327
1.18573
1.18815
1.19049
1.19267
1.19465
1.19639
1.19784
1.19896
1.19971
1.20006
1.19999
1.19951
1.1986
1.19733
1.19575
1.19396
1.19208
1.19023
1.18852
1.18707
1.18592
1.18508
1.18452
1.18418
1.18401
1.18393
1.18392
1.18393
1.18395
1.18397
1.18395
1.18387
1.1837
1.18341
1.18303
1.18268
1.18253
1.18286
1.18388
1.18573
1.18836
1.19155
1.19499
1.19837
1.20143
1.20403
1.20612
1.20771
1.20884
1.20957
1.20993
1.20992
1.20949
1.20856
1.20699
1.20461
1.2012
1.19658
1.19067
1.18356
1.1756
1.16754
1.16046
1.15561
1.15408
1.15637
1.16215
1.17034
1.1795
1.18833
1.19597
1.20195
1.20617
1.2087
1.20966
1.2092
1.20746
1.20464
1.20101
1.19697
1.19306
1.18984
1.18768
1.18667
1.1865
1.18668
1.18667
1.18616
1.18509
1.1837
1.18244
1.18178
1.18206
1.18335
1.18545
1.18794
1.19038
1.1924
1.19376
1.19433
1.19409
1.19308
1.19135
1.18902
1.18622
1.18311
1.17987
1.17668
1.17371
1.17108
1.16886
1.16711
1.16586
1.16517
1.16512
1.1658
1.16731
1.16969
1.17287
1.17667
1.18078
1.18484
1.1885
1.19146
1.19352
1.19457
1.19461
1.19368
1.19189
1.18943
1.1865
1.18336
1.18026
1.17742
1.17504
1.17322
1.17203
1.17148
1.17152
1.17201
1.17278
1.17356
1.1741
1.17413
1.1735
1.17212
1.16996
1.16711
1.16368
1.15985
1.1559
1.15216
1.14904
1.14696
1.14622
1.14694
1.14898
1.15205
1.15575
1.15974
1.16376
1.16765
1.17129
1.17458
1.17743
1.17973
1.18137
1.18224
1.18228
1.18143
1.17965
1.17695
1.17336
1.16897
1.16391
1.15842
1.15286
1.14765
1.14329
1.14027
1.13891
1.13933
1.14139
1.14472
1.14883
1.15323
1.15749
1.16131
1.16451
1.16701
1.1688
1.16994
1.1705
1.1706
1.17038
1.16994
1.16943
1.16894
1.16854
1.16826
1.1681
1.16802
1.16797
1.16791
1.1678
1.16763
1.16743
1.16723
1.1671
1.16711
1.16733
1.16781
1.16857
1.1696
1.17088
1.17234
1.17391
1.17551
1.17705
1.1784
1.17943
1.17996
1.17976
1.17862
1.17628
1.17255
1.16734
1.16077
1.15324
1.14544
1.13834
1.13299
1.13027
1.13059
1.13363
1.13834
1.14335
1.14736
1.14966
1.15039
1.15051
1.15133
1.1537
1.15745
1.1615
1.16456
1.16575
1.16488
1.16229
1.1587
1.15498
1.152
1.15054
1.15115
1.15398
1.15875
1.16473
1.17107
1.17701
1.18209
1.18611
1.18909
1.19116
1.19251
1.1933
1.19368
1.1938
1.19374
1.19358
1.1934
1.19322
1.19308
1.193
1.193
1.19307
1.19322
1.19345
1.19375
1.19412
1.19455
1.19503
1.19557
1.19615
1.19678
1.19745
1.19814
1.19886
1.19958
1.20029
1.20097
1.2016
1.20215
1.2026
1.20292
1.20308
1.20307
1.20286
1.20246
1.20185
1.20105
1.20007
1.19896
1.19775
1.19648
1.19522
1.19401
1.19291
1.19195
1.19118
1.19063
1.19032
1.19026
1.19044
1.19082
1.19136
1.192
1.19268
1.19333
1.19394
1.19451
1.19511
1.19585
1.19686
1.19828
1.20022
1.20273
1.20577
1.20921
1.21279
1.2162
1.21913
1.22125
1.22232
1.22217
1.22077
1.21822
1.21485
1.21121
1.208
1.20586
1.20513
1.20559
1.20659
1.20729
1.20695
1.20511
1.2017
1.19704
1.19183
1.18709
1.18394
1.18333
1.18564
1.19055
1.19723
1.20468
1.21205
1.21878
1.2246
1.22942
1.23329
1.23628
1.23851
1.24009
1.24111
1.24166
1.24183
1.24169
1.24132
1.24076
1.24004
1.23919
1.23816
1.23692
1.23539
1.2335
1.23119
1.22845
1.22531
1.22194
1.21857
1.21554
1.21313
1.21153
1.21073
1.21049
1.21048
1.21038
1.21001
1.20939
1.20868
1.20807
1.20771
1.20758
1.20754
1.20735
1.20678
1.20566
1.20395
1.20177
1.19937
1.19718
1.19562
1.19509
1.19581
1.19777
1.20068
1.20408
1.20745
1.21027
1.21217
1.21294
1.21252
1.21101
1.20864
1.20574
1.20272
1.2
1.19791
1.19664
1.19619
1.19633
1.19678
1.19727
1.19768
1.19801
1.19838
1.19892
1.19974
1.20087
1.20229
1.20393
1.2057
1.20751
1.20925
1.21077
1.21194
1.21257
1.21247
1.21145
1.20934
1.20602
1.20155
1.19621
1.19057
1.18539
1.18137
1.17884
1.17761
1.17707
1.17655
1.17552
1.17373
1.17117
1.168
1.16441
1.16063
1.1569
1.15345
1.15055
1.14846
1.14742
1.14762
1.14914
1.15194
1.15583
1.16054
1.16576
1.17112
1.17632
1.18109
1.18523
1.18863
1.1912
1.19296
1.19395
1.19423
1.19392
1.19312
1.19197
1.19059
1.1891
1.18762
1.18622
1.18496
1.18387
1.18293
1.18211
1.1814
1.18074
1.18011
1.17951
1.17893
1.17838
1.1779
1.17751
1.17726
1.17717
1.17725
1.17752
1.17794
1.17846
1.17901
1.1795
1.17981
1.17981
1.17938
1.17841
1.1768
1.17449
1.17148
1.16785
1.1638
1.1596
1.15559
1.15208
1.14928
1.14726
1.14595
1.14526
1.14513
1.14556
1.1466
1.14829
1.15052
1.15311
1.15581
1.15839
1.16074
1.16285
1.16486
1.16696
1.16937
1.17228
1.17584
1.18005
1.18479
1.1898
1.19475
1.19932
1.2033
1.20658
1.20919
1.21122
1.21284
1.21419
1.21542
1.21661
1.2178
1.21898
1.2201
1.2211
1.22193
1.22251
1.22278
1.22269
1.22219
1.22125
1.21982
1.21791
1.21551
1.21265
1.20939
1.20583
1.20205
1.19817
1.19428
1.19046
1.18675
1.18314
1.17952
1.17567
1.17124
1.16589
1.15951
1.15261
1.14664
1.14371
1.14537
1.15144
1.16005
1.16885
1.17621
1.1815
1.18486
1.18672
1.18762
1.18801
1.18826
1.1886
1.18913
1.18988
1.19081
1.19182
1.1928
1.19361
1.19414
1.1943
1.19401
1.19321
1.19185
1.1899
1.18736
1.18423
1.18059
1.1766
1.17255
1.16886
1.16603
1.16451
1.16452
1.16599
1.16853
1.17164
1.17481
1.17766
1.17996
1.18157
1.18244
1.18256
1.18188
1.18039
1.1781
1.17503
1.17132
1.16726
1.16325
1.15978
1.15728
1.15594
1.15568
1.15618
1.15704
1.15798
1.15887
1.15976
1.16076
1.16195
1.1634
1.16507
1.16692
1.16889
1.17094
1.17305
1.17523
1.17746
1.17972
1.182
1.18425
1.18643
1.1885
1.1904
1.19211
1.19356
1.19473
1.19557
1.19606
1.19614
1.19579
1.19495
1.19357
1.19163
1.1891
1.186
1.18241
1.17851
1.17454
1.17082
1.16759
1.16498
1.16299
1.16147
1.16029
1.15941
1.15891
1.15899
1.15985
1.16172
1.16468
1.16872
1.17361
1.17896
1.18429
1.1891
1.19299
1.1957
1.19713
1.19731
1.19635
1.19446
1.19188
1.18893
1.18595
1.1833
1.18127
1.18007
1.17975
1.18025
1.18141
1.183
1.18481
1.18666
1.18842
1.18999
1.1913
1.19232
1.19301
1.19338
1.19341
1.19313
1.19253
1.19162
1.19039
1.1888
1.18678
1.18421
1.18098
1.17702
1.17237
1.1673
1.16231
1.15805
1.15508
1.15355
1.15312
1.15313
1.15294
1.15212
1.15052
1.14814
1.14501
1.1412
1.1369
1.13262
1.12928
1.12795
1.12939
1.13355
1.13957
1.1462
1.15236
1.15745
1.16124
1.1638
1.16533
1.16602
1.16606
1.16559
1.16471
1.16347
1.16186
1.15984
1.15731
1.1541
1.15002
1.14485
1.13845
1.13084
1.12246
1.11426
1.10767
1.10417
1.10458
1.10857
1.11489
1.12203
1.12881
1.13459
1.13921
1.14274
1.14539
1.14738
1.1489
1.15009
1.15106
1.15185
1.15252
1.15308
1.15354
1.15388
1.15411
1.15421
1.15417
1.15397
1.15361
1.15307
1.15236
1.15147
1.15043
1.14928
1.14805
1.14682
1.14566
1.14462
1.14376
1.14307
1.14253
1.14206
1.14158
1.14099
1.14021
1.13919
1.13793
1.13649
1.13501
1.13367
1.1327
1.13231
1.13261
1.13361
1.13519
1.13708
1.13893
1.1404
1.14115
1.14098
1.13983
1.13789
1.13558
1.13351
1.13231
1.13233
1.13351
1.13536
1.13726
1.13868
1.13941
1.13964
1.13984
1.14055
1.14218
1.14481
1.1482
1.15191
1.15551
1.15868
1.16127
1.16324
1.16464
1.16558
1.16615
1.16645
1.16656
1.16656
1.16651
1.16647
1.16647
1.16656
1.16677
1.16713
1.16765
1.16834
1.16918
1.17014
1.17118
1.1722
1.17312
1.17382
1.17419
1.1741
1.17347
1.17227
1.1705
1.16828
1.1658
1.16331
1.16107
1.15928
1.15805
1.15734
1.15697
1.15666
1.15606
1.1548
1.1525
1.14888
1.14393
1.13829
1.13338
1.13117
1.13309
1.13904
1.14739
1.15601
1.16338
1.16888
1.17256
1.17484
1.17624
1.17723
1.17813
1.1792
1.18053
1.18216
1.18407
1.1862
1.18847
1.19081
1.19313
1.1953
1.19723
1.19879
1.19985
1.20027
1.19992
1.19864
1.19631
1.19279
1.18797
1.18177
1.1741
1.16495
1.1544
1.14275
1.13074
1.11963
1.11111
1.10681
1.10765
1.11338
1.12275
1.13399
1.14547
1.15603
1.16501
1.17218
1.17756
1.18134
1.18377
1.18513
1.18567
1.18562
1.18514
1.18436
1.18334
1.18213
1.18077
1.17929
1.17773
1.17613
1.17453
1.17294
1.17136
1.16972
1.16793
1.16588
1.16348
1.16072
1.15773
1.15481
1.1524
1.15093
1.15063
1.15145
1.15304
1.15491
1.15662
1.15791
1.15864
1.15886
1.15863
1.15806
1.15722
1.15615
1.15485
1.15332
1.15155
1.14954
1.14735
1.14503
1.14268
1.14041
1.13832
1.13652
1.13506
1.13397
1.13325
1.13283
1.13264
1.1326
1.13264
1.1327
1.13274
1.13276
1.13276
1.13277
1.13284
1.13299
1.13327
1.13367
1.1342
1.13484
1.13556
1.13631
1.13707
1.13779
1.13845
1.13902
1.1395
1.13989
1.14017
1.14036
1.14046
1.14046
1.14036
1.14014
1.13978
1.13923
1.13846
1.13739
1.13596
1.13407
1.13165
1.12865
1.1251
1.12112
1.117
1.11319
1.11024
1.10862
1.10859
1.11001
1.11243
1.11525
1.11789
1.11997
1.1213
1.12187
1.12185
1.12143
1.12088
1.1204
1.12013
1.12014
1.12038
1.12079
1.12124
1.12164
1.12194
1.12213
1.12229
1.12258
1.12324
1.1245
1.12655
1.12944
1.13309
1.13725
1.14162
1.14587
1.14973
1.15299
1.1555
1.1572
1.15804
1.15802
1.15718
1.1556
1.15341
1.1508
1.14794
1.14501
1.1421
1.13922
1.13635
1.13347
1.13063
1.12795
1.12561
1.12374
1.1224
1.12152
1.12098
1.12062
1.12031
1.11999
1.11965
1.11931
1.11901
1.11878
1.11866
1.11874
1.11911
1.11995
1.12141
1.12361
1.12652
1.12995
1.13354
1.13683
1.1394
1.1409
1.1411
1.14
1.13779
1.1349
1.13189
1.1294
1.12789
1.12757
1.12831
1.12979
1.13156
1.13325
1.13457
1.13536
1.13557
1.13524
1.13448
1.13349
1.13246
1.13159
1.13104
1.13086
1.13102
1.1314
1.13187
1.13225
1.13242
1.13229
1.13182
1.13103
1.13001
1.12887
1.12777
1.12685
1.12626
1.12611
1.12641
1.12715
1.12821
1.12948
1.13078
1.13198
1.13294
1.13355
1.13373
1.13339
1.13249
1.13102
1.12897
1.1264
1.12343
1.12027
1.11719
1.11452
1.11254
1.11146
1.11134
1.11207
1.11343
1.11514
1.11698
1.11874
1.12033
1.12168
1.1228
1.1237
1.1244
1.12493
1.12534
1.12566
1.12594
1.12622
1.12654
1.12695
1.12744
1.128
1.1286
1.12919
1.1297
1.13009
1.13031
1.13037
1.13028
1.13008
1.12979
1.12943
1.12894
1.12825
1.12728
1.126
1.12446
1.12288
1.12153
1.12073
1.12072
1.12154
1.12311
1.12517
1.12748
1.12982
1.13206
1.13416
1.1361
1.13788
1.13948
1.14087
1.14198
1.14279
1.14328
1.14346
1.14333
1.14288
1.14203
1.14064
1.13861
1.13592
1.1328
1.12982
1.12776
1.12729
1.12853
1.13098
1.13379
1.13616
1.13765
1.13817
1.13791
1.13716
1.13625
1.13545
1.13498
1.13498
1.1355
1.13648
1.13776
1.13912
1.14021
1.14072
1.1403
1.13874
1.13603
1.13244
1.12857
1.12531
1.12356
1.12396
1.12663
1.13122
1.13708
1.14346
1.14975
1.15545
1.16027
1.16408
1.16685
1.16863
1.16949
1.16951
1.16877
1.16732
1.1652
1.16246
1.15915
1.15538
1.15125
1.14694
1.14266
1.13861
1.13501
1.13203
1.12978
1.12833
1.12765
1.12765
1.12812
1.12881
1.12938
1.12957
1.1292
1.12828
1.12702
1.1258
1.12503
1.12498
1.12567
1.12689
1.12827
1.12948
1.13034
1.13088
1.13131
1.13191
1.13296
1.13463
1.13696
1.13979
1.14291
1.14607
1.14904
1.15169
1.15395
1.15581
1.15729
1.15846
1.15936
1.16007
1.16064
1.1611
1.1615
1.16185
1.16217
1.16246
1.16273
1.16295
1.1631
1.16315
1.16307
1.16281
1.16233
1.16157
1.16049
1.15907
1.1573
1.1552
1.15286
1.15038
1.14789
1.1455
1.14328
1.14123
1.13926
1.13729
1.13525
1.13318
1.13122
1.1296
1.12852
1.12817
1.1286
1.12976
1.13156
1.13393
1.13681
1.14013
1.14381
1.1477
1.1516
1.15524
1.15838
1.16081
1.16237
1.163
1.16269
1.16155
1.15977
1.15766
1.15562
1.15406
1.15333
1.15359
1.1548
1.15671
1.15899
1.16129
1.16336
1.16503
1.16622
1.16694
1.16723
1.16716
1.1668
1.16623
1.16554
1.16476
1.16396
1.16317
1.16239
1.16165
1.16093
1.16021
1.15948
1.15873
1.15792
1.15703
1.15602
1.15485
1.15347
1.15183
1.1499
1.14767
1.14517
1.14248
1.13972
1.13703
1.13454
1.13243
1.1309
1.1302
1.13052
1.13196
1.13441
1.13759
1.14109
1.14452
1.14755
1.15001
1.15183
1.15303
1.15371
1.15398
1.15399
1.15384
1.15365
1.15347
1.15332
1.15319
1.15299
1.15265
1.15201
1.15092
1.14922
1.14674
1.14336
1.13905
1.13391
1.12821
1.12244
1.11726
1.11335
1.11125
1.11123
1.11319
1.11673
1.12131
1.12634
1.13136
1.13599
1.14003
1.1434
1.14609
1.14815
1.14965
1.15067
1.15128
1.15152
1.15144
1.15106
1.15039
1.14944
1.1482
1.14668
1.14486
1.14275
1.14034
1.13763
1.1346
1.13125
1.12752
1.12339
1.11884
1.11389
1.10869
1.10354
1.09893
1.09546
1.09367
1.09381
1.09578
1.09911
1.10316
1.10735
1.11124
1.11459
1.11731
1.11943
1.12104
1.12226
1.1232
1.12396
1.12461
1.12521
1.1258
1.12639
1.12699
1.12758
1.12817
1.12874
1.12928
1.12977
1.13021
1.13058
1.13084
1.13099
1.13097
1.13074
1.13027
1.12949
1.12837
1.12689
1.12505
1.12293
1.12067
1.11848
1.11662
1.11536
1.11488
1.11524
1.11638
1.11809
1.12017
1.12236
1.12447
1.12634
1.12787
1.12898
1.12964
1.12984
1.12961
1.12904
1.12824
1.12737
1.12663
1.12618
1.12615
1.12656
1.12734
1.12828
1.12907
1.1293
1.12853
1.12636
1.12251
1.11716
1.11117
1.10619
1.10415
1.10619
1.11191
1.11966
1.12757
1.1344
1.13967
1.14346
1.14607
1.14788
1.14918
1.15023
1.1512
1.15217
1.15322
1.15435
1.15557
1.15685
1.15817
1.1595
1.1608
1.16205
1.16319
1.16419
1.16502
1.16563
1.166
1.16609
1.1659
1.16543
1.1647
1.16374
1.16261
1.16142
1.16024
1.1592
1.15841
1.15793
1.15783
1.15812
1.15874
1.15961
1.16062
1.16166
1.16261
1.16341
1.16405
1.16453
1.16493
1.16533
1.16579
1.16638
1.16709
1.16791
1.16879
1.16965
1.17046
1.17118
1.1718
1.17231
1.17273
1.17308
1.17339
1.17368
1.17398
1.1743
1.17468
1.17512
1.17561
1.17613
1.17663
1.17705
1.1773
1.1773
1.17694
1.17614
1.17483
1.17299
1.17066
1.16797
1.16516
1.16254
1.1604
1.15896
1.15821
1.15796
1.15782
1.15735
1.1561
1.15377
1.15027
1.14579
1.14084
1.13625
1.13296
1.13167
1.13255
1.1352
1.13894
1.14307
1.1471
1.15078
1.154
1.15673
1.15897
1.16072
1.16198
1.16272
1.16294
1.16263
1.16181
1.16047
1.15864
1.15638
1.15377
1.15097
1.14819
1.14572
1.14384
1.1428
1.14271
1.14351
1.145
1.1469
1.14894
1.15089
1.15261
1.15405
1.15519
1.15603
1.1566
1.15692
1.15697
1.15675
1.15624
1.1554
1.15421
1.15266
1.15075
1.14853
1.14608
1.14352
1.14102
1.13879
1.13704
1.13593
1.13559
1.13602
1.13713
1.13875
1.14065
1.14256
1.14427
1.14558
1.14636
1.14653
1.14604
1.1449
1.14317
1.14092
1.13827
1.13537
1.13239
1.12954
1.12702
1.12502
1.12367
1.12306
1.12321
1.12412
1.12575
1.12804
1.13094
1.13436
1.13815
1.14214
1.14614
1.14999
1.15355
1.15676
1.15956
1.16197
1.164
1.16568
1.16707
1.1682
1.16911
1.16985
1.17043
1.17088
1.17123
1.17147
1.1716
1.1716
1.17144
1.17111
1.17056
1.16978
1.16878
1.16763
1.16643
1.16533
1.16451
1.16413
1.16429
1.16501
1.1662
1.16772
1.16939
1.17103
1.17249
1.17363
1.17433
1.17448
1.17402
1.17285
1.17095
1.16836
1.1652
1.16172
1.15823
1.1551
1.15261
1.15083
1.14962
1.14866
1.14758
1.14605
1.14393
1.14127
1.13831
1.13545
1.13324
1.13224
1.13294
1.13562
1.14017
1.14607
1.15259
1.15892
1.16444
1.16871
1.17151
1.17277
1.17248
1.1707
1.16755
1.16327
1.15831
1.1534
1.14942
1.14717
1.14705
1.14881
1.15174
1.15498
1.15782
1.15984
1.16091
1.16112
1.16066
1.15976
1.1587
1.15771
1.15702
1.15676
1.15701
1.15777
1.15897
1.16049
1.16222
1.16401
1.16578
1.16744
1.16896
1.17029
1.17143
1.17236
1.17309
1.1736
1.17391
1.174
1.17387
1.17351
1.17291
1.17205
1.17092
1.1695
1.16779
1.16582
1.16361
1.16124
1.15878
1.15636
1.15407
1.15202
1.1503
1.14897
1.14807
1.14763
1.14765
1.14809
1.14887
1.14982
1.15069
1.15117
1.15096
1.14982
1.14772
1.14488
1.14178
1.13905
1.13726
1.13671
1.13738
1.13899
1.14122
1.14376
1.14641
1.14899
1.15139
1.15348
1.15522
1.15655
1.15748
1.15804
1.15824
1.15811
1.15767
1.15693
1.15588
1.15453
1.15289
1.15101
1.14899
1.14695
1.14503
1.14337
1.14203
1.141
1.14018
1.1394
1.13845
1.13719
1.13552
1.13347
1.13124
1.12912
1.12752
1.1268
1.12718
1.12868
1.13107
1.13403
1.1372
1.14027
1.14305
1.14541
1.1473
1.14869
1.14959
1.14997
1.14982
1.14913
1.14792
1.14621
1.14409
1.14174
1.1394
1.13738
1.13598
1.13546
1.13594
1.13738
1.13959
1.14227
1.14507
1.14767
1.14977
1.15116
1.15165
1.15114
1.14959
1.14703
1.14361
1.13961
1.13543
1.13156
1.12842
1.12629
1.12514
1.12475
1.12477
1.12489
1.12493
1.12484
1.12473
1.12477
1.12514
1.126
1.12741
1.12933
1.13165
1.13415
1.13663
1.13889
1.14079
1.14225
1.14325
1.14381
1.14401
1.14396
1.14379
1.14363
1.1436
1.14378
1.1442
1.14486
1.14569
1.14663
1.14759
1.14851
1.14932
1.15
1.15055
1.15096
1.15125
1.15143
1.1515
1.15144
1.15122
1.15077
1.14996
1.14867
1.14674
1.1441
1.14081
1.13715
1.13366
1.13104
1.1299
1.13047
1.13252
1.13543
1.1385
1.14114
1.14295
1.14372
1.14336
1.1419
1.13957
1.13677
1.13408
1.13209
1.13121
1.13144
1.13247
1.13381
1.13501
1.1358
1.13608
1.13587
1.13523
1.13425
1.13301
1.1316
1.13014
1.12877
1.12765
1.12693
1.12671
1.12703
1.12786
1.12911
1.13064
1.13233
1.13404
1.13568
1.13715
1.1384
1.13935
1.13996
1.14017
1.13995
1.13927
1.13815
1.13662
1.13475
1.13261
1.1303
1.12794
1.12559
1.12336
1.12128
1.1194
1.11773
1.11628
1.11504
1.11403
1.11325
1.1127
1.11239
1.11229
1.11241
1.11271
1.11317
1.11377
1.11448
1.11527
1.11611
1.11696
1.11778
1.11855
1.11924
1.11982
1.12028
1.12062
1.12084
1.12095
1.12095
1.12087
1.12072
1.12051
1.12026
1.11997
1.11966
1.11932
1.11897
1.11859
1.11818
1.11776
1.11732
1.11687
1.11644
1.11603
1.11568
1.1154
1.11519
1.11504
1.11495
1.11489
1.11482
1.11471
1.11454
1.11432
1.11405
1.11377
1.11354
1.11343
1.11349
1.11378
1.11434
1.11519
1.11633
1.11772
1.11933
1.1211
1.12296
1.12484
1.12667
1.12838
1.12989
1.13112
1.13202
1.1325
1.13248
1.13187
1.13057
1.12846
1.12545
1.12145
1.11647
1.11065
1.10433
1.09808
1.09271
1.08909
1.08793
1.0895
1.09351
1.09924
1.10576
1.11228
1.11825
1.12341
1.12771
1.13125
1.13418
1.13664
1.13878
1.14071
1.14248
1.14413
1.14568
1.14711
1.14842
1.14959
1.15059
1.1514
1.15199
1.15235
1.15242
1.15219
1.15162
1.15066
1.14931
1.14756
1.14544
1.14303
1.14048
1.13798
1.13576
1.13405
1.13304
1.13283
1.13343
1.13473
1.13655
1.13867
1.14085
1.14287
1.14455
1.14571
1.14622
1.14594
1.14475
1.14253
1.13926
1.13515
1.13075
1.12708
1.12536
1.12647
1.13046
1.13646
1.14314
1.14929
1.15418
1.15755
1.15944
1.16011
1.15988
1.15911
1.15815
1.1573
1.15677
1.15669
1.15707
1.15781
1.15878
1.15978
1.16064
1.16122
1.16143
1.1613
1.16092
1.16048
1.16016
1.16013
1.16042
1.16093
1.16142
1.16162
1.16126
1.16013
1.15816
1.15536
1.15186
1.14786
1.14364
1.13949
1.13576
1.13276
1.13077
1.12998
1.13043
1.132
1.13437
1.13716
1.13995
1.1424
1.1443
1.14557
1.14624
1.14646
1.14638
1.14621
1.14613
1.14629
1.14678
1.14765
1.14884
1.15025
1.15174
1.15311
1.15417
1.15476
1.15473
1.15397
1.15243
1.15012
1.14717
1.14383
1.14051
1.13768
1.13584
1.13526
1.13593
1.13756
1.13966
1.14173
1.1434
1.14443
1.14472
1.14427
1.14315
1.14145
1.13931
1.13688
1.13433
1.13182
1.12948
1.12733
1.12517
1.12255
1.11871
1.11276
1.10414
1.09355
1.08383
1.07944
1.08335
1.09424
1.10761
1.11921
1.12692
1.13031
1.12975
1.12584
1.11944
1.1119
1.1051
1.1011
1.10115
1.10502
1.11125
1.11808
1.12428
1.12926
1.13294
1.13547
1.13706
1.1379
1.13814
1.13789
1.13721
1.13615
1.13474
1.13298
1.1309
1.12854
1.12597
1.12331
1.12072
1.11837
1.11646
1.11512
1.11443
1.11437
1.11489
1.11589
1.11727
1.11895
1.12083
1.12282
1.12485
1.12685
1.12876
1.13057
1.13225
1.13381
1.13527
1.13663
1.13791
1.1391
1.14019
1.14117
1.14202
1.14272
1.14323
1.14353
1.14362
1.14349
1.14319
1.14278
1.14235
1.14205
1.14202
1.1424
1.14328
1.1447
1.1466
1.1489
1.15144
1.15408
1.15669
1.15915
1.16138
1.16332
1.16492
1.16618
1.16706
1.16756
1.1677
1.16751
1.16706
1.16647
1.16587
1.16544
1.16532
1.16563
1.16641
1.16763
1.16921
1.17102
1.17295
1.17491
1.17685
1.17875
1.18063
1.18251
1.18442
1.18643
1.18856
1.19084
1.19328
1.19582
1.19838
1.20081
1.20295
1.20461
1.20562
1.20585
1.20527
1.20394
1.20211
1.20015
1.19851
1.19762
1.19775
1.19888
1.20076
1.203
1.20514
1.20685
1.20791
1.20827
1.20807
1.20751
1.20688
1.20644
1.20634
1.20664
1.20731
1.20827
1.20946
1.21084
1.21241
1.21415
1.21601
1.21791
1.21977
1.22146
1.22286
1.22385
1.22435
1.22423
1.22342
1.2218
1.21928
1.21579
1.21135
1.20612
1.20048
1.19511
1.19089
1.18872
1.18914
1.19214
1.19712
1.20316
1.20932
1.21493
1.21955
1.223
1.22523
1.22624
1.22601
1.22448
1.22149
1.21689
1.21054
1.20261
1.19379
1.18546
1.17942
1.17711
1.17887
1.18373
1.19007
1.19643
1.20189
1.20607
1.20892
1.2106
1.21132
1.21129
1.21071
1.20974
1.20848
1.20701
1.20537
1.20358
1.20165
1.1996
1.19746
1.1953
1.19319
1.19124
1.18957
1.1883
1.18748
1.18716
1.1873
1.18784
1.18866
1.1896
1.1905
1.19117
1.19145
1.19116
1.19019
1.18841
1.18576
1.18224
1.17794
1.17305
1.16788
1.16282
1.15827
1.15456
1.15186
1.15016
1.14931
1.14912
1.14942
1.15016
1.15136
1.15309
1.15539
1.15824
1.16151
1.16498
1.16844
1.17164
1.17442
1.17665
1.17827
1.17927
1.17969
1.17959
1.1791
1.17836
1.17755
1.17686
1.17646
1.17648
1.17697
1.17787
1.17909
1.18046
1.18184
1.18312
1.18423
1.18513
1.18586
1.18645
1.18695
1.1874
1.18783
1.18822
1.18852
1.18866
1.18849
1.18787
1.18659
1.18444
1.18121
1.17671
1.17087
1.16384
1.15607
1.14831
1.14147
1.13627
1.13286
1.13087
1.12966
1.12881
1.12828
1.12838
1.12953
1.13197
1.13564
1.14021
1.14517
1.15007
1.15459
1.15858
1.162
1.1649
1.16736
1.16943
1.17114
1.17253
1.17361
1.17442
1.17497
1.17532
1.17548
1.17547
1.17533
1.17503
1.17458
1.17394
1.17311
1.17205
1.17073
1.16913
1.1672
1.1649
1.16216
1.15887
1.15493
1.15025
1.14481
1.13876
1.13245
1.12653
1.12176
1.11888
1.11829
1.11991
1.12324
1.12757
1.13225
1.13675
1.14078
1.14419
1.14696
1.14911
1.15071
1.1518
1.15242
1.15259
1.1523
1.1515
1.15012
1.14807
1.14524
1.14157
1.13707
1.13198
1.1268
1.12232
1.1194
1.11867
1.1202
1.12347
1.12764
1.1319
1.13572
1.13885
1.14126
1.14303
1.14429
1.14517
1.14578
1.1462
1.1465
1.1467
1.14684
1.14693
1.14698
1.14699
1.14696
1.14688
1.14674
1.14653
1.14624
1.14585
1.14535
1.14473
1.14396
1.14303
1.14195
1.1407
1.13931
1.13779
1.13619
1.13457
1.13301
1.13159
1.13042
1.12959
1.12918
1.12924
1.12979
1.13081
1.13225
1.13402
1.13605
1.13821
1.14043
1.14261
1.14469
1.14663
1.1484
1.14998
1.15138
1.15259
1.15365
1.15455
1.15531
1.15595
1.15646
1.15686
1.15713
1.15726
1.15725
1.15706
1.15669
1.15613
1.15539
1.15451
1.15353
1.15254
1.15166
1.15099
1.15063
1.15063
1.15098
1.15161
1.15241
1.15322
1.15389
1.15426
1.1542
1.1536
1.15238
1.15048
1.1479
1.1447
1.14098
1.13694
1.13285
1.129
1.12568
1.12309
1.12132
1.12035
1.12008
1.12038
1.12114
1.1223
1.12382
1.12568
1.12787
1.13033
1.13297
1.13565
1.13826
1.14065
1.14271
1.14436
1.14552
1.14614
1.14617
1.14557
1.1443
1.14234
1.13969
1.13641
1.13264
1.12862
1.12472
1.12136
1.11894
1.11772
1.11778
1.11895
1.12092
1.12332
1.12578
1.12796
1.12958
1.1304
1.13021
1.12883
1.12612
1.12203
1.11663
1.11027
1.10364
1.09781
1.09401
1.09321
1.09556
1.10032
1.10618
1.11185
1.11643
1.11947
1.12086
1.12069
1.11917
1.11656
1.11317
1.10944
1.10584
1.10289
1.10104
1.10051
1.10126
1.10301
1.10533
1.1078
1.11011
1.11205
1.11355
1.11461
1.11529
1.11565
1.11576
1.11571
1.11553
1.11529
1.11501
1.11473
1.11445
1.11419
1.11394
1.11371
1.11349
1.11326
1.11303
1.11278
1.1125
1.11218
1.11181
1.11139
1.11089
1.11033
1.10969
1.10899
1.10824
1.10747
1.10673
1.10609
1.10561
1.10537
1.10542
1.1058
1.10652
1.10755
1.10886
1.11036
1.112
1.11369
1.11536
1.11696
1.11843
1.11974
1.12087
1.12178
1.12249
1.12298
1.12326
1.12332
1.12318
1.12285
1.12234
1.12167
1.12087
1.11996
1.11898
1.118
1.11706
1.11623
1.11557
1.11515
1.11501
1.11519
1.1157
1.11654
1.11768
1.11908
1.1207
1.12248
1.12436
1.1263
1.12822
1.13009
1.13187
1.1335
1.13495
1.1362
1.13721
1.13798
1.1385
1.13878
1.13884
1.13869
1.13835
1.13781
1.13705
1.13602
1.13465
1.13286
1.13062
1.12792
1.12488
1.12167
1.1186
1.11599
1.11417
1.11337
1.11373
1.11523
1.11774
1.12104
1.12482
1.1288
1.13268
1.13623
1.13926
1.14165
1.14328
1.14406
1.14388
1.14267
1.14038
1.13705
1.1329
1.12841
1.12428
1.12127
1.11999
1.12059
1.12274
1.12579
1.12907
1.13208
1.13449
1.1362
1.13716
1.13736
1.13679
1.1354
1.13316
1.13003
1.12612
1.12172
1.11737
1.1138
1.11173
1.11158
1.11324
1.11615
1.11956
1.12283
1.12553
1.12751
1.12877
1.12944
1.12966
1.12956
1.1293
1.12898
1.12869
1.12852
1.12849
1.12864
1.12896
1.12943
1.13001
1.13064
1.13129
1.1319
1.13243
1.13287
1.1332
1.13344
1.13362
1.13377
1.13395
1.13419
1.13454
1.13501
1.13561
1.1363
1.13706
1.1378
1.13848
1.13902
1.13938
1.1395
1.13938
1.13899
1.13836
1.13751
1.13649
1.13538
1.13427
1.13324
1.13241
1.13187
1.13167
1.13187
1.13247
1.13341
1.13462
1.13598
1.13733
1.13851
1.13937
1.13978
1.13969
1.13911
1.13818
1.13717
1.13642
1.13627
1.13697
1.13856
1.14089
1.14367
1.14657
1.14932
1.15175
1.15379
1.15544
1.15673
1.15773
1.15849
1.15906
1.15946
1.15968
1.15969
1.15942
1.15876
1.1576
1.15579
1.15318
1.14967
1.14526
1.14013
1.13469
1.12958
1.12559
1.12343
1.12349
1.12567
1.12947
1.13417
1.13904
1.14349
1.14711
1.14969
1.15113
1.15145
1.15069
1.14895
1.14634
1.143
1.1391
1.13482
1.1304
1.1261
1.12218
1.11892
1.11655
1.11522
1.11498
1.11577
1.11744
1.11978
1.12254
1.1255
1.12845
1.13126
1.13381
1.13606
1.13796
1.13952
1.14073
1.14161
1.14217
1.14241
1.14235
1.142
1.14137
1.14047
1.13934
1.13802
1.13658
1.1351
1.13369
1.13245
1.13148
1.13085
1.13059
1.13068
1.13105
1.13161
1.13228
1.13295
1.13355
1.13401
1.13429
1.13437
1.13422
1.13383
1.13317
1.13224
1.13103
1.12952
1.12771
1.1256
1.12322
1.12059
1.1178
1.11495
1.11219
1.10973
1.1078
1.10662
1.10638
1.10719
1.10898
1.11157
1.11463
1.11779
1.12065
1.12289
1.12431
1.12481
1.12442
1.12329
1.12164
1.11977
1.118
1.11664
1.11593
1.11605
1.11705
1.11889
1.12144
1.1245
1.12784
1.13126
1.13455
1.13758
1.14021
1.14237
1.14399
1.14501
1.1454
1.14512
1.14417
1.14258
1.14043
1.13784
1.13502
1.13223
1.12975
1.12785
1.12668
1.12627
1.12647
1.12701
1.12761
1.12802
1.12812
1.1279
1.12743
1.12683
1.12629
1.12599
1.12615
1.12694
1.12842
1.13053
1.13307
1.13577
1.13839
1.14071
1.1426
1.14403
1.145
1.14557
1.14585
1.14593
1.14594
1.14597
1.14609
1.14632
1.14665
1.14701
1.14732
1.14747
1.14739
1.14701
1.14631
1.14529
1.144
1.14252
1.14094
1.1394
1.13802
1.13694
1.13626
1.13608
1.13642
1.13724
1.13848
1.14
1.14167
1.14332
1.14481
1.14602
1.14687
1.14728
1.14722
1.14668
1.14569
1.14431
1.14259
1.14063
1.1385
1.13629
1.13407
1.13188
1.12977
1.12774
1.12583
1.124
1.12224
1.12044
1.11851
1.11634
1.1139
1.11128
1.10875
1.10668
1.10546
1.10527
1.10598
1.10723
1.10856
1.10963
1.11033
1.11077
1.1112
1.11194
1.11321
1.11513
1.11768
1.1207
1.12398
1.12731
1.13049
1.13336
1.13583
1.13785
1.13941
1.14049
1.14111
1.14126
1.14092
1.14004
1.13852
1.13623
1.13301
1.12868
1.12316
1.11661
1.10962
1.10325
1.09887
1.09758
1.09958
1.10406
1.10971
1.11533
1.12017
1.12399
1.12681
1.12881
1.13018
1.13108
1.13164
1.13195
1.13208
1.13204
1.13188
1.13161
1.13123
1.13077
1.13024
1.12965
1.12901
1.12834
1.12766
1.12696
1.12626
1.12555
1.12482
1.12408
1.12331
1.12253
1.12176
1.12102
1.12036
1.11985
1.11956
1.11958
1.11998
1.12081
1.12209
1.1238
1.12588
1.12826
1.13082
1.13347
1.13611
1.13866
1.14105
1.14325
1.14522
1.14694
1.14836
1.14946
1.15018
1.15046
1.15021
1.14935
1.14776
1.14534
1.14197
1.13759
1.13219
1.12584
1.11882
1.11155
1.1047
1.09908
1.09554
1.09478
1.09715
1.10247
1.11004
1.11886
1.12791
1.13636
1.14365
1.14954
1.154
1.15711
1.15905
1.16004
1.1603
1.16011
1.15973
1.15944
1.15945
1.15992
1.1609
1.16233
1.16408
1.16596
1.16779
1.16942
1.17073
1.17167
1.17221
1.17238
1.17221
1.17178
1.17112
1.17026
1.16919
1.16783
1.16605
1.16374
1.16076
1.15711
1.15294
1.14861
1.14466
1.14173
1.14028
1.14051
1.14229
1.14525
1.14895
1.15303
1.15723
1.16139
1.16543
1.16929
1.17292
1.17627
1.17929
1.18192
1.18414
1.18593
1.18726
1.18816
1.18865
1.18877
1.18855
1.18805
1.1873
1.18635
1.18524
1.18399
1.18261
1.18114
1.17959
1.17803
1.17656
1.17532
1.17448
1.1742
1.17458
1.17563
1.17723
1.17918
1.18125
1.18321
1.18489
1.18619
1.18706
1.18752
1.18762
1.18741
1.18697
1.18636
1.18564
1.18484
1.18401
1.18316
1.1823
1.1814
1.18039
1.17917
1.17759
1.17543
1.17252
1.16876
1.16426
1.15948
1.15524
1.15261
1.15241
1.15478
1.15911
1.16431
1.16933
1.17344
1.17628
1.17776
1.17793
1.17689
1.17475
1.1716
1.16753
1.16268
1.15725
1.15151
1.14586
1.14075
1.13663
1.13387
1.13263
1.13284
1.13429
1.13671
1.13984
1.14349
1.14747
1.15161
1.1557
1.15954
1.16292
1.16571
1.16783
1.16926
1.17001
1.17014
1.16973
1.16886
1.16763
1.16611
1.16438
1.16249
1.16048
1.1584
1.15624
1.15404
1.15179
1.14952
1.14724
1.14498
1.14277
1.14066
1.13868
1.13687
1.13526
1.13389
1.13277
1.1319
1.13126
1.13084
1.1306
1.1305
1.13048
1.13051
1.13052
1.13049
1.13035
1.1301
1.12972
1.12919
1.12853
1.12774
1.12686
1.1259
1.12491
1.12392
1.12297
1.12207
1.12127
1.12058
1.12
1.11953
1.11917
1.11889
1.11867
1.11851
1.11836
1.11823
1.11808
1.11791
1.11771
1.11746
1.11717
1.11682
1.11641
1.11593
1.11539
1.11476
1.11405
1.11325
1.11234
1.11132
1.11018
1.1089
1.10751
1.10601
1.10447
1.10294
1.10154
1.10037
1.09956
1.09924
1.09946
1.10025
1.10157
1.10334
1.10541
1.10764
1.10988
1.11199
1.11387
1.11544
1.11666
1.11754
1.11811
1.11844
1.11864
1.11882
1.1191
1.11959
1.12036
1.12142
1.12274
1.12427
1.1259
1.12756
1.12916
1.13062
1.1319
1.13295
1.13374
1.13424
1.13441
1.13424
1.1337
1.1328
1.1316
1.1302
1.12878
1.12758
1.12682
1.12668
1.1272
1.12827
1.12968
1.13116
1.13247
1.13342
1.13394
1.13398
1.13357
1.13275
1.13162
1.13032
1.12904
1.12799
1.12741
1.12749
1.1283
1.12982
1.13187
1.13417
1.13643
1.13836
1.13978
1.14062
1.14094
1.14092
1.14079
1.1408
1.14109
1.14166
1.14242
1.14317
1.14374
1.14406
1.14415
1.14412
1.1441
1.14417
1.14433
1.14446
1.14439
1.14394
1.14299
1.14155
1.13977
1.13799
1.13664
1.13621
1.13703
1.13921
1.14253
1.14657
1.15084
1.15489
1.15845
1.16137
1.16367
1.16544
1.16681
1.1679
1.16883
1.16968
1.17051
1.17134
1.17216
1.17297
1.17375
1.17446
1.17509
1.17561
1.176
1.17624
1.17631
1.17616
1.17578
1.17512
1.17414
1.17279
1.17108
1.16899
1.1666
1.16401
1.16141
1.15901
1.15704
1.1557
1.15509
1.15518
1.15582
1.15678
1.15781
1.15866
1.15915
1.15922
1.15885
1.15813
1.15718
1.15617
1.15526
1.15462
1.15434
1.1545
1.15512
1.15617
1.15762
1.15937
1.16138
1.16355
1.16583
1.16813
1.17041
1.17259
1.17463
1.17648
1.1781
1.17946
1.18051
1.18117
1.18133
1.18083
1.17942
1.17677
1.17249
1.16627
1.15807
1.1486
1.13958
1.13345
1.13218
1.13584
1.14265
1.15025
1.15695
1.1621
1.16572
1.16817
1.16984
1.17102
1.17192
1.17266
1.17331
1.17389
1.1744
1.17483
1.17519
1.17546
1.17562
1.17566
1.17553
1.1752
1.17461
1.17368
1.17234
1.1705
1.16804
1.16489
1.16111
1.15697
1.15313
1.15053
1.1501
1.15227
1.15669
1.16242
1.16836
1.17371
1.17804
1.18131
1.18364
1.1852
1.18618
1.18669
1.18679
1.18648
1.18569
1.18434
1.18232
1.17953
1.17593
1.17159
1.16671
1.16169
1.15704
1.15332
1.15098
1.15017
1.15075
1.15231
1.15439
1.15657
1.15858
1.16028
1.16167
1.16281
1.16379
1.1647
1.16563
1.16661
1.16766
1.16872
1.16973
1.17058
1.17118
1.17145
1.17135
1.17086
1.17002
1.16889
1.16758
1.16618
1.16479
1.1635
1.16235
1.16136
1.16052
1.15979
1.15913
1.15851
1.15793
1.1574
1.15698
1.15672
1.15664
1.15678
1.15713
1.15769
1.15848
1.1595
1.16078
1.16233
1.16414
1.16616
1.16835
1.17063
1.17294
1.17519
1.17732
1.17928
1.181
1.18245
1.18358
1.18435
1.18476
1.18478
1.18441
1.18369
1.18265
1.18137
1.17994
1.17846
1.17702
1.17565
1.17438
1.17315
1.17188
1.17045
1.16873
1.16662
1.16408
1.16117
1.1581
1.15524
1.15304
1.15203
1.15265
1.1551
1.1593
1.16478
1.17089
1.17696
1.18248
1.18717
1.19093
1.1938
1.19588
1.19728
1.19809
1.19835
1.19811
1.19737
1.19616
1.19453
1.19255
1.19034
1.18805
1.1858
1.18373
1.18197
1.18065
1.1799
1.1798
1.18042
1.18175
1.1837
1.18613
1.18888
1.19179
1.19471
1.19754
1.2002
1.20269
1.20505
1.20733
1.20961
1.21192
1.21428
1.21668
1.21906
1.22137
1.22355
1.22556
1.22737
1.22898
1.23038
1.23157
1.23256
1.23334
1.2339
1.23421
1.23422
1.23386
1.23307
1.23175
1.22982
1.22726
1.22409
1.22046
1.2167
1.21327
1.21068
1.20936
1.2095
1.21096
1.21338
1.21624
1.21911
1.22164
1.22362
1.22492
1.22549
1.22532
1.22442
1.22287
1.22079
1.21843
1.21612
1.2143
1.21342
1.21389
1.21597
1.21966
1.22472
1.23075
1.23723
1.24367
1.24966
1.25488
1.25914
1.26231
1.26433
1.2652
1.26491
1.26351
1.26105
1.25764
1.25345
1.24874
1.24385
1.23919
1.23523
1.23239
1.23095
1.23102
1.23248
1.23505
1.23831
1.24184
1.24527
1.24828
1.25069
1.25237
1.25328
1.25342
1.25284
1.25155
1.24962
1.24707
1.24393
1.24027
1.23622
1.23203
1.22811
1.22498
1.2231
1.22271
1.22364
1.22539
1.22729
1.22874
1.22944
1.22936
1.22872
1.22782
1.2269
1.22607
1.22525
1.22422
1.22273
1.22062
1.21793
1.21506
1.21272
1.21178
1.21283
1.21591
1.22048
1.22567
1.23065
1.23484
1.23797
1.24003
1.24117
1.24163
1.24167
1.24153
1.24137
1.24128
1.24129
1.24134
1.24134
1.24121
1.24085
1.24022
1.23929
1.23806
1.23658
1.23491
1.23317
1.23144
1.22986
1.22852
1.22749
1.22679
1.2264
1.22625
1.22624
1.22623
1.22609
1.22569
1.22494
1.22375
1.22209
1.21996
1.21742
1.21455
1.21149
1.20842
1.20551
1.20296
1.20093
1.19952
1.1988
1.19875
1.19933
1.20049
1.20216
1.20429
1.20681
1.20967
1.21277
1.21599
1.21922
1.22232
1.22519
1.22775
1.22994
1.23174
1.23312
1.23406
1.23455
1.23453
1.23393
1.23267
1.23061
1.22762
1.22363
1.21865
1.21296
1.20714
1.20206
1.19865
1.19748
1.19851
1.20107
1.20427
1.20729
1.20964
1.21111
1.21166
1.21135
1.2102
1.20824
1.20543
1.20177
1.19732
1.19228
1.18703
1.18214
1.17825
1.17593
1.17547
1.1768
1.17955
1.18322
1.18732
1.19146
1.19538
1.19893
1.20203
1.20465
1.20679
1.20848
1.20976
1.21065
1.21117
1.21133
1.21115
1.21059
1.20966
1.20833
1.20657
1.20437
1.20169
1.19853
1.19493
1.19102
1.18703
1.18334
1.18043
1.17872
1.17845
1.17957
1.18173
1.18446
1.1873
1.18996
1.19226
1.19419
1.19581
1.19719
1.19841
1.19953
1.20058
1.20158
1.20253
1.20342
1.20424
1.20499
1.20565
1.20621
1.20667
1.20702
1.20728
1.20745
1.20755
1.2076
1.20763
1.20769
1.20783
1.20809
1.20855
1.20924
1.21018
1.21139
1.21283
1.21447
1.21624
1.21805
1.21982
1.22149
1.22296
1.22416
1.22504
1.22554
1.22561
1.22524
1.22443
1.22324
1.22181
1.22032
1.219
1.2181
1.21784
1.21836
1.21967
1.22166
1.22409
1.22665
1.22898
1.23078
1.2318
1.23186
1.2309
1.22892
1.22602
1.22236
1.21819
1.21384
1.2097
1.2062
1.20375
1.20264
1.20301
1.20475
1.2076
1.21123
1.21539
1.21995
1.22487
1.23007
1.23538
1.24057
1.24538
1.24961
1.25314
1.25593
1.25799
1.25935
1.26
1.25993
1.25908
1.25734
1.25464
1.2509
1.24617
1.24066
1.2348
1.22925
1.22471
1.2217
1.22041
1.22063
1.22194
1.22391
1.2262
1.22863
1.2311
1.23361
1.23619
1.23885
1.24158
1.24428
1.2468
1.24894
1.25051
1.25133
1.25127
1.25031
1.24853
1.24619
1.24368
1.24145
1.23987
1.23909
1.23901
1.23933
1.23972
1.23991
1.23979
1.23937
1.23875
1.23804
1.23733
1.23666
1.23602
1.23542
1.23491
1.23458
1.23461
1.23516
1.23629
1.23792
1.23987
1.24183
1.24358
1.24493
1.24585
1.24636
1.24657
1.24655
1.24634
1.24593
1.24524
1.24416
1.24263
1.24077
1.23889
1.23748
1.23709
1.23801
1.24009
1.24274
1.24519
1.24677
1.24707
1.24601
1.24372
1.2405
1.23665
1.23242
1.22789
1.22306
1.21792
1.21259
1.20745
1.20307
1.20001
1.19863
1.19906
1.2012
1.20469
1.2089
1.21301
1.21628
1.21824
1.21885
1.21838
1.2173
1.21613
1.21532
1.21514
1.21566
1.21677
1.21822
1.21971
1.2209
1.22155
1.22144
1.22049
1.21871
1.21621
1.21321
1.21003
1.20705
1.20467
1.20321
1.20281
1.20334
1.20443
1.20554
1.20616
1.20594
1.20477
1.20279
1.20036
1.19796
1.19604
1.19491
1.19465
1.19515
1.19614
1.19731
1.19837
1.1991
1.19936
1.1991
1.19835
1.19721
1.19584
1.19445
1.19324
1.19243
1.19217
1.19255
1.19355
1.19509
1.19703
1.19921
1.20145
1.20363
1.20563
1.20737
1.20876
1.20973
1.21019
1.20998
1.20894
1.20687
1.20354
1.19882
1.19272
1.18553
1.17782
1.17035
1.16388
1.15904
1.15645
1.15674
1.16032
1.16682
1.17506
1.1835
1.19095
1.19681
1.201
1.20372
1.20525
1.20586
1.20575
1.20504
1.20377
1.20194
1.19946
1.1962
1.19199
1.18661
1.17985
1.17158
1.16194
1.15155
1.14167
1.13401
1.13012
1.13058
1.13465
1.1408
1.14757
1.154
1.15971
1.16466
1.169
1.17289
1.17644
1.17971
1.18271
1.18542
1.18774
1.18955
1.19063
1.19071
1.18938
1.18616
1.18052
1.1722
1.16154
1.15005
1.14022
1.13435
1.13293
1.13436
1.13665
1.13904
1.14209
1.14668
1.15291
1.16004
1.16697
1.1729
1.17748
1.18073
1.18287
1.18415
1.18482
1.18504
1.18494
1.1846
1.18404
1.1833
1.18236
1.18123
1.17989
1.17835
1.17662
1.17471
1.17268
1.17059
1.16851
1.16654
1.16477
1.16327
1.16208
1.16124
1.16074
1.16053
1.16056
1.16075
1.161
1.16122
1.16128
1.16109
1.16054
1.15958
1.15821
1.15649
1.15455
1.15262
1.15095
1.1498
1.14934
1.14967
1.15073
1.15239
1.15444
1.15665
1.15883
1.16083
1.16255
1.16393
1.165
1.16578
1.16633
1.16672
1.16701
1.16725
1.16745
1.16764
1.16781
1.16793
1.16798
1.16793
1.16778
1.16749
1.16707
1.16654
1.16589
1.16515
1.16436
1.16353
1.16271
1.16194
1.16125
1.16071
1.16036
1.16027
1.16046
1.16096
1.16175
1.16277
1.16396
1.16523
1.1665
1.16768
1.16871
1.16957
1.17023
1.17069
1.17096
1.17108
1.17107
1.17097
1.17083
1.17068
1.17056
1.17048
1.17047
1.17051
1.17061
1.17072
1.17083
1.17089
1.17086
1.17071
1.17039
1.16987
1.1691
1.16805
1.16672
1.16508
1.16317
1.16103
1.15876
1.1565
1.15442
1.1527
1.15152
1.15101
1.15125
1.1522
1.15376
1.15576
1.15802
1.16036
1.16262
1.16472
1.16658
1.16819
1.16954
1.17063
1.17144
1.17197
1.17218
1.17205
1.17153
1.17062
1.1693
1.16762
1.16568
1.16362
1.16159
1.15974
1.15814
1.15681
1.15572
1.15488
1.1544
1.15447
1.15534
1.15715
1.15985
1.16318
1.16675
1.17018
1.1732
1.17565
1.1775
1.17878
1.17958
1.17998
1.18008
1.17994
1.17963
1.17918
1.17859
1.17788
1.17702
1.17599
1.17474
1.17324
1.17147
1.16941
1.16706
1.16447
1.16174
1.15902
1.15658
1.1547
1.15371
1.15383
1.15515
1.15753
1.16067
1.16418
1.16769
1.1709
1.17361
1.1757
1.17709
1.17774
1.17757
1.17654
1.17456
1.17161
1.16773
1.16311
1.15813
1.15342
1.14973
1.14776
1.14797
1.15035
1.15453
1.15986
1.16569
1.17149
1.1769
1.18172
1.18585
1.18929
1.19204
1.19416
1.19568
1.19665
1.19713
1.19715
1.19679
1.1961
1.19514
1.19401
1.19278
1.19154
1.19035
1.18929
1.18838
1.18765
1.18712
1.18676
1.18659
1.18663
1.18692
1.1875
1.18842
1.18971
1.19135
1.19328
1.1954
1.19762
1.1998
1.20188
1.20375
1.20535
1.20662
1.20747
1.20779
1.20749
1.20642
1.20447
1.20163
1.198
1.19396
1.19018
1.18748
1.18659
1.18782
1.1909
1.19515
1.19977
1.20416
1.20797
1.21109
1.21355
1.21545
1.21688
1.21792
1.21864
1.21907
1.21924
1.21916
1.21884
1.2183
1.21756
1.21664
1.21558
1.21444
1.21331
1.21226
1.2114
1.21082
1.21057
1.21067
1.21106
1.21167
1.21236
1.21299
1.21344
1.21362
1.21347
1.21299
1.21221
1.21119
1.21002
1.20877
1.20752
1.20629
1.20505
1.20376
1.20236
1.2008
1.19908
1.1973
1.19562
1.19428
1.19355
1.19365
1.19466
1.19654
1.19909
1.202
1.20493
1.2076
1.20979
1.21142
1.21249
1.21309
1.21333
1.21332
1.21309
1.21262
1.21186
1.21078
1.20943
1.20795
1.20655
1.20541
1.20461
1.20405
1.20348
1.20255
1.20098
1.19859
1.19538
1.19153
1.18735
1.18322
1.17957
1.1768
1.17526
1.17521
1.17671
1.17954
1.18323
1.18724
1.19107
1.1944
1.19709
1.19914
1.20063
1.20168
1.20243
1.203
1.20349
1.20398
1.20449
1.20507
1.20569
1.20632
1.20694
1.20749
1.20793
1.2082
1.20825
1.20804
1.2075
1.20658
1.20524
1.20341
1.2011
1.19831
1.19517
1.19188
1.18875
1.1862
1.1846
1.18424
1.18519
1.18728
1.19017
1.19347
1.19681
1.19993
1.20266
1.20492
1.20666
1.20791
1.20868
1.20899
1.20888
1.20838
1.20755
1.20647
1.20525
1.20405
1.20307
1.20254
1.20264
1.20353
1.20523
1.20768
1.21072
1.21412
1.21768
1.22122
1.2246
1.22772
1.23051
1.23292
1.23491
1.23649
1.23767
1.2385
1.23911
1.23959
1.2401
1.24074
1.2416
1.24271
1.24405
1.24552
1.24702
1.24843
1.24965
1.25063
1.25131
1.25163
1.25143
1.2505
1.2486
1.24556
1.24136
1.23623
1.23068
1.22542
1.22122
1.21864
1.21784
1.2186
1.22044
1.22283
1.22535
1.22777
1.23003
1.23215
1.2342
1.23621
1.23818
1.24004
1.24171
1.24306
1.24399
1.24438
1.24412
1.24316
1.24143
1.23897
1.23588
1.23236
1.22875
1.22542
1.22278
1.22114
1.22069
1.22145
1.22329
1.22593
1.22905
1.23231
1.2354
1.23808
1.24021
1.2417
1.24255
1.24279
1.24249
1.24171
1.24052
1.23898
1.23716
1.23509
1.23288
1.2306
1.22839
1.22637
1.22469
1.22342
1.2226
1.22216
1.22199
1.22194
1.22186
1.22159
1.22107
1.22023
1.2191
1.21772
1.21618
1.21458
1.21303
1.21165
1.2105
1.20961
1.20898
1.20855
1.20823
1.2079
1.20747
1.20682
1.20589
1.20464
1.20308
1.20123
1.19918
1.19704
1.1949
1.19289
1.19109
1.18956
1.18835
1.18747
1.18693
1.18674
1.1869
1.18743
1.18829
1.18944
1.19082
1.19232
1.19387
1.19536
1.19674
1.19794
1.19893
1.19969
1.20021
1.20051
1.20065
1.20069
1.20073
1.20089
1.20128
1.202
1.2031
1.20459
1.20642
1.20851
1.21072
1.21291
1.21494
1.2167
1.21806
1.21895
1.2193
1.21907
1.21823
1.21682
1.21493
1.2127
1.21038
1.20824
1.20658
1.20564
1.20554
1.20625
1.20758
1.2092
1.21077
1.21196
1.21252
1.21229
1.21121
1.20933
1.20677
1.20372
1.20045
1.19731
1.19473
1.19312
1.19281
1.19395
1.19643
1.19995
1.20405
1.20828
1.21227
1.21576
1.21863
1.22083
1.22241
1.22344
1.22401
1.2242
1.22407
1.22369
1.22308
1.22225
1.22121
1.21991
1.2183
1.21632
1.21386
1.21085
1.20721
1.2029
1.19798
1.1926
1.18708
1.18185
1.1774
1.17418
1.17249
1.17241
1.17376
1.17626
1.17954
1.18324
1.18707
1.19079
1.19421
1.1972
1.19967
1.20158
1.20295
1.2038
1.20419
1.20418
1.20385
1.20326
1.20248
1.20156
1.20058
1.19956
1.19857
1.19763
1.19679
1.19605
1.19542
1.1949
1.19448
1.19412
1.19378
1.19343
1.19301
1.19249
1.19181
1.19095
1.18989
1.18866
1.18727
1.18578
1.18429
1.18288
1.18165
1.18067
1.17999
1.17961
1.17947
1.17951
1.17965
1.17979
1.17986
1.17981
1.1796
1.1792
1.17862
1.17789
1.17708
1.17625
1.17553
1.17501
1.1748
1.17493
1.17545
1.17633
1.17753
1.17897
1.18058
1.18227
1.18393
1.18549
1.18688
1.18804
1.18894
1.18956
1.18991
1.18998
1.18977
1.18929
1.18852
1.18748
1.18616
1.18454
1.18259
1.18028
1.17755
1.17434
1.17066
1.16656
1.16223
1.15794
1.15403
1.15086
1.14871
1.14772
1.14785
1.14894
1.15073
1.15297
1.15546
1.15803
1.16063
1.16321
1.16576
1.16824
1.17066
1.17299
1.17522
1.17733
1.17934
1.18123
1.183
1.18462
1.18606
1.18724
1.1881
1.18852
1.18839
1.18758
1.18598
1.18348
1.18002
1.1756
1.1703
1.1643
1.15787
1.15141
1.14544
1.14064
1.13773
1.13721
1.13909
1.14277
1.14731
1.15181
1.15571
1.15882
1.16116
1.16288
1.16407
1.16481
1.1651
1.16496
1.16441
1.16356
1.16262
1.16187
1.16157
1.16186
1.16264
1.16356
1.16413
1.16383
1.16231
1.15942
1.1552
1.14991
1.14401
1.13818
1.13328
1.13025
1.12973
1.13176
1.13575
1.1407
1.14566
1.14999
1.15347
1.15627
1.1588
1.16146
1.16447
1.16775
1.17101
1.17393
1.17624
1.17782
1.17869
1.17895
1.17875
1.17825
1.17759
1.17687
1.1762
1.17562
1.17516
1.1748
1.17452
1.17426
1.17396
1.17355
1.17294
1.17202
1.17069
1.16881
1.16623
1.16285
1.1586
1.15359
1.14818
1.14299
1.13888
1.13664
1.13666
1.13882
1.14252
1.14704
1.1518
1.15638
1.16057
1.16423
1.16729
1.16974
1.17156
1.17283
1.17361
1.17404
1.17425
1.17438
1.17456
1.1749
1.1755
1.17639
1.17757
1.17901
1.18063
1.18236
1.1841
1.18578
1.18733
1.18872
1.18992
1.19093
1.19175
1.19239
1.19286
1.19317
1.1933
1.19325
1.19298
1.19246
1.19165
1.19052
1.1891
1.18746
1.18572
1.18412
1.18289
1.18226
1.18236
1.18315
1.18448
1.18609
1.1877
1.18909
1.19012
1.19073
1.19095
1.19089
1.19067
1.19048
1.1905
1.19086
1.19169
1.19301
1.19481
1.19699
1.19941
1.20191
1.20436
1.20664
1.20865
1.21035
1.21171
1.21274
1.21348
1.21396
1.21428
1.2145
1.21471
1.21492
1.21517
1.21538
1.2155
1.2154
1.21496
1.21406
1.21263
1.21062
1.20807
1.20511
1.20193
1.19883
1.19609
1.19397
1.19263
1.19212
1.19234
1.19315
1.19431
1.19563
1.19689
1.19792
1.1986
1.19888
1.19877
1.1984
1.19794
1.19761
1.19757
1.1979
1.19851
1.19919
1.19959
1.19934
1.19801
1.19523
1.19073
1.18442
1.17662
1.16824
1.16074
1.1558
1.15458
1.15727
1.16312
1.17091
1.17947
1.18787
1.19551
1.20207
1.20745
1.21165
1.21472
1.21668
1.21744
1.21681
1.2145
1.21008
1.20311
1.19335
1.18101
1.16708
1.15334
1.14191
1.13458
1.13238
1.1354
1.14259
1.15189
1.16104
1.16829
1.17264
1.17373
1.1716
1.16689
1.16112
1.15658
1.15545
1.15839
1.16416
1.17068
1.1764
1.18075
1.18382
1.1859
1.18712
1.18752
1.18712
1.18602
1.18449
1.18294
1.18175
1.18123
1.18153
1.18262
1.18433
1.18646
1.18879
1.19112
1.19331
1.19525
1.19687
1.19813
1.19901
1.1995
1.19958
1.19927
1.19853
1.19735
1.19573
1.19367
1.1912
1.18839
1.1854
1.1824
1.17966
1.17743
1.17593
1.17529
1.17546
1.17626
1.17738
1.17849
1.17934
1.17979
1.17987
1.17978
1.17981
1.18026
1.18133
1.18309
1.18546
1.18825
1.19125
1.19427
1.19713
1.19972
1.20195
1.20376
1.2051
1.20599
1.20647
1.20662
1.20657
1.2064
1.20617
1.20586
1.20535
1.20448
1.20308
1.201
1.19818
1.19464
1.19053
1.18611
1.18175
1.17787
1.1749
1.17322
1.17307
1.17456
1.17759
1.18192
1.18713
1.19274
1.19829
1.20338
1.20774
1.2112
1.21364
1.21502
1.21536
1.21477
1.21345
1.21172
1.20996
1.20852
1.2077
1.20765
1.20834
1.20966
1.21139
1.2133
1.21521
1.21697
1.21849
1.21972
1.22061
1.22116
1.22135
1.22119
1.22074
1.22007
1.21928
1.21851
1.21788
1.21749
1.21737
1.2175
1.21778
1.21807
1.21819
1.21796
1.21727
1.21603
1.21427
1.2121
1.20972
1.20743
1.20555
1.20439
1.20421
1.20513
1.20711
1.20998
1.21348
1.21728
1.22108
1.22462
1.2277
1.23022
1.23215
1.23351
1.23436
1.2348
1.2349
1.23476
1.23445
1.23401
1.23348
1.23288
1.2322
1.23146
1.23067
1.22984
1.22901
1.22819
1.22739
1.22663
1.22588
1.22511
1.22428
1.22333
1.22223
1.22095
1.21947
1.21782
1.21603
1.21418
1.21235
1.21063
1.20909
1.20777
1.20668
1.20576
1.20492
1.20407
1.20313
1.20208
1.20095
1.19988
1.19908
1.19878
1.19916
1.20029
1.2021
1.20443
1.20701
1.20959
1.21193
1.21384
1.21518
1.21589
1.21594
1.21539
1.21435
1.21298
1.21148
1.21006
1.20891
1.20813
1.20774
1.20767
1.20781
1.20804
1.20827
1.20846
1.20861
1.20877
1.209
1.20937
1.20993
1.2107
1.21169
1.21288
1.21421
1.21562
1.21706
1.21844
1.21972
1.22083
1.22175
1.22245
1.22295
1.22329
1.22353
1.22377
1.22411
1.22461
1.22531
1.22619
1.22715
1.22804
1.22868
1.22886
1.2284
1.22719
1.22522
1.22257
1.21949
1.21637
1.21364
1.21172
1.21085
1.21106
1.2122
1.21394
1.21599
1.21812
1.22018
1.2221
1.22383
1.22534
1.22658
1.22753
1.22819
1.2286
1.22882
1.22894
1.22905
1.22924
1.22956
1.23007
1.23076
1.23161
1.23257
1.23358
1.23457
1.23548
1.23629
1.23699
1.23757
1.23806
1.23847
1.23881
1.23908
1.23926
1.2393
1.23914
1.23872
1.23799
1.2369
1.23544
1.23363
1.23154
1.22931
1.22712
1.22514
1.22358
1.22255
1.22209
1.22218
1.22268
1.22345
1.22432
1.22513
1.22576
1.22611
1.22612
1.22579
1.22516
1.22432
1.22338
1.22249
1.22177
1.22132
1.22119
1.2214
1.22193
1.22275
1.22384
1.22519
1.2268
1.22865
1.23073
1.23297
1.2353
1.23761
1.2398
1.24177
1.24344
1.24475
1.24567
1.24619
1.24632
1.2461
1.24555
1.24472
1.24365
1.24239
1.24098
1.23947
1.23788
1.23625
1.23459
1.23291
1.23119
1.22939
1.22744
1.22527
1.22281
1.22003
1.21695
1.21368
1.21039
1.20732
1.20481
1.20328
1.20318
1.20485
1.20833
1.21324
1.21886
1.22437
1.22908
1.23258
1.23476
1.23568
1.23554
1.23459
1.23307
1.23116
1.22904
1.2268
1.22453
1.22226
1.22004
1.2179
1.21588
1.21402
1.21239
1.21108
1.2102
1.20988
1.21025
1.2114
1.21335
1.21601
1.21921
1.22269
1.22613
1.22924
1.23176
1.23351
1.23436
1.23424
1.23314
1.23106
1.22806
1.22422
1.21966
1.21456
1.20914
1.20366
1.19839
1.19358
1.18942
1.18605
1.18352
1.18185
1.18103
1.18102
1.18173
1.18308
1.18491
1.18707
1.18938
1.19165
1.19372
1.19544
1.19668
1.19736
1.19744
1.19688
1.19569
1.19387
1.19146
1.18853
1.1852
1.18166
1.17816
1.17502
1.17255
1.17098
1.17039
1.17066
1.17156
1.17275
1.17395
1.17491
1.17548
1.17558
1.17521
1.17439
1.17318
1.17168
1.17001
1.1683
1.16671
1.16537
1.16439
1.16383
1.16368
1.16387
1.1643
1.16483
1.16531
1.16556
1.16544
1.16476
1.16337
1.16116
1.1581
1.15434
1.15027
1.14649
1.14369
1.14239
1.14275
1.14453
1.14729
1.15056
1.15401
1.15744
1.16071
1.16371
1.16634
1.16852
1.17022
1.17146
1.17229
1.17279
1.17305
1.17318
1.17326
1.17335
1.1735
1.17372
1.17398
1.17422
1.17435
1.17425
1.17375
1.17266
1.17075
1.16781
1.16362
1.15812
1.15141
1.14394
1.13655
1.1303
1.12625
1.12503
1.12667
1.13067
1.13624
1.14258
1.14901
1.15504
1.16037
1.16486
1.16851
1.17139
1.17363
1.17534
1.17664
1.17762
1.17832
1.17878
1.17897
1.17883
1.17831
1.1773
1.17571
1.17349
1.17065
1.16731
1.16379
1.16052
1.15801
1.15666
1.15656
1.15753
1.15917
1.16104
1.16282
1.16432
1.16546
1.16618
1.1664
1.16597
1.16476
1.16267
1.15974
1.1562
1.15248
1.14913
1.1467
1.14556
1.14582
1.14733
1.1498
1.15293
1.15645
1.16009
1.16366
1.16696
1.16986
1.17228
1.17419
1.17561
1.17659
1.17722
1.17755
1.17764
1.17751
1.17713
1.17639
1.17512
1.17309
1.17004
1.16575
1.16024
1.15391
1.14769
1.14282
1.1404
1.14072
1.14311
1.14638
1.14941
1.15157
1.15273
1.15311
1.15311
1.15317
1.15366
1.15477
1.1565
1.1587
1.16108
1.16341
1.16547
1.16718
1.1685
1.16947
1.17014
1.17053
1.17064
1.17043
1.16985
1.16883
1.16731
1.16532
1.16294
1.1604
1.15799
1.15606
1.15488
1.15456
1.15495
1.15573
1.15646
1.15668
1.15602
1.15426
1.15135
1.1475
1.14319
1.13918
1.13627
1.1351
1.13586
1.13824
1.1416
1.14523
1.14854
1.15113
1.15279
1.15343
1.15308
1.15184
1.14986
1.14732
1.14446
1.14151
1.13872
1.1363
1.1344
1.13308
1.13228
1.13185
1.13157
1.13113
1.13024
1.12868
1.12641
1.12368
1.1211
1.11945
1.11934
1.12093
1.12375
1.12708
1.13021
1.13271
1.13446
1.13555
1.13612
1.13634
1.13633
1.13618
1.13595
1.13568
1.13544
1.13525
1.13516
1.1352
1.13537
1.13567
1.1361
1.13667
1.13739
1.13828
1.13933
1.14053
1.14185
1.14321
1.14453
1.14572
1.14667
1.14729
1.14751
1.14726
1.1465
1.14521
1.14341
1.14119
1.13866
1.13604
1.13358
1.13155
1.13017
1.12961
1.12989
1.13094
1.13261
1.1347
1.13701
1.13937
1.14165
1.14379
1.14572
1.14745
1.14897
1.1503
1.15146
1.15246
1.15329
1.15396
1.15445
1.15474
1.15482
1.15466
1.15426
1.15362
1.15277
1.15178
1.15074
1.14978
1.14907
1.14873
1.14887
1.1495
1.1506
1.15204
1.1537
1.15544
1.15715
1.15874
1.1602
1.16149
1.16264
1.16367
1.16459
1.16544
1.16622
1.16694
1.16758
1.16812
1.16854
1.1688
1.16889
1.1688
1.16857
1.16825
1.16796
1.16783
1.16797
1.16849
1.16942
1.17075
1.17239
1.17421
1.1761
1.17795
1.17967
1.18123
1.18259
1.18376
1.18471
1.18543
1.18585
1.18592
1.18555
1.18467
1.18321
1.18118
1.17865
1.17582
1.17297
1.17042
1.16849
1.1674
1.16724
1.16793
1.16929
1.17112
1.1732
1.17531
1.17727
1.17892
1.1801
1.18068
1.18057
1.17971
1.17812
1.17592
1.17331
1.17063
1.16824
1.16648
1.16554
1.16541
1.16585
1.1665
1.16697
1.16704
1.16664
1.16592
1.1652
1.16481
1.16502
1.1659
1.16735
1.16914
1.17101
1.17276
1.17426
1.17549
1.17647
1.17726
1.17791
1.17847
1.179
1.1795
1.17998
1.18043
1.18083
1.18115
1.18136
1.18143
1.18132
1.181
1.18046
1.17967
1.17864
1.17739
1.17596
1.17438
1.17273
1.17104
1.16936
1.16772
1.16609
1.16442
1.16265
1.16068
1.15849
1.15612
1.15375
1.15176
1.15064
1.15084
1.15264
1.15594
1.16033
1.16523
1.1701
1.17453
1.1783
1.18131
1.18353
1.18499
1.18569
1.18562
1.18475
1.18305
1.18048
1.17707
1.17291
1.1683
1.1637
1.15984
1.15751
1.1574
1.15977
1.1643
1.17021
1.17653
1.18242
1.18729
1.19086
1.19306
1.19397
1.19373
1.19257
1.19074
1.18853
1.18624
1.18417
1.1826
1.1817
1.1816
1.1823
1.18371
1.18569
1.18807
1.19065
1.19329
1.19589
1.1984
1.20079
1.20307
1.20525
1.20731
1.20924
1.21099
1.21255
1.21385
1.21487
1.2156
1.21602
1.21615
1.21601
1.21562
1.215
1.21412
1.21293
1.21132
1.20909
1.20602
1.20181
1.19626
1.18938
1.18173
1.1746
1.16984
1.16905
1.17256
1.17921
1.18713
1.19472
1.20112
1.2061
1.20984
1.21265
1.2149
1.21687
1.21877
1.22069
1.2226
1.22441
1.22597
1.22718
1.22794
1.22821
1.228
1.22736
1.22634
1.22502
1.22349
1.22184
1.22013
1.21843
1.21678
1.21521
1.21374
1.21237
1.2111
1.20993
1.20888
1.20794
1.20713
1.20645
1.20592
1.20554
1.20531
1.20524
1.20531
1.20553
1.20586
1.20631
1.20685
1.20744
1.20806
1.20867
1.20922
1.20967
1.21001
1.21018
1.21018
1.20997
1.20954
1.20887
1.20795
1.20677
1.20533
1.20364
1.20177
1.19979
1.19783
1.19606
1.19466
1.1938
1.19361
1.19415
1.19533
1.19699
1.19889
1.20076
1.20238
1.20357
1.20428
1.2045
1.20435
1.20397
1.20355
1.20327
1.20327
1.20364
1.20439
1.20545
1.20672
1.20804
1.20926
1.21026
1.21091
1.21115
1.2109
1.21014
1.20886
1.20708
1.20483
1.20216
1.19913
1.19581
1.19227
1.18859
1.18484
1.18115
1.17766
1.1746
1.1722
1.17067
1.17015
1.17064
1.17209
1.17437
1.17724
1.18043
1.18357
1.18627
1.18825
1.18934
1.18952
1.18891
1.1877
1.18609
1.1843
1.18255
1.18098
1.17972
1.17878
1.17812
1.17769
1.17747
1.17754
1.17797
1.17885
1.18014
1.18175
1.18352
1.18528
1.18693
1.18844
1.18983
1.19113
1.19237
1.19358
1.19471
1.19572
1.19655
1.19713
1.19741
1.19734
1.1969
1.19607
1.19485
1.19324
1.19123
1.18881
1.18594
1.18257
1.17867
1.17424
1.16939
1.16444
1.15987
1.15628
1.15413
1.15361
1.15446
1.15617
1.15814
1.15994
1.16133
1.16222
1.16261
1.16246
1.1617
1.16026
1.15808
1.15523
1.15192
1.14851
1.14553
1.14355
1.14311
1.14459
1.14798
1.15286
1.15853
1.16418
1.1692
1.17319
1.17601
1.1777
1.17837
1.17821
1.17737
1.17604
1.17437
1.17252
1.17065
1.1689
1.1674
1.16623
1.16547
1.1651
1.16511
1.16543
1.16596
1.16662
1.16731
1.16797
1.16853
1.16895
1.16921
1.16929
1.16916
1.16879
1.16814
1.16714
1.16572
1.1638
1.16132
1.15825
1.15467
1.15076
1.14683
1.1433
1.14062
1.13915
1.1391
1.14047
1.14307
1.14657
1.15057
1.15469
1.15861
1.1621
1.16503
1.16737
1.16912
1.17034
1.17108
1.17141
1.17137
1.171
1.17033
1.16937
1.16815
1.16669
1.16502
1.1632
1.16133
1.15951
1.15788
1.15657
1.1557
1.15535
1.15553
1.15621
1.15728
1.15862
1.16009
1.16157
1.16295
1.16417
1.1652
1.16604
1.1667
1.16721
1.16761
1.16793
1.16818
1.16836
1.16847
1.16848
1.16837
1.1681
1.16768
1.1671
1.16638
1.16557
1.1647
1.16383
1.16302
1.16231
1.16175
1.16142
1.16135
1.16163
1.16231
1.16344
1.16502
1.16705
1.16945
1.17211
1.17488
1.17762
1.18016
1.18239
1.18418
1.18549
1.18627
1.18652
1.18625
1.18546
1.18418
1.18242
1.18018
1.17747
1.17426
1.17058
1.16655
1.16244
1.1587
1.156
1.15496
1.15593
1.15878
1.16292
1.16752
1.17182
1.1753
1.17768
1.17895
1.17923
1.17876
1.17786
1.17683
1.17593
1.17527
1.17483
1.17446
1.17391
1.17294
1.17138
1.1691
1.16609
1.16241
1.15821
1.15368
1.14908
1.14469
1.14079
1.13763
1.1354
1.13419
1.134
1.13479
1.13645
1.13883
1.14178
1.14512
1.14867
1.15221
1.15559
1.15868
1.16138
1.16364
1.16548
1.1669
1.16795
1.16868
1.16912
1.16933
1.16934
1.16917
1.16885
1.16838
1.16776
1.16697
1.16599
1.16476
1.16323
1.16132
1.15892
1.15592
1.1522
1.14769
1.14247
1.13682
1.13138
1.12704
1.12472
1.12494
1.12752
1.13164
1.13627
1.14057
1.14411
1.14687
1.14908
1.15109
1.15322
1.15565
1.15838
1.16126
1.16401
1.16635
1.16802
1.16882
1.16868
1.16762
1.16585
1.1637
1.16161
1.16001
1.15923
1.15936
1.1603
1.16175
1.16339
1.16489
1.16598
1.16648
1.1663
1.16546
1.1641
1.16241
1.16065
1.15905
1.15782
1.15705
1.15679
1.15703
1.15772
1.15886
1.1604
1.1623
1.1645
1.16693
1.16953
1.17231
1.17532
1.17855
1.18195
1.18535
1.18856
1.1914
1.19375
1.1956
1.19696
1.1979
1.19845
1.19863
1.19838
1.19764
1.19633
1.19439
1.19179
1.18861
1.18501
1.18126
1.17773
1.17483
1.17291
1.17222
1.17291
1.17496
1.17827
1.18254
1.18736
1.19216
1.19638
1.19951
1.20117
1.20114
1.19936
1.1959
1.19098
1.18493
1.17812
1.17093
1.16377
1.15711
1.1516
1.14795
1.14662
1.14764
1.15066
1.15529
1.16129
1.16841
1.17625
1.18418
1.19153
1.19779
1.20268
1.20613
1.20822
1.20904
1.2087
1.20724
1.2047
1.20114
1.19671
1.19179
1.18702
1.18323
1.18126
1.18154
1.18392
1.18773
1.19209
1.19626
1.19977
1.20242
1.2042
1.20518
1.20546
1.20515
1.20433
1.20306
1.20135
1.19921
1.19668
1.19379
1.19071
1.18772
1.18528
1.18388
1.18393
1.18547
1.18819
1.19145
1.19456
1.19694
1.19831
1.1986
1.19796
1.19667
1.19505
1.1934
1.19192
1.19071
1.1897
1.18875
1.18764
1.18616
1.18416
1.18158
1.1785
1.17512
1.17177
1.16887
1.16693
1.16642
1.16767
1.17071
1.17514
1.18022
1.18505
1.18881
1.19094
1.19116
1.1895
1.18615
1.1815
1.17609
1.17056
1.16566
1.16211
1.16043
1.16079
1.16297
1.16647
1.17071
1.17513
1.17935
1.18314
1.18636
1.18895
1.19088
1.19215
1.19274
1.1927
1.19208
1.19098
1.18955
1.18799
1.18651
1.1853
1.1845
1.18416
1.18421
1.18449
1.18476
1.18477
1.18431
1.18324
1.18154
1.17935
1.17695
1.17473
1.17309
1.17233
1.17256
1.17371
1.17552
1.17767
1.17985
1.18182
1.18342
1.18458
1.18532
1.18577
1.18612
1.1866
1.18741
1.18865
1.1903
1.19222
1.19418
1.19595
1.19734
1.19819
1.19845
1.19809
1.19714
1.19564
1.19366
1.19127
1.18855
1.18559
1.18246
1.17926
1.17607
1.173
1.17016
1.16768
1.1657
1.16433
1.16366
1.16372
1.16447
1.16579
1.16749
1.16938
1.17125
1.17289
1.17414
1.17484
1.17492
1.17433
1.17309
1.17131
1.16913
1.16669
1.16412
1.16144
1.15862
1.15566
1.15263
1.14986
1.14789
1.14732
1.14851
1.15136
1.15535
1.15973
1.16382
1.16715
1.1695
1.17082
1.17115
1.17057
1.16918
1.16705
1.1643
1.16107
1.15753
1.15393
1.15053
1.14762
1.14538
1.14389
1.14308
1.14276
1.14271
1.1427
1.14259
1.14228
1.14176
1.14107
1.14028
1.13947
1.13871
1.13807
1.13759
1.13728
1.13712
1.13709
1.13714
1.13724
1.13733
1.13739
1.13738
1.13728
1.13708
1.13675
1.13628
1.13566
1.13486
1.13385
1.13259
1.13105
1.12921
1.12705
1.12464
1.12208
1.11955
1.11733
1.11571
1.11493
1.11512
1.11626
1.11816
1.12057
1.1232
1.12584
1.12835
1.13064
1.13269
1.1345
1.13608
1.13745
1.13862
1.13957
1.1403
1.14077
1.14097
1.14087
1.14045
1.13973
1.13878
1.1377
1.13666
1.13587
1.13554
1.1358
1.13668
1.13803
1.13956
1.14088
1.14152
1.14097
1.13875
1.13449
1.12817
1.12042
1.11279
1.10744
1.10614
1.10907
1.11469
1.1209
1.12613
1.12973
1.13181
1.1328
1.13316
1.13326
1.13331
1.13337
1.13341
1.13339
1.1333
1.13315
1.133
1.13289
1.13284
1.13288
1.13302
1.13334
1.13391
1.13487
1.13628
1.13817
1.14045
1.14296
1.14547
1.14778
1.14974
1.15128
1.15241
1.15318
1.15367
1.15395
1.15408
1.15409
1.15399
1.15378
1.15344
1.15298
1.15239
1.15168
1.15088
1.15001
1.14914
1.14829
1.14754
1.14694
1.14655
1.1464
1.14652
1.14691
1.14754
1.14837
1.14932
1.15035
1.15141
1.15247
1.15351
1.15454
1.15557
1.1566
1.15763
1.15862
1.15953
1.16031
1.16088
1.16117
1.16111
1.16062
1.15963
1.15805
1.15577
1.15268
1.14863
1.14356
1.13766
1.13159
1.1266
1.12425
1.12561
1.13055
1.13774
1.14547
1.15245
1.15806
1.16227
1.16531
1.16751
1.16913
1.17037
1.17133
1.17206
1.17259
1.17292
1.17306
1.17302
1.17283
1.17251
1.17211
1.17165
1.17119
1.17077
1.17043
1.17022
1.17015
1.17024
1.17051
1.17095
1.17158
1.17243
1.17353
1.17489
1.17651
1.17835
1.18031
1.18227
1.18404
1.18547
1.18637
1.18662
1.18611
1.1848
1.1827
1.17985
1.17635
1.17231
1.16788
1.16329
1.1589
1.15523
1.15295
1.15269
1.15481
1.1591
1.16488
1.17114
1.17696
1.18164
1.18481
1.18639
1.18653
1.18561
1.1842
1.18299
1.18263
1.18352
1.18568
1.18875
1.19219
1.19545
1.1981
1.19988
1.20067
1.20041
1.19913
1.19688
1.19377
1.18995
1.18562
1.18102
1.17646
1.17225
1.16869
1.16597
1.16416
1.16317
1.16287
1.16307
1.16363
1.16444
1.16539
1.16642
1.16743
1.16834
1.1691
1.16965
1.17001
1.17019
1.17018
1.17
1.16964
1.16908
1.16829
1.16729
1.16607
1.16468
1.16314
1.1615
1.15979
1.15805
1.15631
1.1546
1.15297
1.15151
1.15028
1.14937
1.14881
1.1486
1.14868
1.14893
1.14924
1.14949
1.14959
1.14946
1.14909
1.14846
1.14759
1.14651
1.14526
1.14387
1.14238
1.14083
1.13927
1.13772
1.13623
1.13482
1.1335
1.13228
1.13114
1.13005
1.12894
1.12774
1.12634
1.12464
1.1225
1.11981
1.11651
1.11263
1.10838
1.10427
1.1011
1.09976
1.10091
1.10459
1.11012
1.11643
1.12246
1.12745
1.13101
1.13302
1.13353
1.13269
1.13075
1.12805
1.12503
1.1222
1.12004
1.11886
1.11867
1.11923
1.1201
1.12082
1.12105
1.12061
1.11951
1.11793
1.1162
1.11471
1.11382
1.11373
1.11437
1.11551
1.11677
1.11782
1.11848
1.11875
1.11875
1.1187
1.1188
1.11915
1.11974
1.12043
1.12107
1.12148
1.12156
1.12128
1.12067
1.11984
1.11891
1.118
1.11723
1.11668
1.11639
1.11638
1.11663
1.11714
1.11789
1.11884
1.11999
1.12131
1.12276
1.12431
1.12592
1.12754
1.12914
1.13067
1.13208
1.13335
1.13444
1.13531
1.13593
1.13625
1.13622
1.13578
1.13486
1.13338
1.13129
1.12857
1.12529
1.12164
1.11795
1.1147
1.11243
1.11159
1.11237
1.11467
1.11814
1.12227
1.12658
1.13067
1.13427
1.13723
1.13949
1.14102
1.14185
1.142
1.14151
1.14042
1.13878
1.13669
1.1343
1.13181
1.12948
1.1276
1.12643
1.12614
1.12675
1.1282
1.13033
1.13292
1.13577
1.13868
1.1415
1.14409
1.14635
1.1482
1.14959
1.15047
1.15084
1.15068
1.15004
1.14896
1.14757
1.14606
1.1447
1.14379
1.14361
1.14438
1.14609
1.14861
1.15165
1.15487
1.15798
1.16079
1.16319
1.16514
1.16669
1.1679
1.16884
1.16958
1.17019
1.17071
1.17117
1.17158
1.17194
1.17224
1.17247
1.17258
1.17256
1.17235
1.1719
1.17117
1.17015
1.16884
1.16735
1.16583
1.16455
1.16375
1.16363
1.16426
1.16552
1.16715
1.16885
1.17031
1.17133
1.17179
1.17166
1.171
1.16988
1.16841
1.16672
1.165
1.16341
1.16216
1.16138
1.16117
1.16153
1.16232
1.1634
1.16454
1.16559
1.16641
1.16695
1.16721
1.16721
1.16702
1.16671
1.16637
1.16606
1.16583
1.16572
1.16577
1.166
1.16641
1.16701
1.16779
1.16875
1.16987
1.1711
1.17241
1.17374
1.17503
1.17623
1.1773
1.17821
1.17893
1.17948
1.17984
1.18003
1.18005
1.17992
1.17965
1.17922
1.17864
1.17788
1.17691
1.17568
1.17413
1.1722
1.1698
1.16688
1.16345
1.15959
1.15548
1.15145
1.14789
1.14515
1.14351
1.14301
1.14356
1.14491
1.14681
1.14898
1.15114
1.15306
1.15455
1.15552
1.15597
1.156
1.1558
1.15563
1.15571
1.15627
1.15741
1.15914
1.16137
1.16391
1.16656
1.16912
1.17142
1.17331
1.17473
1.17564
1.17601
1.17585
1.17516
1.17395
1.17223
1.17003
1.16739
1.16437
1.16109
1.15768
1.15436
1.15135
1.14888
1.14717
1.14635
1.14646
1.14737
1.14888
1.1507
1.15253
1.15412
1.15529
1.15594
1.15608
1.1558
1.15528
1.15469
1.15423
1.15401
1.15404
1.15423
1.1544
1.15436
1.15392
1.15297
1.15148
1.14952
1.14726
1.14494
1.14285
1.14132
1.14061
1.1409
1.14222
1.14447
1.1474
1.15074
1.15418
1.15749
1.1605
1.16312
1.16533
1.16712
1.16854
1.16963
1.17044
1.17102
1.17142
1.17168
1.17184
1.17192
1.17196
1.17197
1.17198
1.17201
1.17205
1.17214
1.17226
1.17244
1.17266
1.17292
1.17324
1.17359
1.17398
1.17438
1.1748
1.17519
1.17553
1.17579
1.17593
1.17589
1.17564
1.17512
1.17432
1.17322
1.17184
1.17023
1.16846
1.16658
1.16462
1.16253
1.16015
1.15721
1.15347
1.14888
1.14386
1.13947
1.13704
1.13743
1.1405
1.1453
1.1509
1.1569
1.16336
1.17029
1.17738
1.18412
1.18999
1.19468
1.1981
1.20035
1.2016
1.20204
1.20183
1.20111
1.19998
1.19851
1.1967
1.19454
1.19199
1.18898
1.1854
1.18117
1.17623
1.17061
1.16449
1.15828
1.15257
1.14811
1.14551
1.14505
1.14657
1.14959
1.15348
1.15766
1.16166
1.1652
1.16817
1.17058
1.17257
1.1743
1.17593
1.17757
1.17924
1.18093
1.18261
1.18426
1.18586
1.18737
1.18877
1.19004
1.19114
1.19203
1.19273
1.19322
1.19354
1.19371
1.19378
1.19378
1.19374
1.19369
1.19362
1.19353
1.19339
1.19317
1.19283
1.19233
1.19162
1.19064
1.18935
1.18771
1.18568
1.18325
1.18044
1.17731
1.17397
1.17059
1.16735
1.16446
1.16212
1.16047
1.1596
1.15954
1.16026
1.16169
1.16373
1.16627
1.16918
1.17235
1.17567
1.17902
1.18233
1.1855
1.18845
1.19113
1.19346
1.19537
1.19681
1.19768
1.19793
1.19745
1.19616
1.19397
1.19081
1.18662
1.18142
1.17532
1.16862
1.16181
1.15557
1.15073
1.14803
1.14783
1.14996
1.15377
1.15835
1.16285
1.16667
1.16952
1.17135
1.17226
1.17245
1.17211
1.17144
1.17057
1.16962
1.16865
1.16771
1.16681
1.16595
1.16514
1.16434
1.16352
1.16263
1.16165
1.16058
1.15948
1.15843
1.15756
1.15698
1.1568
1.15703
1.15763
1.15851
1.15956
1.16065
1.16169
1.16265
1.16351
1.16426
1.16493
1.16556
1.16616
1.16675
1.16732
1.16788
1.16842
1.16889
1.16928
1.16956
1.16967
1.16959
1.16926
1.16864
1.16767
1.1663
1.1645
1.16224
1.15951
1.15631
1.15265
1.1486
1.14423
1.13971
1.13531
1.13144
1.12858
1.12717
1.12739
1.12911
1.13189
1.13515
1.13841
1.14141
1.14414
1.14673
1.14936
1.1521
1.15488
1.15754
1.1599
1.16181
1.16328
1.1644
1.16536
1.16641
1.16774
1.16947
1.17159
1.17403
1.17665
1.17935
1.18205
1.18471
1.18733
1.18991
1.19244
1.19489
1.19718
1.19923
1.20096
1.20225
1.20304
1.20323
1.20279
1.20165
1.19981
1.19729
1.19413
1.19049
1.18654
1.18252
1.1787
1.1753
1.17247
1.17024
1.1686
1.16748
1.16682
1.16663
1.16697
1.16793
1.16961
1.17205
1.17523
1.17902
1.18323
1.1876
1.19186
1.19579
1.19921
1.20202
1.20417
1.20564
1.20644
1.20657
1.20605
1.20492
1.20325
1.20122
1.19909
1.19724
1.19606
1.19586
1.19674
1.19854
1.20092
1.20345
1.20575
1.20754
1.20869
1.20915
1.20895
1.20815
1.20683
1.20512
1.20315
1.20107
1.19904
1.19722
1.1957
1.19455
1.19374
1.19319
1.19276
1.19234
1.19181
1.1911
1.19017
1.18901
1.18767
1.18617
1.18458
1.18297
1.18139
1.17991
1.17861
1.17755
1.17679
1.17639
1.17638
1.17672
1.17737
1.17821
1.17909
1.17984
1.18029
1.1803
1.17975
1.17862
1.17693
1.17483
1.17256
1.1705
1.16912
1.16885
1.16997
1.17251
1.1762
1.18062
1.18532
1.1899
1.19411
1.19781
1.20093
1.20347
1.20543
1.20685
1.20778
1.20828
1.20843
1.20831
1.20802
1.2076
1.20712
1.2066
1.20603
1.20537
1.20456
1.20355
1.20226
1.20064
1.19868
1.19642
1.194
1.19163
1.18953
1.18787
1.18671
1.1859
1.18524
1.18454
1.1838
1.18323
1.18327
1.18436
1.18679
1.19051
1.19513
1.20013
1.20501
1.20942
1.2132
1.21631
1.2188
1.22074
1.2222
1.22326
1.22395
1.22431
1.22436
1.22413
1.22361
1.22283
1.22182
1.22062
1.2193
1.21791
1.21652
1.21519
1.21395
1.2128
1.21176
1.21082
1.20998
1.20924
1.20861
1.20808
1.20763
1.20724
1.20686
1.20648
1.20606
1.20561
1.20519
1.20487
1.20476
1.20494
1.2055
1.20645
1.20777
1.20937
1.21114
1.21295
1.21466
1.21618
1.21741
1.21829
1.21877
1.21881
1.21839
1.21748
1.21608
1.21418
1.21177
1.20886
1.20549
1.2017
1.19754
1.19313
1.18858
1.18406
1.17978
1.176
1.17295
1.17086
1.16983
1.16982
1.17069
1.17219
1.17403
1.17596
1.17778
1.17937
1.18067
1.18168
1.18243
1.18297
1.18333
1.1835
1.18344
1.18306
1.18223
1.18077
1.17849
1.17516
1.17061
1.16473
1.15762
1.14975
1.14205
1.13584
1.13239
1.13238
1.13549
1.14062
1.14646
1.15197
1.15656
1.16
1.16232
1.16364
1.16414
1.16399
1.16337
1.16243
1.16131
1.16015
1.15899
1.15781
1.15647
1.15471
1.15213
1.14828
1.14282
1.13581
1.12803
1.12118
1.11731
1.11772
1.12203
1.12858
1.13552
1.14176
1.147
1.15146
1.15546
1.15925
1.16293
1.16648
1.16985
1.17297
1.17581
1.17837
1.18065
1.18269
1.1845
1.18611
1.18751
1.1887
1.18962
1.19021
1.19038
1.18998
1.18882
1.18667
1.18325
1.17823
1.17134
1.16242
1.15161
1.13955
1.12755
1.11746
1.11115
1.10971
1.11299
1.11984
1.12877
1.13851
1.14816
1.15712
1.16502
1.17164
1.17693
1.18097
1.18391
1.18596
1.18737
1.18834
1.18905
1.18963
1.19017
1.1907
1.19121
1.19168
1.19207
1.1923
1.19233
1.19211
1.19157
1.19069
1.18946
1.18787
1.18595
1.18378
1.18146
1.17911
1.17691
1.17499
1.17347
1.17241
1.17178
1.1715
1.17147
1.17159
1.17182
1.17221
1.17285
1.17389
1.17544
1.17756
1.18022
1.1833
1.18659
1.18986
1.19289
1.19548
1.19751
1.1989
1.19963
1.19973
1.19926
1.19831
1.19701
1.19545
1.19378
1.19209
1.19051
1.18916
1.18813
1.18752
1.18738
1.18773
1.1885
1.18956
1.1907
1.19164
1.19206
1.19158
1.1898
1.18634
1.18091
1.17345
1.16432
1.1544
1.14508
1.13782
1.13373
1.13317
1.13578
1.14073
1.14705
1.15378
1.16013
1.16556
1.16978
1.17273
1.17453
1.17538
1.17556
1.17534
1.17498
1.17473
1.17478
1.17528
1.1763
1.17777
1.17955
1.18144
1.18322
1.18471
1.1858
1.18644
1.18662
1.1864
1.18583
1.18498
1.18395
1.18279
1.1816
1.18043
1.17935
1.17841
1.17765
1.17708
1.17671
1.17652
1.17647
1.17652
1.17662
1.17669
1.17666
1.17647
1.17603
1.17527
1.17411
1.17249
1.17038
1.16776
1.16471
1.16135
1.15794
1.15476
1.15212
1.15028
1.14931
1.14915
1.14957
1.15029
1.15102
1.15151
1.15165
1.15138
1.15078
1.15004
1.14939
1.14909
1.14936
1.15029
1.15185
1.15389
1.15623
1.15862
1.16082
1.16258
1.16364
1.16375
1.1627
1.16036
1.15665
1.15166
1.14561
1.13896
1.13232
1.12648
1.12218
1.12003
1.12029
1.12279
1.12693
1.13187
1.13671
1.14077
1.14362
1.14512
1.14536
1.14459
1.14317
1.1415
1.13997
1.13886
1.13832
1.13833
1.13875
1.1394
1.14005
1.14057
1.14082
1.14077
1.14038
1.13966
1.13864
1.13737
1.13588
1.13426
1.13257
1.13092
1.1294
1.12809
1.12709
1.12641
1.12605
1.12596
1.12607
1.12627
1.12643
1.12645
1.1262
1.12559
1.12452
1.1229
1.12066
1.11774
1.11412
1.10985
1.10505
1.09992
1.09483
1.0902
1.08653
1.08428
1.08373
1.08492
1.08764
1.09148
1.09592
1.10049
1.1048
1.1086
1.11177
1.11423
1.11598
1.11704
1.11741
1.11712
1.1162
1.11469
1.11268
1.11031
1.10779
1.1054
1.10342
1.10207
1.10148
1.10162
1.10232
1.10336
1.10451
1.10558
1.10646
1.10713
1.1076
1.10793
1.1082
1.10847
1.1088
1.10924
1.10979
1.11045
1.1112
1.11201
1.11285
1.11368
1.11447
1.1152
1.11586
1.11643
1.11693
1.11735
1.1177
1.11798
1.11819
1.11835
1.11847
1.11854
1.11858
1.11858
1.11856
1.11851
1.11843
1.11833
1.1182
1.11802
1.11778
1.11745
1.11699
1.11635
1.11547
1.11429
1.11275
1.11077
1.10834
1.10548
1.10229
1.09899
1.09594
1.0936
1.09243
1.09276
1.0947
1.09804
1.10237
1.10719
1.11201
1.1165
1.12045
1.1238
1.12658
1.12887
1.13078
1.13241
1.13384
1.13514
1.13637
1.13755
1.13873
1.1399
1.1411
1.14232
1.14356
1.14482
1.14609
1.14733
1.14854
1.14967
1.15072
1.15165
1.15245
1.15312
1.15366
1.1541
1.15447
1.15482
1.1552
1.15566
1.1562
1.15683
1.15752
1.15821
1.15884
1.15933
1.15962
1.15966
1.15939
1.15876
1.15772
1.15619
1.1541
1.15134
1.14785
1.14358
1.13855
1.1329
1.12685
1.12078
1.11513
1.11042
1.10716
1.10578
1.10653
1.1094
1.11408
1.12002
1.12658
1.13322
1.13954
1.14532
1.1505
1.15507
1.15904
1.16241
1.16512
1.16711
1.16829
1.16863
1.16813
1.16693
1.16526
1.16344
1.16177
1.16043
1.1594
1.15838
1.15695
1.15473
1.15158
1.14775
1.14393
1.14103
1.13983
1.14058
1.14287
1.14591
1.14889
1.15126
1.15279
1.15348
1.15345
1.15288
1.15191
1.15069
1.14931
1.14783
1.1463
1.14475
1.14319
1.14165
1.14015
1.13871
1.13734
1.13606
1.13487
1.13378
1.13276
1.13182
1.13093
1.13008
1.12927
1.12851
1.12782
1.12721
1.12672
1.12637
1.12618
1.12614
1.12625
1.12648
1.12682
1.12723
1.12769
1.12819
1.12872
1.12926
1.12981
1.13039
1.13098
1.1316
1.13225
1.13294
1.13367
1.13443
1.13522
1.13602
1.13682
1.1376
1.13832
1.13894
1.13943
1.13973
1.13979
1.13955
1.13896
1.13794
1.13641
1.13427
1.13142
1.12774
1.12315
1.11764
1.11142
1.10498
1.09918
1.09503
1.09314
1.09336
1.09481
1.09647
1.09784
1.09917
1.10116
1.10447
1.10926
1.11512
1.12135
1.12726
1.13244
1.1367
1.14007
1.14268
1.14468
1.14621
1.14739
1.1483
1.149
1.14952
1.14989
1.15009
1.15012
1.14996
1.14956
1.14887
1.14783
1.14637
1.1444
1.14186
1.13872
1.13501
1.13084
1.1264
1.12198
1.11784
1.11426
1.11139
1.10937
1.10827
1.10818
1.10911
1.11102
1.1137
1.11683
1.12005
1.12302
1.12546
1.12728
1.12855
1.12948
1.13036
1.13145
1.1329
1.13466
1.13655
1.1383
1.13963
1.14029
1.14009
1.13891
1.13674
1.13374
1.13031
1.12704
1.12464
1.12367
1.12428
1.12614
1.12866
1.13122
1.13342
1.13506
1.13615
1.13677
1.13702
1.13698
1.1367
1.13623
1.13559
1.13481
1.13391
1.1329
1.1318
1.13063
1.12943
1.12824
1.12715
1.12625
1.12561
1.12534
1.1255
1.12613
1.12721
1.12868
1.13046
1.13241
1.13442
1.13637
1.13817
1.13975
1.14107
1.1421
1.14284
1.14328
1.14343
1.14328
1.14284
1.14208
1.14102
1.13963
1.13794
1.136
1.13389
1.13175
1.12975
1.12809
1.12692
1.12634
1.12634
1.1268
1.12755
1.12841
1.12922
1.12986
1.13029
1.1305
1.13054
1.13044
1.1303
1.13019
1.13017
1.13032
1.13069
1.13131
1.1322
1.13337
1.1348
1.13646
1.13829
1.14024
1.14223
1.14418
1.14604
1.1477
1.14913
1.15025
1.15103
1.15145
1.15153
1.15131
1.15086
1.1503
1.14978
1.14944
1.14943
1.14988
1.15086
1.15238
1.1544
1.15679
1.1594
1.16208
1.16466
1.16698
1.16893
1.1704
1.17132
1.17164
1.17133
1.1704
1.16893
1.16708
1.16511
1.16342
1.16243
1.16254
1.16394
1.16654
1.16995
1.17364
1.17704
1.17973
1.18143
1.18205
1.18165
1.18041
1.17855
1.17634
1.17399
1.17167
1.16947
1.16744
1.16564
1.16416
1.16314
1.16264
1.16267
1.16312
1.16396
1.1653
1.16738
1.17043
1.17449
1.1793
1.18443
1.18941
1.19386
1.19756
1.20043
1.20249
1.2038
1.20444
1.20445
1.20389
1.2028
1.2012
1.1992
1.19694
1.19468
1.19272
1.1914
1.19094
1.19141
1.19268
1.19448
1.19646
1.19834
1.19991
1.20111
1.20194
1.20248
1.20283
1.2031
1.20338
1.20371
1.20411
1.20452
1.2049
1.20516
1.20523
1.20505
1.20455
1.20371
1.20248
1.20086
1.19883
1.19639
1.19358
1.19043
1.18704
1.18355
1.18013
1.17696
1.17424
1.17211
1.17067
1.16991
1.16975
1.17003
1.17059
1.17126
1.17201
1.17293
1.17424
1.17621
1.17901
1.18261
1.18677
1.19108
1.19515
1.19866
1.20145
1.20346
1.20473
1.20536
1.20547
1.20516
1.20453
1.20369
1.20269
1.2016
1.20045
1.19926
1.19806
1.19683
1.1956
1.19436
1.19315
1.192
1.19096
1.19008
1.18944
1.18905
1.18895
1.18911
1.18948
1.18999
1.19054
1.19105
1.19143
1.19163
1.19161
1.19137
1.19093
1.19032
1.18962
1.1889
1.18825
1.18775
1.18748
1.18748
1.18779
1.18838
1.18921
1.19021
1.19129
1.19237
1.19336
1.1942
1.19483
1.1952
1.19527
1.19502
1.19442
1.19344
1.19207
1.19031
1.18816
1.18566
1.18288
1.17989
1.1768
1.17373
1.1708
