-0.500293
-0.499061
-0.497578
-0.495664
-0.493059
-0.489477
-0.484565
-0.477947
-0.46932
-0.458551
-0.445896
-0.432334
-0.419804
-0.411024
-0.408624
-0.413875
-0.425923
-0.442279
-0.460056
-0.476928
-0.491524
-0.503282
-0.51221
-0.518575
-0.522784
-0.525198
-0.526189
-0.526108
-0.525258
-0.523915
-0.522348
-0.520795
-0.519429
-0.518334
-0.517503
-0.516866
-0.516288
-0.515602
-0.514623
-0.513226
-0.511303
-0.508793
-0.505671
-0.501936
-0.497628
-0.492851
-0.487716
-0.482429
-0.477267
-0.472599
-0.468812
-0.466313
-0.465378
-0.466121
-0.468421
-0.471985
-0.476356
-0.481076
-0.485721
-0.489919
-0.493387
-0.495931
-0.497398
-0.497697
-0.496862
-0.494987
-0.492293
-0.48899
-0.485188
-0.48091
-0.476068
-0.470662
-0.46496
-0.459732
-0.456235
-0.455829
-0.45949
-0.467198
-0.477981
-0.490177
-0.502124
-0.512512
-0.520585
-0.526111
-0.529164
-0.530054
-0.529135
-0.526831
-0.523571
-0.519776
-0.515811
-0.511982
-0.508486
-0.505379
-0.502614
-0.499997
-0.497349
-0.494507
-0.491435
-0.488218
-0.485067
-0.482226
-0.479958
-0.4784
-0.477606
-0.477532
-0.478076
-0.479085
-0.480389
-0.48178
-0.483078
-0.484192
-0.485113
-0.485949
-0.486846
-0.487966
-0.489418
-0.49121
-0.4933
-0.495583
-0.497983
-0.500437
-0.502901
-0.505364
-0.507819
-0.510269
-0.512674
-0.514998
-0.517164
-0.519132
-0.520846
-0.522285
-0.523418
-0.52428
-0.524887
-0.525268
-0.525458
-0.525484
-0.525337
-0.524986
-0.524446
-0.523651
-0.522539
-0.521039
-0.51905
-0.516472
-0.513149
-0.508945
-0.503697
-0.497361
-0.490067
-0.482218
-0.474533
-0.467891
-0.463083
-0.460509
-0.460143
-0.461718
-0.464915
-0.469367
-0.47458
-0.47991
-0.484672
-0.488343
-0.490724
-0.491889
-0.492119
-0.491765
-0.491155
-0.490496
-0.489846
-0.489117
-0.48818
-0.486839
-0.484972
-0.482603
-0.479954
-0.477381
-0.475376
-0.474362
-0.474727
-0.476596
-0.479868
-0.484252
-0.489308
-0.494599
-0.499726
-0.504366
-0.508306
-0.511439
-0.513722
-0.515187
-0.515872
-0.515865
-0.515255
-0.514144
-0.512631
-0.510801
-0.5087
-0.5063
-0.503545
-0.500301
-0.496365
-0.491532
-0.485646
-0.478651
-0.470687
-0.462165
-0.453672
-0.445841
-0.439074
-0.433383
-0.428412
-0.423754
-0.419268
-0.415203
-0.41214
-0.410559
-0.410601
-0.411934
-0.413937
-0.416009
-0.417811
-0.419331
-0.42081
-0.42262
-0.425062
-0.428257
-0.432058
-0.43614
-0.440069
-0.443416
-0.445851
-0.447213
-0.447464
-0.446658
-0.444935
-0.442462
-0.439439
-0.436074
-0.432579
-0.42914
-0.425942
-0.423127
-0.42078
-0.4189
-0.417467
-0.416359
-0.415439
-0.414569
-0.413595
-0.412421
-0.410996
-0.409311
-0.407424
-0.405419
-0.403381
-0.401425
-0.39965
-0.398092
-0.396798
-0.395737
-0.394875
-0.394167
-0.393536
-0.392946
-0.392319
-0.391632
-0.390816
-0.389839
-0.388639
-0.387162
-0.385379
-0.383279
-0.380913
-0.378367
-0.375795
-0.373387
-0.37134
-0.369829
-0.368926
-0.368648
-0.368894
-0.369482
-0.370241
-0.370996
-0.371562
-0.371833
-0.371746
-0.371264
-0.370411
-0.369301
-0.368049
-0.366817
-0.365753
-0.365057
-0.364822
-0.365107
-0.365908
-0.367164
-0.368727
-0.370445
-0.372111
-0.373554
-0.374591
-0.375052
-0.37482
-0.373823
-0.372063
-0.369648
-0.366782
-0.363811
-0.361112
-0.359042
-0.35779
-0.357372
-0.357572
-0.358034
-0.358392
-0.358338
-0.35773
-0.356621
-0.355249
-0.354053
-0.353586
-0.354417
-0.356931
-0.36123
-0.36705
-0.373868
-0.381039
-0.388
-0.394301
-0.399671
-0.404009
-0.407288
-0.409587
-0.410982
-0.411616
-0.411597
-0.411063
-0.410178
-0.409077
-0.407908
-0.406774
-0.405752
-0.404842
-0.404007
-0.40308
-0.4019
-0.400221
-0.397832
-0.394631
-0.390751
-0.386639
-0.383179
-0.381409
-0.382214
-0.385868
-0.391845
-0.399065
-0.406339
-0.412657
-0.417411
-0.420307
-0.421271
-0.420401
-0.417945
-0.414348
-0.410468
-0.407487
-0.406753
-0.409243
-0.415046
-0.423258
-0.432412
-0.441085
-0.448264
-0.45347
-0.456592
-0.457681
-0.456843
-0.454092
-0.449393
-0.442769
-0.434529
-0.425459
-0.417012
-0.410894
-0.408371
-0.409516
-0.413112
-0.417409
-0.420986
-0.423195
-0.424132
-0.424371
-0.424639
-0.425545
-0.427501
-0.430579
-0.434592
-0.439221
-0.444092
-0.448859
-0.453277
-0.4572
-0.460584
-0.463449
-0.465845
-0.467866
-0.469558
-0.470968
-0.472132
-0.47305
-0.473714
-0.474109
-0.47424
-0.474095
-0.47371
-0.473074
-0.472228
-0.471175
-0.46993
-0.468458
-0.466738
-0.464762
-0.462473
-0.459875
-0.456968
-0.453784
-0.450375
-0.446794
-0.443121
-0.43942
-0.435748
-0.432174
-0.428753
-0.425583
-0.422762
-0.420398
-0.418626
-0.417551
-0.417271
-0.417806
-0.419137
-0.421145
-0.423649
-0.426448
-0.429328
-0.432036
-0.43438
-0.436202
-0.43742
-0.437949
-0.437795
-0.437017
-0.435707
-0.434009
-0.432087
-0.430109
-0.428267
-0.426735
-0.425624
-0.425007
-0.42492
-0.42534
-0.426218
-0.427464
-0.428998
-0.430684
-0.432425
-0.434107
-0.435646
-0.436937
-0.437904
-0.438491
-0.438626
-0.438278
-0.437434
-0.436065
-0.434203
-0.431919
-0.429357
-0.426709
-0.424273
-0.422325
-0.421137
-0.420904
-0.421657
-0.423297
-0.425595
-0.428256
-0.430967
-0.433472
-0.435541
-0.43701
-0.437745
-0.437659
-0.436738
-0.434975
-0.432451
-0.429274
-0.425589
-0.421554
-0.417287
-0.41292
-0.408614
-0.404647
-0.401474
-0.399724
-0.400041
-0.402877
-0.408266
-0.415776
-0.424623
-0.433922
-0.442876
-0.450907
-0.457681
-0.463047
-0.466995
-0.469595
-0.470947
-0.471118
-0.470197
-0.468226
-0.465253
-0.461318
-0.456545
-0.451135
-0.445473
-0.440154
-0.435939
-0.433599
-0.433744
-0.436584
-0.441851
-0.448812
-0.456556
-0.46416
-0.470884
-0.47621
-0.479873
-0.481795
-0.482098
-0.481048
-0.479009
-0.47643
-0.473758
-0.471301
-0.469165
-0.467285
-0.465477
-0.463519
-0.46133
-0.45894
-0.456548
-0.454412
-0.452765
-0.451736
-0.451357
-0.451519
-0.452027
-0.452685
-0.453256
-0.453497
-0.453126
-0.451848
-0.449385
-0.445525
-0.440209
-0.433659
-0.426498
-0.419748
-0.414789
-0.412955
-0.415115
-0.42126
-0.430423
-0.441015
-0.451318
-0.459951
-0.466098
-0.469551
-0.470675
-0.470241
-0.469292
-0.46878
-0.469378
-0.471317
-0.474371
-0.478017
-0.481658
-0.484769
-0.486997
-0.488206
-0.488391
-0.487668
-0.486211
-0.484238
-0.481964
-0.479645
-0.477484
-0.475701
-0.474441
-0.473826
-0.473917
-0.474723
-0.476188
-0.478226
-0.480693
-0.483414
-0.486218
-0.488907
-0.491313
-0.493273
-0.494598
-0.495159
-0.494797
-0.493388
-0.490841
-0.487077
-0.482079
-0.475906
-0.468729
-0.460814
-0.452597
-0.44456
-0.437283
-0.431283
-0.42694
-0.424484
-0.423907
-0.425033
-0.427549
-0.43107
-0.43515
-0.43935
-0.443332
-0.446818
-0.449695
-0.452003
-0.453863
-0.455483
-0.457035
-0.45867
-0.460447
-0.46234
-0.464234
-0.465937
-0.467187
-0.467722
-0.467279
-0.465595
-0.462522
-0.458114
-0.452733
-0.447151
-0.442414
-0.439569
-0.439199
-0.441133
-0.444499
-0.448134
-0.450975
-0.452311
-0.451808
-0.449372
-0.44508
-0.439118
-0.431817
-0.423655
-0.415264
-0.40737
-0.400736
-0.39599
-0.393532
-0.393495
-0.395601
-0.399314
-0.40394
-0.408771
-0.413279
-0.417103
-0.420077
-0.422169
-0.423398
-0.423829
-0.423524
-0.422588
-0.42114
-0.419314
-0.417278
-0.415177
-0.413197
-0.411491
-0.410173
-0.409292
-0.40882
-0.408689
-0.408801
-0.409017
-0.409233
-0.409359
-0.409335
-0.409104
-0.408672
-0.408051
-0.40724
-0.406253
-0.40509
-0.403714
-0.402126
-0.400291
-0.398155
-0.39565
-0.392736
-0.389363
-0.385478
-0.381076
-0.376166
-0.3708
-0.365081
-0.359174
-0.353318
-0.347834
-0.343067
-0.339412
-0.337188
-0.336625
-0.337779
-0.340533
-0.344571
-0.349455
-0.354702
-0.359839
-0.364466
-0.368329
-0.371253
-0.373212
-0.374223
-0.374399
-0.373882
-0.372853
-0.371487
-0.369972
-0.368452
-0.367079
-0.365916
-0.365008
-0.364322
-0.36378
-0.363309
-0.362764
-0.362003
-0.360913
-0.359393
-0.357414
-0.355056
-0.352496
-0.350059
-0.348119
-0.347024
-0.347016
-0.348117
-0.350129
-0.352684
-0.355374
-0.357861
-0.359869
-0.361259
-0.361988
-0.362079
-0.361597
-0.360623
-0.359228
-0.357491
-0.355449
-0.353183
-0.350717
-0.348143
-0.345584
-0.34322
-0.341344
-0.340239
-0.340165
-0.341312
-0.343651
-0.346995
-0.350953
-0.355085
-0.358958
-0.36222
-0.364634
-0.366072
-0.36655
-0.366169
-0.365171
-0.363857
-0.362602
-0.361787
-0.361678
-0.362421
-0.363938
-0.366021
-0.368395
-0.370755
-0.372868
-0.374602
-0.375897
-0.376757
-0.377232
-0.377365
-0.377211
-0.376829
-0.376241
-0.3755
-0.374627
-0.373667
-0.372673
-0.371732
-0.370973
-0.370532
-0.370531
-0.371045
-0.372099
-0.373611
-0.375436
-0.377395
-0.379298
-0.38097
-0.382339
-0.383391
-0.384218
-0.384991
-0.385897
-0.387136
-0.388823
-0.39093
-0.393332
-0.3958
-0.398023
-0.39971
-0.40055
-0.400257
-0.398549
-0.395153
-0.389905
-0.382792
-0.374238
-0.36525
-0.357487
-0.352891
-0.352871
-0.35755
-0.365673
-0.375266
-0.384456
-0.391965
-0.397137
-0.399809
-0.400258
-0.399067
-0.397133
-0.395551
-0.39533
-0.397095
-0.400845
-0.406021
-0.411815
-0.41745
-0.422403
-0.426436
-0.429537
-0.431829
-0.433495
-0.434714
-0.435635
-0.436373
-0.436976
-0.437404
-0.437526
-0.437127
-0.435931
-0.433592
-0.429786
-0.424363
-0.417523
-0.410108
-0.403623
-0.399881
-0.400219
-0.404702
-0.412122
-0.420694
-0.428868
-0.435767
-0.441128
-0.445067
-0.447873
-0.449849
-0.451215
-0.452127
-0.452668
-0.45286
-0.452697
-0.452158
-0.4512
-0.449836
-0.448105
-0.446063
-0.443827
-0.441538
-0.439341
-0.437389
-0.435814
-0.434687
-0.43406
-0.433921
-0.434238
-0.434956
-0.436049
-0.437455
-0.439139
-0.441053
-0.443143
-0.445351
-0.447627
-0.449907
-0.452157
-0.454328
-0.456407
-0.458371
-0.460221
-0.461959
-0.463602
-0.465134
-0.466533
-0.46772
-0.468577
-0.468952
-0.46872
-0.467779
-0.466072
-0.463625
-0.460554
-0.457059
-0.453401
-0.449894
-0.446786
-0.444284
-0.442389
-0.440911
-0.439419
-0.437319
-0.433927
-0.428648
-0.421148
-0.411652
-0.401119
-0.391263
-0.384198
-0.38179
-0.384837
-0.39275
-0.403867
-0.416098
-0.427595
-0.437053
-0.44373
-0.447305
-0.447724
-0.445198
-0.440105
-0.433243
-0.425814
-0.419381
-0.415447
-0.414832
-0.417346
-0.421909
-0.427142
-0.431919
-0.435596
-0.437942
-0.439012
-0.438986
-0.438094
-0.436511
-0.434433
-0.431982
-0.429299
-0.426516
-0.423766
-0.42117
-0.418876
-0.416998
-0.415653
-0.414885
-0.414694
-0.415011
-0.415688
-0.41656
-0.417429
-0.418063
-0.418275
-0.417935
-0.416901
-0.415138
-0.412666
-0.409621
-0.406251
-0.402917
-0.400114
-0.398311
-0.397914
-0.399063
-0.401613
-0.405114
-0.408966
-0.412544
-0.415321
-0.41696
-0.41732
-0.416492
-0.414785
-0.412694
-0.410865
-0.409925
-0.410384
-0.41248
-0.416169
-0.421139
-0.426931
-0.433095
-0.43921
-0.444978
-0.450188
-0.454713
-0.458484
-0.461478
-0.463678
-0.465118
-0.465788
-0.465708
-0.464886
-0.463333
-0.461094
-0.458197
-0.454737
-0.450849
-0.44672
-0.442585
-0.438698
-0.435335
-0.432764
-0.431174
-0.430657
-0.431203
-0.432724
-0.435066
-0.438017
-0.441392
-0.444993
-0.448673
-0.452318
-0.45582
-0.459093
-0.462071
-0.464677
-0.466845
-0.468513
-0.469643
-0.470168
-0.470075
-0.46934
-0.467987
-0.466072
-0.46369
-0.461007
-0.458191
-0.455408
-0.452854
-0.450669
-0.448945
-0.447692
-0.44686
-0.446349
-0.446083
-0.445978
-0.445956
-0.445973
-0.446006
-0.446024
-0.446002
-0.445881
-0.445623
-0.445182
-0.444612
-0.444077
-0.44386
-0.444341
-0.445873
-0.448653
-0.452594
-0.457385
-0.462542
-0.467601
-0.472196
-0.476099
-0.479237
-0.481618
-0.483318
-0.484408
-0.48494
-0.484903
-0.484273
-0.482881
-0.480525
-0.476935
-0.471828
-0.464896
-0.456032
-0.44537
-0.433431
-0.421352
-0.410735
-0.403465
-0.401168
-0.404617
-0.413282
-0.425558
-0.439298
-0.452555
-0.463992
-0.472975
-0.479303
-0.483091
-0.484535
-0.483833
-0.481233
-0.477005
-0.471558
-0.465503
-0.459641
-0.454797
-0.451563
-0.450044
-0.449788
-0.450058
-0.450045
-0.449263
-0.447661
-0.445583
-0.443696
-0.442705
-0.443123
-0.445069
-0.448207
-0.451949
-0.455615
-0.458652
-0.460693
-0.461542
-0.46119
-0.459665
-0.457077
-0.453588
-0.449392
-0.444726
-0.439871
-0.435086
-0.430634
-0.426679
-0.423348
-0.420718
-0.418837
-0.4178
-0.417724
-0.418752
-0.421024
-0.424618
-0.429393
-0.435087
-0.441246
-0.447347
-0.452837
-0.457274
-0.460363
-0.46194
-0.46199
-0.460596
-0.457927
-0.454237
-0.449844
-0.445136
-0.440476
-0.436223
-0.432642
-0.429916
-0.428131
-0.427308
-0.427356
-0.428095
-0.429246
-0.430423
-0.431224
-0.431277
-0.430331
-0.428249
-0.425025
-0.420743
-0.415598
-0.409852
-0.403916
-0.398309
-0.393621
-0.390505
-0.389397
-0.390466
-0.393535
-0.398137
-0.403682
-0.409669
-0.415706
-0.421534
-0.426999
-0.431951
-0.436225
-0.439681
-0.442133
-0.443443
-0.443491
-0.442216
-0.439557
-0.435514
-0.430133
-0.423534
-0.415943
-0.40771
-0.399362
-0.391553
-0.385017
-0.380493
-0.378451
-0.379091
-0.382186
-0.387186
-0.393354
-0.399965
-0.406366
-0.412093
-0.416891
-0.420642
-0.423332
-0.425035
-0.425888
-0.426046
-0.4257
-0.425061
-0.424294
-0.423566
-0.422969
-0.422559
-0.422311
-0.422189
-0.422117
-0.422021
-0.421863
-0.421612
-0.421299
-0.421005
-0.420823
-0.420842
-0.421168
-0.421886
-0.423009
-0.424558
-0.426479
-0.428673
-0.431035
-0.433441
-0.435745
-0.43778
-0.439317
-0.440106
-0.439815
-0.438098
-0.434582
-0.428991
-0.421182
-0.411333
-0.400042
-0.388352
-0.377696
-0.369663
-0.365589
-0.366062
-0.37062
-0.377698
-0.385205
-0.391216
-0.394665
-0.395762
-0.395935
-0.397162
-0.400719
-0.406357
-0.412431
-0.417009
-0.418803
-0.417493
-0.413602
-0.408228
-0.402635
-0.398165
-0.395967
-0.396874
-0.401125
-0.408267
-0.417239
-0.426734
-0.435643
-0.443251
-0.449287
-0.453746
-0.456854
-0.458863
-0.460052
-0.460626
-0.460788
-0.460705
-0.460482
-0.460189
-0.459918
-0.459706
-0.459584
-0.459575
-0.459677
-0.459907
-0.460251
-0.460701
-0.461243
-0.461893
-0.462622
-0.463433
-0.464309
-0.465251
-0.46626
-0.467309
-0.468386
-0.469471
-0.470536
-0.47155
-0.4725
-0.473321
-0.473991
-0.474476
-0.474724
-0.4747
-0.474392
-0.473785
-0.472868
-0.47166
-0.470195
-0.468523
-0.466695
-0.464801
-0.462904
-0.461091
-0.459433
-0.457988
-0.456829
-0.456004
-0.45554
-0.455446
-0.455702
-0.456282
-0.457095
-0.458049
-0.45906
-0.460044
-0.460938
-0.461792
-0.462694
-0.463807
-0.465325
-0.467447
-0.470369
-0.474135
-0.478687
-0.483841
-0.489207
-0.494334
-0.498722
-0.501905
-0.503513
-0.503285
-0.501177
-0.497355
-0.492301
-0.486845
-0.482016
-0.478821
-0.477719
-0.478405
-0.479905
-0.480971
-0.480454
-0.4777
-0.472591
-0.465605
-0.457785
-0.45066
-0.445932
-0.445022
-0.448488
-0.455857
-0.465881
-0.477068
-0.488113
-0.498211
-0.506929
-0.514167
-0.519963
-0.524454
-0.52779
-0.530151
-0.531688
-0.532509
-0.532774
-0.532571
-0.532002
-0.531159
-0.53008
-0.528796
-0.52725
-0.525393
-0.523096
-0.52028
-0.516823
-0.51271
-0.508006
-0.502946
-0.497899
-0.493342
-0.489734
-0.487339
-0.486127
-0.485768
-0.485762
-0.485617
-0.485072
-0.48413
-0.483056
-0.482143
-0.481591
-0.481404
-0.481339
-0.481061
-0.480207
-0.478525
-0.475958
-0.472683
-0.469107
-0.46581
-0.46348
-0.462686
-0.463758
-0.466682
-0.471043
-0.476155
-0.48121
-0.485443
-0.488302
-0.489446
-0.488827
-0.486563
-0.483008
-0.478673
-0.474139
-0.470047
-0.466909
-0.465023
-0.464334
-0.464542
-0.465207
-0.465945
-0.466561
-0.467065
-0.467623
-0.46843
-0.469648
-0.471353
-0.473483
-0.475946
-0.478605
-0.481326
-0.483932
-0.486217
-0.487978
-0.488925
-0.488771
-0.487246
-0.484072
-0.479098
-0.472392
-0.46439
-0.455939
-0.448165
-0.442131
-0.438335
-0.436486
-0.435691
-0.434911
-0.433358
-0.430666
-0.426835
-0.422074
-0.4167
-0.41104
-0.405442
-0.400271
-0.39592
-0.392785
-0.391229
-0.391536
-0.393811
-0.398
-0.403844
-0.410934
-0.41876
-0.426812
-0.434612
-0.441753
-0.447968
-0.453051
-0.456917
-0.459558
-0.461033
-0.461458
-0.460992
-0.459801
-0.458067
-0.455989
-0.45376
-0.451538
-0.449441
-0.447559
-0.445912
-0.444503
-0.443279
-0.442208
-0.441217
-0.440282
-0.439378
-0.438503
-0.437688
-0.436971
-0.436394
-0.436016
-0.435872
-0.435995
-0.436388
-0.437015
-0.437803
-0.438633
-0.439362
-0.439814
-0.439823
-0.439182
-0.43772
-0.435302
-0.431833
-0.427313
-0.421878
-0.41581
-0.409507
-0.403498
-0.398226
-0.394027
-0.390999
-0.389051
-0.38802
-0.387821
-0.388466
-0.390032
-0.392549
-0.395897
-0.399785
-0.403833
-0.407706
-0.41123
-0.414405
-0.417415
-0.420564
-0.424166
-0.428533
-0.433868
-0.440187
-0.447294
-0.454808
-0.462237
-0.4691
-0.475066
-0.479992
-0.483896
-0.486947
-0.489377
-0.491415
-0.493255
-0.495034
-0.49681
-0.49856
-0.500252
-0.501755
-0.502985
-0.503856
-0.504268
-0.504131
-0.503394
-0.501972
-0.499837
-0.496961
-0.493357
-0.489073
-0.484187
-0.47883
-0.47317
-0.467357
-0.461519
-0.455789
-0.450232
-0.444818
-0.43939
-0.433608
-0.426974
-0.418949
-0.409375
-0.399011
-0.390062
-0.385658
-0.388131
-0.397246
-0.410156
-0.423357
-0.434387
-0.442354
-0.447382
-0.450172
-0.451516
-0.452118
-0.452492
-0.452989
-0.453791
-0.454933
-0.456324
-0.457846
-0.459292
-0.460507
-0.461315
-0.461563
-0.461126
-0.459914
-0.457866
-0.454948
-0.451126
-0.446428
-0.44097
-0.434996
-0.428922
-0.423385
-0.419138
-0.416854
-0.416878
-0.419074
-0.422885
-0.427544
-0.432301
-0.436583
-0.44003
-0.442451
-0.44375
-0.443914
-0.44289
-0.440665
-0.437217
-0.432614
-0.427053
-0.420958
-0.41494
-0.409732
-0.405982
-0.403979
-0.403596
-0.404343
-0.405638
-0.407038
-0.408386
-0.40972
-0.411208
-0.413005
-0.415163
-0.417674
-0.420454
-0.423409
-0.426485
-0.429653
-0.432913
-0.436251
-0.439653
-0.443069
-0.446442
-0.449713
-0.452817
-0.455672
-0.458225
-0.460417
-0.462167
-0.46343
-0.464146
-0.464266
-0.463736
-0.462463
-0.460404
-0.457497
-0.453696
-0.449038
-0.443648
-0.437788
-0.43185
-0.42626
-0.421413
-0.417502
-0.414515
-0.412232
-0.410462
-0.409149
-0.408402
-0.40851
-0.40981
-0.412593
-0.417041
-0.423085
-0.430412
-0.438446
-0.446448
-0.453659
-0.459485
-0.463562
-0.465715
-0.465988
-0.464546
-0.4617
-0.457829
-0.453404
-0.448939
-0.444947
-0.441908
-0.440107
-0.43962
-0.440387
-0.442113
-0.444497
-0.447213
-0.450007
-0.452641
-0.454996
-0.456968
-0.458483
-0.459532
-0.460081
-0.460139
-0.459711
-0.458823
-0.457463
-0.455611
-0.453217
-0.45018
-0.446319
-0.441481
-0.43554
-0.428568
-0.420962
-0.413464
-0.40708
-0.402618
-0.400327
-0.399682
-0.399705
-0.399411
-0.398177
-0.39577
-0.392195
-0.387498
-0.381771
-0.375319
-0.368908
-0.363886
-0.361889
-0.364049
-0.370297
-0.379319
-0.389259
-0.398511
-0.406132
-0.411817
-0.415668
-0.417944
-0.41897
-0.419035
-0.418331
-0.417006
-0.415138
-0.412724
-0.409697
-0.4059
-0.401087
-0.394966
-0.387216
-0.377612
-0.366211
-0.353638
-0.341338
-0.33145
-0.326208
-0.326813
-0.332802
-0.342287
-0.353008
-0.363171
-0.371841
-0.378755
-0.384059
-0.38804
-0.391024
-0.393306
-0.395098
-0.396551
-0.39775
-0.398758
-0.399595
-0.400278
-0.400803
-0.401139
-0.401285
-0.401221
-0.400913
-0.400371
-0.399564
-0.398498
-0.397171
-0.395618
-0.39389
-0.392046
-0.390195
-0.38846
-0.386916
-0.385612
-0.384576
-0.383754
-0.383051
-0.382324
-0.381435
-0.380259
-0.37873
-0.376833
-0.374669
-0.372448
-0.370446
-0.368991
-0.368388
-0.368836
-0.370343
-0.372712
-0.375548
-0.378331
-0.380521
-0.381643
-0.381397
-0.379676
-0.376761
-0.373292
-0.370191
-0.368383
-0.368417
-0.370174
-0.372964
-0.375818
-0.37794
-0.379043
-0.379395
-0.379697
-0.380762
-0.383219
-0.387167
-0.392247
-0.397812
-0.403204
-0.407971
-0.411849
-0.414803
-0.416921
-0.418325
-0.419179
-0.419627
-0.419805
-0.419805
-0.419727
-0.419662
-0.419654
-0.419777
-0.420094
-0.420634
-0.421407
-0.422448
-0.423706
-0.425148
-0.42671
-0.428252
-0.429636
-0.430696
-0.431243
-0.431104
-0.430161
-0.428343
-0.425695
-0.422361
-0.418636
-0.414897
-0.411535
-0.408863
-0.407023
-0.40596
-0.405399
-0.404937
-0.404045
-0.402154
-0.398704
-0.393265
-0.38584
-0.377367
-0.370015
-0.366694
-0.369572
-0.37851
-0.391031
-0.403966
-0.415033
-0.42328
-0.428807
-0.432235
-0.434338
-0.435809
-0.437169
-0.438764
-0.440763
-0.443201
-0.446063
-0.449256
-0.452673
-0.456176
-0.459642
-0.462905
-0.465802
-0.468132
-0.469719
-0.470346
-0.469811
-0.467906
-0.464417
-0.459131
-0.451905
-0.442601
-0.431105
-0.417384
-0.401556
-0.384093
-0.366067
-0.349398
-0.336612
-0.330157
-0.331412
-0.340013
-0.354063
-0.370917
-0.388136
-0.403972
-0.417439
-0.428199
-0.43627
-0.441935
-0.445582
-0.447613
-0.448432
-0.448367
-0.447653
-0.446474
-0.444944
-0.443135
-0.441101
-0.43889
-0.436548
-0.43416
-0.431763
-0.429386
-0.42701
-0.424555
-0.421875
-0.418796
-0.415191
-0.411047
-0.406563
-0.402177
-0.398574
-0.396367
-0.395927
-0.397156
-0.399533
-0.402343
-0.404914
-0.406838
-0.40794
-0.408252
-0.407912
-0.407056
-0.405784
-0.404178
-0.40224
-0.399934
-0.397282
-0.394284
-0.390996
-0.387512
-0.383979
-0.380566
-0.377428
-0.374718
-0.372517
-0.370896
-0.369803
-0.369168
-0.368876
-0.368828
-0.368892
-0.368982
-0.369048
-0.369082
-0.369086
-0.369104
-0.369204
-0.369431
-0.369845
-0.370448
-0.371234
-0.372192
-0.373263
-0.374397
-0.375529
-0.376604
-0.377588
-0.378445
-0.379168
-0.379737
-0.380168
-0.380454
-0.380597
-0.380604
-0.380448
-0.380116
-0.379571
-0.378755
-0.377608
-0.376004
-0.373854
-0.371024
-0.367398
-0.362909
-0.357579
-0.351604
-0.345428
-0.339714
-0.335295
-0.332877
-0.332834
-0.33496
-0.338586
-0.342815
-0.346789
-0.349908
-0.351888
-0.35276
-0.352712
-0.352089
-0.351258
-0.350541
-0.350141
-0.350155
-0.350527
-0.351135
-0.351813
-0.352428
-0.352869
-0.353152
-0.353392
-0.353837
-0.354822
-0.356709
-0.35978
-0.364112
-0.369581
-0.375828
-0.382373
-0.388741
-0.394532
-0.399415
-0.40319
-0.405726
-0.406988
-0.406962
-0.405697
-0.403327
-0.400055
-0.39613
-0.391853
-0.387454
-0.383086
-0.378768
-0.374461
-0.37015
-0.365888
-0.361871
-0.358358
-0.355547
-0.353538
-0.352232
-0.351427
-0.350891
-0.350424
-0.349946
-0.349433
-0.348915
-0.348454
-0.348121
-0.347954
-0.348062
-0.348625
-0.349873
-0.352073
-0.355387
-0.35976
-0.364901
-0.37029
-0.375241
-0.3791
-0.381332
-0.381641
-0.379991
-0.376677
-0.372336
-0.36783
-0.364086
-0.361837
-0.361346
-0.362472
-0.364689
-0.367344
-0.369879
-0.371861
-0.373045
-0.373359
-0.372859
-0.371722
-0.370223
-0.368679
-0.367376
-0.366542
-0.366279
-0.366521
-0.367098
-0.367795
-0.368376
-0.368627
-0.368429
-0.367723
-0.366549
-0.365015
-0.36331
-0.361649
-0.36027
-0.359388
-0.359149
-0.359601
-0.360703
-0.362304
-0.364196
-0.366159
-0.367967
-0.36941
-0.37031
-0.370569
-0.370063
-0.368725
-0.366513
-0.363441
-0.359585
-0.355135
-0.350394
-0.345777
-0.34176
-0.338793
-0.337176
-0.33699
-0.338077
-0.340113
-0.342692
-0.345449
-0.348096
-0.350482
-0.352516
-0.354192
-0.355532
-0.356581
-0.357386
-0.357998
-0.358488
-0.358908
-0.35932
-0.359805
-0.360406
-0.361138
-0.36198
-0.36288
-0.363762
-0.364541
-0.365117
-0.365453
-0.365541
-0.365405
-0.365105
-0.364672
-0.364122
-0.36339
-0.362367
-0.36092
-0.358989
-0.356692
-0.35431
-0.352275
-0.351083
-0.351063
-0.352309
-0.354654
-0.35775
-0.361205
-0.364713
-0.368077
-0.371221
-0.374123
-0.376793
-0.379203
-0.38128
-0.382957
-0.384169
-0.384906
-0.38517
-0.384981
-0.38431
-0.383026
-0.380942
-0.377891
-0.373845
-0.369161
-0.364686
-0.361585
-0.360865
-0.362738
-0.366418
-0.370626
-0.374174
-0.376417
-0.377201
-0.376799
-0.375682
-0.374321
-0.373123
-0.372424
-0.372428
-0.3732
-0.374676
-0.376618
-0.378636
-0.380282
-0.381036
-0.380406
-0.378068
-0.373993
-0.368601
-0.362805
-0.35791
-0.355287
-0.35589
-0.359902
-0.366792
-0.375574
-0.385164
-0.394582
-0.403139
-0.410376
-0.416082
-0.420235
-0.422895
-0.424193
-0.424231
-0.423118
-0.420936
-0.417749
-0.413637
-0.408679
-0.403017
-0.396826
-0.390362
-0.383939
-0.377862
-0.37247
-0.367995
-0.364633
-0.362456
-0.36145
-0.361436
-0.362151
-0.363166
-0.364033
-0.364322
-0.363778
-0.362392
-0.360497
-0.358656
-0.357495
-0.35742
-0.35847
-0.360303
-0.362371
-0.364178
-0.365467
-0.366297
-0.366932
-0.367833
-0.36941
-0.371925
-0.375402
-0.379657
-0.384342
-0.389064
-0.393518
-0.397495
-0.400882
-0.40366
-0.405889
-0.407651
-0.409013
-0.410071
-0.410911
-0.411599
-0.412199
-0.412723
-0.413216
-0.413653
-0.414053
-0.41438
-0.414605
-0.414683
-0.414565
-0.414177
-0.41345
-0.412313
-0.410708
-0.408578
-0.405918
-0.402773
-0.399269
-0.395548
-0.391806
-0.388221
-0.384899
-0.381802
-0.378847
-0.375886
-0.372843
-0.369742
-0.366799
-0.364352
-0.362745
-0.362228
-0.362867
-0.364609
-0.367322
-0.370886
-0.375192
-0.380168
-0.385691
-0.391523
-0.397358
-0.402813
-0.407517
-0.41116
-0.413513
-0.414454
-0.414001
-0.412283
-0.409611
-0.406454
-0.403391
-0.401054
-0.399949
-0.400347
-0.402166
-0.405027
-0.408449
-0.411899
-0.414984
-0.41748
-0.419275
-0.420358
-0.420799
-0.420682
-0.420155
-0.419306
-0.418246
-0.417082
-0.415877
-0.414682
-0.413521
-0.412405
-0.411316
-0.41023
-0.40914
-0.407994
-0.406778
-0.405442
-0.403925
-0.402166
-0.400093
-0.397639
-0.394731
-0.391389
-0.387645
-0.383617
-0.379478
-0.375433
-0.3717
-0.368531
-0.366242
-0.365187
-0.36567
-0.367827
-0.371502
-0.37627
-0.381528
-0.386674
-0.391225
-0.39491
-0.397636
-0.399432
-0.400447
-0.400845
-0.400854
-0.400636
-0.400341
-0.400065
-0.399841
-0.399637
-0.399359
-0.398837
-0.397873
-0.396232
-0.393678
-0.389969
-0.384908
-0.378446
-0.37073
-0.362179
-0.353542
-0.345763
-0.339898
-0.336746
-0.336723
-0.339654
-0.344969
-0.351836
-0.359403
-0.366931
-0.373873
-0.379942
-0.384999
-0.389029
-0.392117
-0.394373
-0.395909
-0.396816
-0.397191
-0.397064
-0.396489
-0.395483
-0.394055
-0.392192
-0.389901
-0.387177
-0.384009
-0.380401
-0.376325
-0.37179
-0.366751
-0.361174
-0.354987
-0.34816
-0.340738
-0.332943
-0.32523
-0.318327
-0.313118
-0.310421
-0.310652
-0.313608
-0.318591
-0.324672
-0.33096
-0.336794
-0.341811
-0.345896
-0.349081
-0.351505
-0.353334
-0.354743
-0.355888
-0.356872
-0.357774
-0.358654
-0.359534
-0.360428
-0.361318
-0.3622
-0.363047
-0.363853
-0.364603
-0.36527
-0.365809
-0.366207
-0.366421
-0.366388
-0.366041
-0.365326
-0.364158
-0.362473
-0.360234
-0.357474
-0.354283
-0.350882
-0.3476
-0.344817
-0.342929
-0.342215
-0.342759
-0.34446
-0.347035
-0.350148
-0.353442
-0.356613
-0.359421
-0.361717
-0.363382
-0.36436
-0.364655
-0.364311
-0.363445
-0.362243
-0.360951
-0.359836
-0.359158
-0.359105
-0.359728
-0.360899
-0.36231
-0.363487
-0.363819
-0.36267
-0.3594
-0.353629
-0.345605
-0.336622
-0.32916
-0.326092
-0.32915
-0.337747
-0.349368
-0.361242
-0.371487
-0.379399
-0.385076
-0.389003
-0.391707
-0.393661
-0.395236
-0.396688
-0.398157
-0.399723
-0.401421
-0.403246
-0.405167
-0.407145
-0.409133
-0.41109
-0.412957
-0.414672
-0.416177
-0.417411
-0.418327
-0.41888
-0.419022
-0.418744
-0.418033
-0.416925
-0.415487
-0.413793
-0.412004
-0.410244
-0.408685
-0.407494
-0.406785
-0.406629
-0.407056
-0.40798
-0.409287
-0.410809
-0.412362
-0.413787
-0.414995
-0.415951
-0.416688
-0.417288
-0.417893
-0.418598
-0.419471
-0.420544
-0.421773
-0.423078
-0.424368
-0.425581
-0.426657
-0.427578
-0.428339
-0.428968
-0.429501
-0.429959
-0.430382
-0.430824
-0.431328
-0.431902
-0.432557
-0.433297
-0.434083
-0.434829
-0.435452
-0.435844
-0.43584
-0.435296
-0.434096
-0.432141
-0.429373
-0.425864
-0.421834
-0.417628
-0.413697
-0.410498
-0.408326
-0.407205
-0.40683
-0.406632
-0.40592
-0.404051
-0.400563
-0.395311
-0.388582
-0.38115
-0.374268
-0.369334
-0.367401
-0.368713
-0.372694
-0.3783
-0.384492
-0.390538
-0.396058
-0.400894
-0.404998
-0.408357
-0.410994
-0.412873
-0.413984
-0.414312
-0.413851
-0.412614
-0.410612
-0.407872
-0.404489
-0.400579
-0.396371
-0.392207
-0.388504
-0.385682
-0.384126
-0.383987
-0.385191
-0.387421
-0.390278
-0.393335
-0.396259
-0.398848
-0.401014
-0.402724
-0.403984
-0.404847
-0.405319
-0.405402
-0.405069
-0.404305
-0.403042
-0.401262
-0.398931
-0.39608
-0.39275
-0.389064
-0.385224
-0.381475
-0.378129
-0.375496
-0.373833
-0.373316
-0.373971
-0.375642
-0.378073
-0.38092
-0.383799
-0.386354
-0.388332
-0.389504
-0.389746
-0.389011
-0.387299
-0.384698
-0.38133
-0.377351
-0.372996
-0.368535
-0.364258
-0.360485
-0.357466
-0.355442
-0.354523
-0.354759
-0.356118
-0.358556
-0.361997
-0.366352
-0.37147
-0.377152
-0.383143
-0.389141
-0.39492
-0.400277
-0.405087
-0.409292
-0.412891
-0.415928
-0.418454
-0.420537
-0.422236
-0.423614
-0.42471
-0.425579
-0.426263
-0.426788
-0.427152
-0.427345
-0.427351
-0.427126
-0.426613
-0.425782
-0.424612
-0.423119
-0.421392
-0.419587
-0.41794
-0.416711
-0.41614
-0.416386
-0.417454
-0.419249
-0.421526
-0.424028
-0.426496
-0.428686
-0.430388
-0.431433
-0.431682
-0.430981
-0.42923
-0.426383
-0.422499
-0.417761
-0.412535
-0.407302
-0.402617
-0.398874
-0.396204
-0.394397
-0.392961
-0.391324
-0.389032
-0.385848
-0.381853
-0.37741
-0.373127
-0.369802
-0.368292
-0.369347
-0.373367
-0.380186
-0.389045
-0.39881
-0.408316
-0.416587
-0.422998
-0.427208
-0.429091
-0.42865
-0.425978
-0.421248
-0.414826
-0.407384
-0.400015
-0.394043
-0.390685
-0.390507
-0.393154
-0.397544
-0.402397
-0.406651
-0.409678
-0.41129
-0.411603
-0.410902
-0.409562
-0.407972
-0.406505
-0.405459
-0.40507
-0.40545
-0.406585
-0.408386
-0.410688
-0.413263
-0.415961
-0.418606
-0.4211
-0.423369
-0.425373
-0.427077
-0.42848
-0.429567
-0.430342
-0.430792
-0.43094
-0.430748
-0.430215
-0.429318
-0.428036
-0.42634
-0.424211
-0.421645
-0.418674
-0.415367
-0.411801
-0.408116
-0.404493
-0.401057
-0.398001
-0.395417
-0.393418
-0.392073
-0.3914
-0.391426
-0.392094
-0.393263
-0.394695
-0.395998
-0.396721
-0.396405
-0.394697
-0.39155
-0.387293
-0.382637
-0.378541
-0.375851
-0.375028
-0.37602
-0.378447
-0.381784
-0.385602
-0.389572
-0.393449
-0.397037
-0.400183
-0.402782
-0.404788
-0.406188
-0.407019
-0.407324
-0.407132
-0.406475
-0.405375
-0.403805
-0.401779
-0.399315
-0.396501
-0.393461
-0.390394
-0.387527
-0.38504
-0.383037
-0.381495
-0.380268
-0.379091
-0.377668
-0.375775
-0.373268
-0.370215
-0.366864
-0.363699
-0.361302
-0.360222
-0.360797
-0.363041
-0.366636
-0.371084
-0.375829
-0.380441
-0.384606
-0.388156
-0.390985
-0.393083
-0.394424
-0.395
-0.394776
-0.393747
-0.391917
-0.389352
-0.386184
-0.382668
-0.37916
-0.376122
-0.37403
-0.373249
-0.373978
-0.376129
-0.379442
-0.383457
-0.387668
-0.391569
-0.394732
-0.396804
-0.397554
-0.396798
-0.394469
-0.390631
-0.385507
-0.379503
-0.373236
-0.367431
-0.362732
-0.359528
-0.357812
-0.357232
-0.357263
-0.357452
-0.357504
-0.35738
-0.35722
-0.357281
-0.357836
-0.359124
-0.361246
-0.364141
-0.367608
-0.37136
-0.375082
-0.378478
-0.381335
-0.383521
-0.385021
-0.385862
-0.386163
-0.386094
-0.385845
-0.385605
-0.385562
-0.385831
-0.386462
-0.387446
-0.388702
-0.390108
-0.391556
-0.392926
-0.394143
-0.395172
-0.395977
-0.396596
-0.397031
-0.397296
-0.3974
-0.397322
-0.396989
-0.396308
-0.395098
-0.393151
-0.390275
-0.386317
-0.381381
-0.375882
-0.370643
-0.366709
-0.364988
-0.36585
-0.368926
-0.373289
-0.377883
-0.38183
-0.384553
-0.385704
-0.385162
-0.382985
-0.379485
-0.37528
-0.371246
-0.368272
-0.366943
-0.36729
-0.368834
-0.37084
-0.372647
-0.373836
-0.374265
-0.373946
-0.372989
-0.37151
-0.36964
-0.367522
-0.365339
-0.363294
-0.361622
-0.360544
-0.360209
-0.360687
-0.361938
-0.363809
-0.366109
-0.368638
-0.371204
-0.373658
-0.375867
-0.377747
-0.379181
-0.380092
-0.380407
-0.380072
-0.379061
-0.37738
-0.375093
-0.372286
-0.369079
-0.36562
-0.362062
-0.358548
-0.355197
-0.352082
-0.349261
-0.34676
-0.344585
-0.342739
-0.341225
-0.340052
-0.339223
-0.338746
-0.338604
-0.338779
-0.339239
-0.339936
-0.340841
-0.341899
-0.343071
-0.344316
-0.345589
-0.346828
-0.347978
-0.349006
-0.349875
-0.350564
-0.351079
-0.351406
-0.351559
-0.351562
-0.351431
-0.351208
-0.350897
-0.350522
-0.350099
-0.349627
-0.349123
-0.348596
-0.348021
-0.347417
-0.346786
-0.346126
-0.345453
-0.344797
-0.344193
-0.343659
-0.343229
-0.342915
-0.3427
-0.342568
-0.342469
-0.342363
-0.342204
-0.341957
-0.341617
-0.341217
-0.340811
-0.340468
-0.340301
-0.340388
-0.34083
-0.341673
-0.342958
-0.344655
-0.346747
-0.349172
-0.351817
-0.354601
-0.357426
-0.360164
-0.362723
-0.364987
-0.366851
-0.36819
-0.368917
-0.368892
-0.367978
-0.366031
-0.362869
-0.358352
-0.352362
-0.344894
-0.336161
-0.326685
-0.317305
-0.309244
-0.303815
-0.302072
-0.304423
-0.310429
-0.319011
-0.328792
-0.338576
-0.347538
-0.355284
-0.361738
-0.367044
-0.371428
-0.375136
-0.378354
-0.381238
-0.383886
-0.386368
-0.388689
-0.390844
-0.392808
-0.394555
-0.396061
-0.397281
-0.398176
-0.3987
-0.398808
-0.398464
-0.397588
-0.396158
-0.394135
-0.391501
-0.388321
-0.384722
-0.380896
-0.377147
-0.373812
-0.371247
-0.369718
-0.369409
-0.370302
-0.372244
-0.374981
-0.378167
-0.381435
-0.38447
-0.386979
-0.388724
-0.389492
-0.389075
-0.387285
-0.383953
-0.379049
-0.372875
-0.366286
-0.360789
-0.358202
-0.359862
-0.365855
-0.374866
-0.384887
-0.394117
-0.401453
-0.406496
-0.40933
-0.410338
-0.409988
-0.408841
-0.407411
-0.406123
-0.405337
-0.405217
-0.40578
-0.406897
-0.408347
-0.409848
-0.411135
-0.411995
-0.412322
-0.412114
-0.411548
-0.410876
-0.410401
-0.410363
-0.410786
-0.411548
-0.412292
-0.412601
-0.412057
-0.410368
-0.407404
-0.403213
-0.397954
-0.391948
-0.385618
-0.379396
-0.373791
-0.369288
-0.366298
-0.365114
-0.365799
-0.368155
-0.371722
-0.375897
-0.380077
-0.383743
-0.386588
-0.38849
-0.389517
-0.389834
-0.389718
-0.389457
-0.38933
-0.38957
-0.390308
-0.391605
-0.393386
-0.395521
-0.397752
-0.399806
-0.401393
-0.402278
-0.402239
-0.401099
-0.398783
-0.395327
-0.390893
-0.385884
-0.380885
-0.376653
-0.373881
-0.373011
-0.374017
-0.376457
-0.379603
-0.382713
-0.385215
-0.386766
-0.387194
-0.386526
-0.384839
-0.382297
-0.379083
-0.375439
-0.3716
-0.367836
-0.364328
-0.3611
-0.357864
-0.353938
-0.348181
-0.339257
-0.326321
-0.31042
-0.295853
-0.289266
-0.29513
-0.311487
-0.331529
-0.34893
-0.360493
-0.365594
-0.364751
-0.358889
-0.349298
-0.337979
-0.327781
-0.321767
-0.321853
-0.327658
-0.336988
-0.347251
-0.356538
-0.364008
-0.369531
-0.37332
-0.375706
-0.376964
-0.377332
-0.376956
-0.375941
-0.374353
-0.37223
-0.36959
-0.366475
-0.362937
-0.359076
-0.355089
-0.351207
-0.347691
-0.344825
-0.342822
-0.341777
-0.34169
-0.342475
-0.343973
-0.346056
-0.348572
-0.351388
-0.354369
-0.357413
-0.360413
-0.36329
-0.366001
-0.368522
-0.370861
-0.37304
-0.375098
-0.377009
-0.378796
-0.380445
-0.381913
-0.383202
-0.384251
-0.385018
-0.385469
-0.385596
-0.385408
-0.384964
-0.384348
-0.383713
-0.38326
-0.383209
-0.383781
-0.385104
-0.38723
-0.390092
-0.393544
-0.397357
-0.401321
-0.405227
-0.408912
-0.412248
-0.415155
-0.417572
-0.419447
-0.420765
-0.421513
-0.421713
-0.421425
-0.420748
-0.419865
-0.418974
-0.418333
-0.418161
-0.418623
-0.419791
-0.421634
-0.423994
-0.426716
-0.42961
-0.432547
-0.435455
-0.438312
-0.441127
-0.443949
-0.446825
-0.449823
-0.453015
-0.456438
-0.460089
-0.463896
-0.467719
-0.471367
-0.474577
-0.477069
-0.478583
-0.47893
-0.47805
-0.476068
-0.473326
-0.470385
-0.467931
-0.466607
-0.466795
-0.468497
-0.471327
-0.474665
-0.477889
-0.480448
-0.482043
-0.482595
-0.482286
-0.481449
-0.480505
-0.479836
-0.479684
-0.480133
-0.481131
-0.482586
-0.484376
-0.486454
-0.488809
-0.491416
-0.494197
-0.497054
-0.499835
-0.502366
-0.504456
-0.505951
-0.506688
-0.506516
-0.5053
-0.502876
-0.499098
-0.493866
-0.487211
-0.479357
-0.470908
-0.462858
-0.456523
-0.453261
-0.453895
-0.458403
-0.46587
-0.474918
-0.48416
-0.492562
-0.499497
-0.504685
-0.508028
-0.50954
-0.509191
-0.506884
-0.502398
-0.495483
-0.485966
-0.474065
-0.460834
-0.448332
-0.439261
-0.435801
-0.438441
-0.445726
-0.45523
-0.464778
-0.472982
-0.479246
-0.483533
-0.486048
-0.48712
-0.487083
-0.486208
-0.484742
-0.482859
-0.480652
-0.478187
-0.47551
-0.472622
-0.46955
-0.466337
-0.463086
-0.45992
-0.457001
-0.454501
-0.452583
-0.45136
-0.450867
-0.451081
-0.451893
-0.453125
-0.454541
-0.455881
-0.456888
-0.457289
-0.456864
-0.455398
-0.452718
-0.448743
-0.443465
-0.437012
-0.42967
-0.421911
-0.414326
-0.407504
-0.401943
-0.397898
-0.395354
-0.394071
-0.393774
-0.394232
-0.395339
-0.397147
-0.399742
-0.403204
-0.407478
-0.412373
-0.417597
-0.422774
-0.427582
-0.431757
-0.435102
-0.437529
-0.439035
-0.439651
-0.439518
-0.438775
-0.437672
-0.436468
-0.435428
-0.434828
-0.434855
-0.435587
-0.436932
-0.438748
-0.440804
-0.442875
-0.444787
-0.44643
-0.44779
-0.448889
-0.449783
-0.450533
-0.451212
-0.451835
-0.452423
-0.452887
-0.453085
-0.45284
-0.451897
-0.449988
-0.44677
-0.441914
-0.435165
-0.426408
-0.415855
-0.40418
-0.392531
-0.38229
-0.374486
-0.369374
-0.366383
-0.364575
-0.363295
-0.362501
-0.362655
-0.364379
-0.368041
-0.37354
-0.380378
-0.387815
-0.395172
-0.401954
-0.407927
-0.413058
-0.41742
-0.421103
-0.4242
-0.426765
-0.428854
-0.43048
-0.431687
-0.432523
-0.433031
-0.433274
-0.433274
-0.433049
-0.432606
-0.431927
-0.430986
-0.429745
-0.428146
-0.426168
-0.423766
-0.420872
-0.417417
-0.413292
-0.408355
-0.402446
-0.395416
-0.387245
-0.378153
-0.368699
-0.359806
-0.352656
-0.348332
-0.347444
-0.349864
-0.354856
-0.361368
-0.368371
-0.375126
-0.381161
-0.386272
-0.390429
-0.393654
-0.396045
-0.397678
-0.398617
-0.398877
-0.39845
-0.39725
-0.395181
-0.392106
-0.387864
-0.382334
-0.375597
-0.367962
-0.360192
-0.35346
-0.349088
-0.347992
-0.350295
-0.355192
-0.361446
-0.367839
-0.373571
-0.378263
-0.38187
-0.38453
-0.386417
-0.387727
-0.388645
-0.389276
-0.389716
-0.390012
-0.390231
-0.390363
-0.390429
-0.390443
-0.390395
-0.390274
-0.390063
-0.389755
-0.389319
-0.388736
-0.387978
-0.387038
-0.385884
-0.384505
-0.382874
-0.381012
-0.378927
-0.37664
-0.374236
-0.371804
-0.36946
-0.367337
-0.365579
-0.364339
-0.363744
-0.363834
-0.364656
-0.366179
-0.368337
-0.370997
-0.374022
-0.377281
-0.380602
-0.383875
-0.387013
-0.389924
-0.392567
-0.394922
-0.397019
-0.398841
-0.400427
-0.401786
-0.402937
-0.403898
-0.404677
-0.405266
-0.405665
-0.405872
-0.405845
-0.405562
-0.405011
-0.404167
-0.403058
-0.401739
-0.400266
-0.398794
-0.397468
-0.396462
-0.395917
-0.395908
-0.396435
-0.397386
-0.398582
-0.399802
-0.4008
-0.401357
-0.401268
-0.400367
-0.398528
-0.395683
-0.391808
-0.386996
-0.381423
-0.375361
-0.36923
-0.363464
-0.358489
-0.354597
-0.351945
-0.350505
-0.350103
-0.350548
-0.351675
-0.353408
-0.355682
-0.358483
-0.361767
-0.365454
-0.3694
-0.373424
-0.377334
-0.380922
-0.384028
-0.386515
-0.388253
-0.389177
-0.38922
-0.388315
-0.38642
-0.383478
-0.379508
-0.374586
-0.368932
-0.362908
-0.357054
-0.351999
-0.348366
-0.346547
-0.34663
-0.34838
-0.351339
-0.354941
-0.358621
-0.361885
-0.364322
-0.365544
-0.36525
-0.363183
-0.359125
-0.352994
-0.344912
-0.335374
-0.325424
-0.31668
-0.310988
-0.309784
-0.313317
-0.320457
-0.329249
-0.337758
-0.344624
-0.349184
-0.351268
-0.351018
-0.348736
-0.344814
-0.339748
-0.334143
-0.32874
-0.324328
-0.32154
-0.320748
-0.32187
-0.324481
-0.327958
-0.331675
-0.335131
-0.338047
-0.340294
-0.3419
-0.342918
-0.343458
-0.343637
-0.343542
-0.343284
-0.342923
-0.342502
-0.342057
-0.341634
-0.341238
-0.340869
-0.340523
-0.340189
-0.339855
-0.339517
-0.339139
-0.33872
-0.338232
-0.337681
-0.337041
-0.336306
-0.33545
-0.334492
-0.333445
-0.332312
-0.331157
-0.330052
-0.329099
-0.328391
-0.328031
-0.3281
-0.328668
-0.329742
-0.331296
-0.333252
-0.335518
-0.337968
-0.340501
-0.343018
-0.345418
-0.347627
-0.349594
-0.351282
-0.352657
-0.35371
-0.354443
-0.354859
-0.35496
-0.354747
-0.354242
-0.353473
-0.352467
-0.351256
-0.349888
-0.348436
-0.346957
-0.345546
-0.344306
-0.343321
-0.342682
-0.342475
-0.342744
-0.343505
-0.344752
-0.346452
-0.348555
-0.350979
-0.353643
-0.356463
-0.359364
-0.362256
-0.365075
-0.367728
-0.370186
-0.372362
-0.374229
-0.375754
-0.376897
-0.377674
-0.378087
-0.378181
-0.377959
-0.377444
-0.37663
-0.375494
-0.373945
-0.371883
-0.369204
-0.365831
-0.361788
-0.357215
-0.352413
-0.347804
-0.343893
-0.341152
-0.339949
-0.340477
-0.342732
-0.346511
-0.35145
-0.357121
-0.363078
-0.368908
-0.374237
-0.378791
-0.382372
-0.384818
-0.385978
-0.385716
-0.383902
-0.380465
-0.375467
-0.369253
-0.362512
-0.356309
-0.351805
-0.349876
-0.350769
-0.353981
-0.358559
-0.363484
-0.367987
-0.371612
-0.37417
-0.375607
-0.37591
-0.375055
-0.372981
-0.369606
-0.364923
-0.359064
-0.352463
-0.345935
-0.340578
-0.337478
-0.337246
-0.339733
-0.344104
-0.349224
-0.354113
-0.358163
-0.361139
-0.363047
-0.364046
-0.364369
-0.364228
-0.363825
-0.363346
-0.362929
-0.362662
-0.362619
-0.36284
-0.36332
-0.364029
-0.364895
-0.365845
-0.366815
-0.367724
-0.368523
-0.369188
-0.369693
-0.370054
-0.370331
-0.370558
-0.370821
-0.371186
-0.371701
-0.372417
-0.373316
-0.374366
-0.375489
-0.376619
-0.377625
-0.378442
-0.378977
-0.379167
-0.378978
-0.378402
-0.377462
-0.376187
-0.374668
-0.373006
-0.37133
-0.369801
-0.368555
-0.367741
-0.36746
-0.367761
-0.368652
-0.370068
-0.371889
-0.373915
-0.375937
-0.377712
-0.379011
-0.379642
-0.379503
-0.378625
-0.377244
-0.375728
-0.374607
-0.374393
-0.375438
-0.377831
-0.381315
-0.385478
-0.389829
-0.393948
-0.397585
-0.400635
-0.403108
-0.405044
-0.406552
-0.407689
-0.408543
-0.40914
-0.409479
-0.40949
-0.409086
-0.408104
-0.406364
-0.403635
-0.399727
-0.394459
-0.387843
-0.380149
-0.371982
-0.364308
-0.358324
-0.355091
-0.355188
-0.358465
-0.36417
-0.371219
-0.378517
-0.385182
-0.390615
-0.394488
-0.396655
-0.397126
-0.395992
-0.393393
-0.389477
-0.384476
-0.378621
-0.372209
-0.365575
-0.359106
-0.35323
-0.348349
-0.344783
-0.342788
-0.342416
-0.343602
-0.346118
-0.349634
-0.353772
-0.358196
-0.362622
-0.366832
-0.370669
-0.374044
-0.376903
-0.379247
-0.381064
-0.382389
-0.383218
-0.383585
-0.383498
-0.382962
-0.382005
-0.38066
-0.378971
-0.376997
-0.374844
-0.372631
-0.370501
-0.368642
-0.367197
-0.366255
-0.365868
-0.365995
-0.366549
-0.3674
-0.368398
-0.369403
-0.370286
-0.370981
-0.371405
-0.371527
-0.371305
-0.370711
-0.369723
-0.368333
-0.366516
-0.364246
-0.361542
-0.358381
-0.354805
-0.35086
-0.346666
-0.342385
-0.338249
-0.334557
-0.33166
-0.329888
-0.329542
-0.330751
-0.333438
-0.337325
-0.341923
-0.346649
-0.35093
-0.354299
-0.356427
-0.357176
-0.356597
-0.35489
-0.352422
-0.349616
-0.346957
-0.344914
-0.343852
-0.344032
-0.345539
-0.348301
-0.352129
-0.356715
-0.361731
-0.366861
-0.371805
-0.376334
-0.380289
-0.383529
-0.385949
-0.387487
-0.388066
-0.387648
-0.386222
-0.383838
-0.380601
-0.376714
-0.372488
-0.36831
-0.364591
-0.361739
-0.359989
-0.35937
-0.359669
-0.360482
-0.361369
-0.361989
-0.362143
-0.36181
-0.361093
-0.360209
-0.359397
-0.358951
-0.359191
-0.360368
-0.3626
-0.365763
-0.369576
-0.373637
-0.377554
-0.381028
-0.38387
-0.386012
-0.387465
-0.388332
-0.388755
-0.38888
-0.388892
-0.388939
-0.389114
-0.38946
-0.389961
-0.390498
-0.390954
-0.391184
-0.39106
-0.390488
-0.389425
-0.387899
-0.385961
-0.38373
-0.381371
-0.379053
-0.376986
-0.375372
-0.374373
-0.374098
-0.374593
-0.375824
-0.377681
-0.379975
-0.382475
-0.38495
-0.387186
-0.389004
-0.390268
-0.390874
-0.390791
-0.38999
-0.388518
-0.386433
-0.383861
-0.380919
-0.377722
-0.374413
-0.371077
-0.367794
-0.364626
-0.361584
-0.358711
-0.355984
-0.353332
-0.350645
-0.34775
-0.344501
-0.340835
-0.336909
-0.333107
-0.330002
-0.32817
-0.327882
-0.32896
-0.330845
-0.33285
-0.334449
-0.335495
-0.336144
-0.336799
-0.337905
-0.339817
-0.342702
-0.346507
-0.351045
-0.35598
-0.360976
-0.365728
-0.37004
-0.373748
-0.376784
-0.379111
-0.38073
-0.381661
-0.381884
-0.381367
-0.380037
-0.37776
-0.374328
-0.369481
-0.36299
-0.354715
-0.344909
-0.33441
-0.324842
-0.318269
-0.316331
-0.319319
-0.326042
-0.33452
-0.342939
-0.35021
-0.355937
-0.360169
-0.363166
-0.365213
-0.366561
-0.367414
-0.367886
-0.368091
-0.368033
-0.367789
-0.367378
-0.366823
-0.366126
-0.365318
-0.364431
-0.363481
-0.362481
-0.361454
-0.36041
-0.359355
-0.358269
-0.357178
-0.356065
-0.354923
-0.353751
-0.352586
-0.351475
-0.350486
-0.349722
-0.349297
-0.349332
-0.349932
-0.351165
-0.353076
-0.355649
-0.358777
-0.362344
-0.366189
-0.37016
-0.374121
-0.377943
-0.381528
-0.384829
-0.387786
-0.39035
-0.392489
-0.394133
-0.395217
-0.395634
-0.395273
-0.393978
-0.391601
-0.387966
-0.382918
-0.376343
-0.368229
-0.358723
-0.348173
-0.337266
-0.326993
-0.31856
-0.313246
-0.312118
-0.315673
-0.323638
-0.334986
-0.348217
-0.361794
-0.374461
-0.38541
-0.394246
-0.400922
-0.405588
-0.408501
-0.409967
-0.410373
-0.410084
-0.409521
-0.409076
-0.409094
-0.409807
-0.411269
-0.413412
-0.41602
-0.418841
-0.421588
-0.424029
-0.425999
-0.427403
-0.428213
-0.428466
-0.428219
-0.427566
-0.426579
-0.425292
-0.423683
-0.421633
-0.418982
-0.415504
-0.411037
-0.405572
-0.399316
-0.392822
-0.386909
-0.382501
-0.380332
-0.380683
-0.383353
-0.387793
-0.393341
-0.399454
-0.405755
-0.411994
-0.418061
-0.423855
-0.429296
-0.434316
-0.438835
-0.442787
-0.44611
-0.448788
-0.450791
-0.452144
-0.45288
-0.45305
-0.45272
-0.451962
-0.450842
-0.449423
-0.44776
-0.445888
-0.443828
-0.441614
-0.439292
-0.43696
-0.434753
-0.432889
-0.431639
-0.431212
-0.431777
-0.433336
-0.43574
-0.438668
-0.441768
-0.444717
-0.44724
-0.449183
-0.450497
-0.451194
-0.451339
-0.451028
-0.450369
-0.44945
-0.448359
-0.447168
-0.445925
-0.444654
-0.443353
-0.442019
-0.440502
-0.438678
-0.436298
-0.433062
-0.428707
-0.423071
-0.416319
-0.409133
-0.402789
-0.398847
-0.398537
-0.4021
-0.408584
-0.416386
-0.423925
-0.430092
-0.434359
-0.436568
-0.436817
-0.435264
-0.43205
-0.427322
-0.421221
-0.413948
-0.4058
-0.397188
-0.388706
-0.381036
-0.374865
-0.370716
-0.368845
-0.369174
-0.37136
-0.374987
-0.379683
-0.38515
-0.391117
-0.397333
-0.403469
-0.409218
-0.414288
-0.418476
-0.421658
-0.423794
-0.424927
-0.425123
-0.424509
-0.423216
-0.42136
-0.419079
-0.416484
-0.413647
-0.410639
-0.407503
-0.404272
-0.400969
-0.397607
-0.394197
-0.390775
-0.387387
-0.384085
-0.380913
-0.377945
-0.375227
-0.372813
-0.370757
-0.369071
-0.367762
-0.366805
-0.366166
-0.365803
-0.365647
-0.365628
-0.365668
-0.365696
-0.365635
-0.365436
-0.365073
-0.364494
-0.363699
-0.362711
-0.361538
-0.360216
-0.358792
-0.357296
-0.355814
-0.354371
-0.353039
-0.351832
-0.350786
-0.349914
-0.349198
-0.348652
-0.348238
-0.347919
-0.347668
-0.347452
-0.347237
-0.347013
-0.346763
-0.346455
-0.346076
-0.345633
-0.345113
-0.344501
-0.343784
-0.34297
-0.342038
-0.340977
-0.339768
-0.338412
-0.336881
-0.335168
-0.333264
-0.331171
-0.328934
-0.326623
-0.32433
-0.322222
-0.320477
-0.319274
-0.31878
-0.319114
-0.320311
-0.322289
-0.32493
-0.328022
-0.331372
-0.334728
-0.337899
-0.340714
-0.343079
-0.344911
-0.346231
-0.347076
-0.34757
-0.34787
-0.34813
-0.348552
-0.34929
-0.350441
-0.352028
-0.354017
-0.356302
-0.358766
-0.361256
-0.363649
-0.365846
-0.367768
-0.369342
-0.370533
-0.37128
-0.371544
-0.37129
-0.370475
-0.369118
-0.367308
-0.365198
-0.363071
-0.361269
-0.360139
-0.359936
-0.36072
-0.362337
-0.364458
-0.366676
-0.368628
-0.370073
-0.370837
-0.370905
-0.370285
-0.369059
-0.367366
-0.365415
-0.363482
-0.361904
-0.361045
-0.361165
-0.362383
-0.364664
-0.367735
-0.371187
-0.374585
-0.37749
-0.379625
-0.380884
-0.381371
-0.38134
-0.381148
-0.381157
-0.381589
-0.382452
-0.383591
-0.384718
-0.385588
-0.386061
-0.38619
-0.386151
-0.386125
-0.386233
-0.386469
-0.386671
-0.38657
-0.385897
-0.38447
-0.382313
-0.379647
-0.37697
-0.374955
-0.374304
-0.375537
-0.378795
-0.383771
-0.389843
-0.396243
-0.402325
-0.407653
-0.412042
-0.415494
-0.418151
-0.420192
-0.421823
-0.42322
-0.424494
-0.425742
-0.426984
-0.428222
-0.42943
-0.430587
-0.431661
-0.432594
-0.433375
-0.433963
-0.434322
-0.434422
-0.43422
-0.433647
-0.432646
-0.431165
-0.429146
-0.426576
-0.423444
-0.419851
-0.415972
-0.412059
-0.408464
-0.405518
-0.403513
-0.402589
-0.402718
-0.403678
-0.405115
-0.406661
-0.407938
-0.408683
-0.408775
-0.408223
-0.407137
-0.405713
-0.404207
-0.402849
-0.401884
-0.401466
-0.401706
-0.402636
-0.404213
-0.406379
-0.409017
-0.412033
-0.415307
-0.41872
-0.42219
-0.425609
-0.428887
-0.431937
-0.434713
-0.437152
-0.439202
-0.440771
-0.441763
-0.442002
-0.441251
-0.439125
-0.435152
-0.428741
-0.419392
-0.407093
-0.392889
-0.379346
-0.370162
-0.368242
-0.373737
-0.383953
-0.395344
-0.405402
-0.41311
-0.41855
-0.422229
-0.424723
-0.426492
-0.427836
-0.428954
-0.429927
-0.430795
-0.431554
-0.432212
-0.43275
-0.433148
-0.433393
-0.433453
-0.433263
-0.43277
-0.431878
-0.430483
-0.428474
-0.425694
-0.422001
-0.417278
-0.411603
-0.405389
-0.399634
-0.395741
-0.395084
-0.398331
-0.404971
-0.413572
-0.422485
-0.430493
-0.437011
-0.441911
-0.445399
-0.447753
-0.449224
-0.449992
-0.450133
-0.449664
-0.448477
-0.446448
-0.443414
-0.439232
-0.43383
-0.427312
-0.419994
-0.412439
-0.405461
-0.399895
-0.396381
-0.395168
-0.39602
-0.398367
-0.401491
-0.404758
-0.407771
-0.410328
-0.412414
-0.41412
-0.415581
-0.416944
-0.418332
-0.419805
-0.421366
-0.42296
-0.424489
-0.42577
-0.42667
-0.427068
-0.42691
-0.426182
-0.424918
-0.42323
-0.421249
-0.419142
-0.417061
-0.415106
-0.413383
-0.411902
-0.410653
-0.409563
-0.408571
-0.407642
-0.406764
-0.405971
-0.405339
-0.404943
-0.404839
-0.405039
-0.405565
-0.406407
-0.407587
-0.40913
-0.411056
-0.413381
-0.416086
-0.419121
-0.422406
-0.425824
-0.429279
-0.432659
-0.435872
-0.438801
-0.441389
-0.443553
-0.445252
-0.446425
-0.447043
-0.44707
-0.446524
-0.445444
-0.44389
-0.441969
-0.439829
-0.437609
-0.435441
-0.433389
-0.431476
-0.429641
-0.427731
-0.425591
-0.423022
-0.419862
-0.416053
-0.411697
-0.4071
-0.4028
-0.399492
-0.397982
-0.3989
-0.402588
-0.408878
-0.417103
-0.426265
-0.43538
-0.443665
-0.450707
-0.456343
-0.460651
-0.463774
-0.465874
-0.467078
-0.467484
-0.467116
-0.46601
-0.464198
-0.461746
-0.458778
-0.455464
-0.452023
-0.448656
-0.445564
-0.442939
-0.440953
-0.439813
-0.439673
-0.440612
-0.442606
-0.445527
-0.449167
-0.45329
-0.457657
-0.462046
-0.466286
-0.470272
-0.474009
-0.477546
-0.480966
-0.484384
-0.487856
-0.491408
-0.494996
-0.498577
-0.502032
-0.505305
-0.508323
-0.511046
-0.513457
-0.515546
-0.517332
-0.51882
-0.519998
-0.520838
-0.521301
-0.521312
-0.520794
-0.519607
-0.517621
-0.514734
-0.510892
-0.506133
-0.500703
-0.495056
-0.489916
-0.486026
-0.484048
-0.484253
-0.486448
-0.490069
-0.494364
-0.498666
-0.502471
-0.505435
-0.507378
-0.508246
-0.507982
-0.506635
-0.504308
-0.501194
-0.497648
-0.494173
-0.491428
-0.490112
-0.490818
-0.493938
-0.499469
-0.50707
-0.516111
-0.525839
-0.53551
-0.544485
-0.552322
-0.558704
-0.56345
-0.566491
-0.567794
-0.567376
-0.565272
-0.56158
-0.556475
-0.550202
-0.543127
-0.535785
-0.5288
-0.522858
-0.518591
-0.516428
-0.516532
-0.51874
-0.522586
-0.527483
-0.532782
-0.537921
-0.542444
-0.546059
-0.548573
