0 -0.77722 0.00341046
1 -0.777094 0.00320239
2 -0.778225 0.0031573
3 -0.779017 0.00303919
4 -0.777018 0.00288242
5 -0.775594 0.00313666
6 -0.775551 0.00267874
7 -0.776956 0.00245443
8 -0.776744 0.00279905
9 -0.780632 0.00284775
10 -0.777925 0.003048
11 -0.775946 0.00300257
12 -0.778345 0.00284499
13 -0.776535 0.0033667
14 -0.778966 0.00294184
15 -0.779538 0.00326147
16 -0.779218 0.0032953
17 -0.779335 0.00376377
18 -0.778392 0.00357763
19 -0.780859 0.00320229
20 -0.779371 0.00284958
21 -0.782199 0.00290271
22 -0.781012 0.00311013
23 -0.781104 0.00316146
24 -0.782279 0.00317464
25 -0.782801 0.0027605
26 -0.783955 0.00230553
27 -0.78227 0.00225427
28 -0.78163 0.00256463
29 -0.779756 0.00242345
30 -0.780341 0.0025074
31 -0.781191 0.0030125
32 -0.782435 0.00342188
33 -0.780442 0.00299124
34 -0.781471 0.00266106
35 -0.78304 0.00239377
36 -0.783074 0.0019165
37 -0.782609 0.00238142
38 -0.78168 0.00224996
39 -0.781318 0.00223178
40 -0.780601 0.00184935
41 -0.781126 0.00207175
42 -0.779471 0.00237862
43 -0.780682 0.00271008
44 -0.781801 0.00227634
45 -0.781612 0.00262237
46 -0.780931 0.00293049
47 -0.782482 0.00267032
48 -0.780251 0.00225472
49 -0.781273 0.00220014
50 -0.782745 0.00224874
51 -0.782392 0.00231306
52 -0.782296 0.00178086
53 -0.783234 0.00166991
54 -0.782372 0.00205959
55 -0.78292 0.00262301
56 -0.78239 0.00259887
57 -0.78461 0.00276757
58 -0.784027 0.00301783
59 -0.783586 0.00286889
60 -0.78255 0.00247871
61 -0.783451 0.00260055
62 -0.781836 0.00283211
63 -0.783789 0.00262159
64 -0.784693 0.00258035
65 -0.783994 0.0027592
66 -0.785188 0.00292507
67 -0.784557 0.00313483
68 -0.785719 0.00310747
69 -0.785719 0.00331159
70 -0.783476 0.00305532
71 -0.785244 0.00315614
72 -0.785758 0.00307838
73 -0.785572 0.00304344
74 -0.784604 0.00325495
75 -0.782549 0.003901
76 -0.78276 0.00377431
77 -0.781556 0.0034206
78 -0.780636 0.00351339
79 -0.781391 0.00324632
80 -0.783062 0.00280357
81 -0.784319 0.00256224
82 -0.782958 0.0021636
83 -0.781462 0.00272543
84 -0.783749 0.00287373
85 -0.784046 0.00276158
86 -0.785236 0.00325296
87 -0.786864 0.00258056
88 -0.785932 0.00272123
89 -0.78662 0.00300907
90 -0.786084 0.00324489
91 -0.784208 0.00375408
92 -0.783459 0.00327259
93 -0.783616 0.00336861
94 -0.785125 0.00335397
95 -0.783122 0.0028886
96 -0.78206 0.00216768
97 -0.783263 0.00222264
98 -0.784306 0.00259258
99 -0.783977 0.00235161
100 -0.78203 0.00274898
101 -0.782202 0.00259319
102 -0.78094 0.00247748
103 -0.781549 0.00219731
104 -0.783149 0.00243925
105 -0.783304 0.00259777
106 -0.782713 0.00245097
107 -0.781983 0.00290614
108 -0.779442 0.00344973
109 -0.78203 0.00283559
110 -0.782516 0.00337646
111 -0.782239 0.00352012
112 -0.783127 0.00362572
113 -0.784151 0.00344729
114 -0.786816 0.00343347
115 -0.785353 0.0037159
116 -0.785492 0.00329059
117 -0.785753 0.00351681
118 -0.78543 0.00302875
119 -0.784913 0.00329555
120 -0.782649 0.00323621
121 -0.784363 0.00325512
122 -0.782007 0.00299097
123 -0.78143 0.00300189
124 -0.78222 0.00334677
125 -0.783083 0.00336545
126 -0.782429 0.00394806
127 -0.781952 0.0037763
128 -0.780967 0.00349876
129 -0.782108 0.00300575
130 -0.785145 0.00332795
131 -0.785081 0.00303555
132 -0.783872 0.00253949
133 -0.783519 0.00335511
134 -0.783126 0.00320825
135 -0.78234 0.00301906
136 -0.784057 0.00275024
137 -0.783141 0.00255016
138 -0.785547 0.00245941
139 -0.784368 0.00242078
140 -0.784219 0.00225295
141 -0.782203 0.00242238
142 -0.783641 0.00233034
143 -0.784449 0.00219334
144 -0.784525 0.00218333
145 -0.786222 0.0024143
146 -0.786132 0.00291478
147 -0.784311 0.00273813
148 -0.786698 0.002499
149 -0.783432 0.00226031
150 -0.782845 0.00266509
151 -0.78226 0.00255879
152 -0.782758 0.00250703
153 -0.781694 0.00302299
154 -0.781045 0.00283954
155 -0.779307 0.00302729
156 -0.779096 0.00293245
157 -0.780177 0.00299361
158 -0.778697 0.00273626
159 -0.777293 0.00272664
160 -0.776608 0.002874
161 -0.777854 0.00244571
162 -0.777611 0.00240823
163 -0.778045 0.00235681
164 -0.778067 0.00207003
165 -0.778155 0.0022158
166 -0.777889 0.00165941
167 -0.777574 0.00188384
168 -0.7777 0.00176761
169 -0.774943 0.0020451
170 -0.775667 0.00217723
171 -0.775828 0.00185366
172 -0.7756 0.00197335
173 -0.776872 0.00178524
174 -0.776272 0.00209067
175 -0.77693 0.00210047
176 -0.777393 0.00195836
177 -0.77743 0.00201655
178 -0.777633 0.00196271
179 -0.777591 0.00195778
180 -0.779402 0.00197888
181 -0.780283 0.00219534
182 -0.7786 0.00225152
183 -0.776694 0.0023085
184 -0.776042 0.00210872
185 -0.778269 0.00198449
186 -0.77587 0.00213595
187 -0.775789 0.00219822
188 -0.776779 0.00253998
189 -0.778092 0.00279196
190 -0.778845 0.00287788
191 -0.781843 0.00244713
192 -0.780804 0.00258113
193 -0.7803 0.00223503
194 -0.779118 0.00245551
195 -0.777726 0.00264578
196 -0.779416 0.00228967
197 -0.778494 0.00207551
198 -0.779419 0.00147238
199 -0.78039 0.00203552
200 -0.780365 0.00192206
201 -0.779582 0.00196943
202 -0.778576 0.00250353
203 -0.780527 0.00264299
204 -0.779203 0.00266255
205 -0.779863 0.00253092
206 -0.781045 0.00258548
207 -0.781138 0.00334982
208 -0.779663 0.00323736
209 -0.778903 0.00360514
210 -0.776971 0.00338017
211 -0.777277 0.00305933
212 -0.776844 0.00318757
213 -0.778206 0.00304476
214 -0.779183 0.0035192
215 -0.779628 0.0034413
216 -0.78126 0.00361273
217 -0.782201 0.00384379
218 -0.782352 0.00362848
219 -0.782982 0.00363061
220 -0.783943 0.00398052
221 -0.783288 0.00375424
222 -0.782607 0.00417635
223 -0.781839 0.00367551
224 -0.779726 0.00391637
225 -0.779092 0.00395136
226 -0.780496 0.00394221
227 -0.780771 0.0039322
228 -0.782526 0.00368138
229 -0.780968 0.00355257
230 -0.780117 0.00316604
231 -0.783638 0.00281165
232 -0.78447 0.00299697
233 -0.784735 0.00324461
234 -0.782954 0.00317493
235 -0.78124 0.00249665
236 -0.780943 0.0024517
237 -0.78165 0.00254735
238 -0.780485 0.00264355
239 -0.778782 0.00210864
240 -0.777521 0.00194742
241 -0.775903 0.00234882
242 -0.777504 0.00266445
243 -0.776473 0.00252574
244 -0.77525 0.0025853
245 -0.777293 0.00221909
246 -0.778788 0.00231465
247 -0.780098 0.00268208
248 -0.778735 0.00299093
249 -0.781079 0.00311184
250 -0.780338 0.00296633
251 -0.782245 0.00301448
252 -0.779425 0.00326168
253 -0.781212 0.00355816
254 -0.780005 0.00337428
255 -0.777913 0.00351237
256 -0.775045 0.0037453
257 -0.775248 0.00343048
258 -0.775954 0.00391218
259 -0.774872 0.00395342
260 -0.773866 0.00422391
261 -0.777331 0.00406607
262 -0.778233 0.00371093
263 -0.780221 0.00314252
264 -0.782976 0.00304896
265 -0.784594 0.00288575
266 -0.783666 0.00361466
267 -0.785391 0.00327156
268 -0.783628 0.0031722
269 -0.784848 0.00292366
270 -0.784731 0.00252042
271 -0.783259 0.00234194
272 -0.785289 0.00232102
273 -0.785305 0.00219684
274 -0.784259 0.00243718
275 -0.78316 0.00289315
276 -0.784188 0.00258881
277 -0.782985 0.00264563
278 -0.780799 0.00340288
279 -0.77788 0.00272965
280 -0.7764 0.00283902
281 -0.776822 0.00319882
282 -0.777931 0.00207763
283 -0.778128 0.00221006
284 -0.776482 0.00257347
285 -0.775575 0.00298121
286 -0.774561 0.00271924
287 -0.774816 0.00305621
288 -0.774958 0.00378852
289 -0.775984 0.00412605
290 -0.775431 0.00413115
291 -0.772152 0.00429512
292 -0.773663 0.00412257
293 -0.773591 0.00360301
294 -0.77342 0.00305893
295 -0.772788 0.0037105
296 -0.772286 0.0039562
297 -0.771782 0.00402727
298 -0.772017 0.00436736
299 -0.768616 0.00459544
