0 1.52246 0
1 1.48824 0.0342199
2 1.52151 0.0387005
3 1.51159 0.0291109
4 1.51647 0.0230717
5 1.52337 0.0200631
6 1.51405 0.0193509
7 1.51846 0.0173294
8 1.51315 0.016178
9 1.51095 0.0146371
10 1.51217 0.0132965
11 1.51049 0.0122548
12 1.50941 0.0113243
13 1.50381 0.0118859
14 1.50185 0.0112372
15 1.50035 0.0106174
16 1.50064 0.00997743
17 1.4968 0.0101616
18 1.49666 0.00961278
19 1.49477 0.00931389
20 1.49472 0.00885943
21 1.49736 0.0088505
22 1.49627 0.00852724
23 1.49804 0.00835461
24 1.49724 0.00805293
25 1.49783 0.00775944
26 1.49825 0.00747783
27 1.49949 0.00731189
28 1.50066 0.00715245
29 1.49915 0.00707386
30 1.4989 0.00684621
31 1.50056 0.00683363
32 1.50182 0.00674117
33 1.50117 0.00657211
34 1.5011 0.00638198
35 1.50153 0.00621746
36 1.50116 0.00605825
37 1.49869 0.00639305
38 1.49982 0.00632844
39 1.49884 0.00624607
40 1.49981 0.00616788
41 1.49998 0.00602166
42 1.49937 0.00591109
43 1.49867 0.00581743
44 1.49903 0.00569825
45 1.49888 0.00557522
46 1.49863 0.00546075
47 1.49881 0.00534864
48 1.49918 0.00525151
49 1.49887 0.0051546
50 1.49989 0.00515439
51 1.50081 0.00513689
52 1.50047 0.00505053
53 1.50003 0.00497547
54 1.49995 0.00488488
55 1.50049 0.00482732
56 1.50072 0.00474769
57 1.50179 0.00478446
58 1.50197 0.00470635
59 1.50255 0.00466341
60 1.50179 0.00464863
61 1.50178 0.00457306
62 1.50141 0.00451492
63 1.50094 0.00446883
64 1.50123 0.004409
65 1.50038 0.00442355
66 1.49982 0.00439306
67 1.50064 0.00440434
68 1.50074 0.00434137
69 1.50099 0.00428597
70 1.49993 0.00435688
71 1.4993 0.00434101
72 1.49942 0.00428278
73 1.49751 0.00463509
74 1.49702 0.00459923
75 1.49617 0.00461682
76 1.49686 0.00460773
77 1.49695 0.00454919
78 1.49692 0.00449137
79 1.49725 0.00444711
80 1.49691 0.00440456
81 1.49777 0.00443523
82 1.49767 0.00438263
83 1.49751 0.00433321
84 1.49818 0.00433336
85 1.49799 0.00428686
86 1.49831 0.00424954
87 1.49766 0.00425049
88 1.49856 0.00429789
89 1.49897 0.00426982
90 1.49922 0.00422997
91 1.49929 0.00418422
92 1.49973 0.00416306
93 1.49944 0.00412925
94 1.49933 0.00408702
95 1.49939 0.00404466
96 1.49952 0.00400484
97 1.4998 0.00397375
98 1.50014 0.00394799
99 1.49975 0.00392773
