0 1.50258 0
1 1.48583 0.0167503
2 1.48031 0.0111326
3 1.4757 0.0091224
4 1.47481 0.00712164
5 1.47254 0.00624468
6 1.48376 0.0124036
7 1.49103 0.0129697
8 1.49378 0.0117635
9 1.49603 0.0107603
10 1.49754 0.00984999
11 1.49459 0.00946423
12 1.50086 0.0107278
13 1.50231 0.0100376
14 1.50456 0.0096111
15 1.50652 0.00920162
16 1.50497 0.00878171
17 1.50334 0.00843794
18 1.50728 0.00890279
19 1.5082 0.0084957
20 1.5074 0.0081209
21 1.50661 0.00778306
22 1.50647 0.0074383
23 1.50575 0.00715777
24 1.50565 0.00686617
25 1.50601 0.00660612
26 1.50395 0.00668175
27 1.50286 0.00653055
28 1.50484 0.00660599
29 1.5037 0.00648243
30 1.50214 0.00646059
31 1.50315 0.00633634
32 1.50235 0.0061938
33 1.50217 0.00601139
34 1.502 0.00583981
35 1.50144 0.00570225
36 1.50276 0.00569941
37 1.50173 0.00564204
38 1.50139 0.00550567
39 1.50004 0.005533
40 1.50142 0.00556796
41 1.50022 0.00556348
42 1.49751 0.0060729
43 1.49818 0.0059708
44 1.49871 0.00586107
45 1.49978 0.00583074
46 1.50048 0.00574846
47 1.49957 0.00570127
48 1.50005 0.00560474
49 1.49898 0.00559449
50 1.499 0.00548372
51 1.4981 0.00545096
52 1.49809 0.00534714
53 1.49782 0.005254
54 1.49809 0.00516438
55 1.4973 0.00513269
56 1.4969 0.00505743
57 1.49695 0.00496973
58 1.49754 0.00492007
59 1.49827 0.00489259
60 1.49876 0.00483621
61 1.5 0.00491588
62 1.49975 0.00484348
63 1.49958 0.00477015
64 1.49847 0.004826
65 1.5006 0.00520751
66 1.50125 0.00516967
67 1.5006 0.00513441
68 1.5001 0.00508421
69 1.49952 0.00504346
70 1.49984 0.00498178
71 1.49898 0.00498657
72 1.49897 0.00491779
73 1.49879 0.00485418
74 1.49926 0.00481152
75 1.49962 0.00476152
76 1.49916 0.00472143
77 1.49847 0.00471122
78 1.4979 0.00468651
79 1.4983 0.00464481
80 1.49773 0.004622
81 1.498 0.00457319
82 1.49803 0.00451784
83 1.49808 0.00446405
84 1.49823 0.0044138
85 1.49832 0.00436307
86 1.49825 0.00431323
87 1.4994 0.00441589
88 1.49958 0.0043696
89 1.49945 0.00432255
90 1.49922 0.00428099
91 1.4988 0.00425538
92 1.49939 0.00425122
93 1.50042 0.00432968
94 1.50004 0.00430092
95 1.50001 0.00425598
96 1.49969 0.00422403
97 1.49939 0.00419121
98 1.49911 0.0041586
99 1.49962 0.00414906
