0 5.04388 0
1 5.01286 0.0310196
2 5.04428 0.0361638
3 5.00683 0.0453459
4 4.98557 0.0410593
5 4.9767 0.0346778
6 4.96395 0.0319624
7 4.98273 0.0334511
8 4.97814 0.0298557
9 4.95696 0.0340845
10 4.95423 0.0309509
11 4.94969 0.0286172
12 4.95535 0.0269247
13 4.96985 0.0288378
14 4.97494 0.0273256
15 4.97325 0.0256165
16 4.97008 0.0242709
17 4.96771 0.0230047
18 4.96705 0.0217703
19 4.97151 0.0211284
20 4.97461 0.0203354
21 4.98092 0.0203894
22 4.98429 0.0197725
23 4.98486 0.0189391
24 4.98548 0.0181766
25 4.98593 0.0174692
26 4.98732 0.0168668
27 4.98706 0.0162552
28 4.98436 0.0159168
29 4.98768 0.0157324
30 4.99185 0.0157783
31 4.99614 0.0158661
32 4.99515 0.0154093
33 4.99306 0.0150944
34 4.99529 0.0148245
35 4.99847 0.0147548
36 5.00336 0.0151611
37 5.00002 0.0151313
38 5.00011 0.0147384
39 4.99774 0.0145593
40 4.99827 0.0142098
41 4.99981 0.0139525
42 4.9982 0.0137189
43 4.99809 0.013404
44 4.9992 0.0131498
45 5.0018 0.0131203
46 5.00348 0.0129478
47 5.00903 0.013838
48 5.01081 0.0136691
49 5.00989 0.0134245
50 5.00838 0.0132456
51 5.01072 0.0131981
52 5.00639 0.0136505
53 5.00494 0.0134736
54 5.00649 0.0133168
55 5.00588 0.0130914
56 5.00643 0.0128718
57 5.00593 0.0126579
58 5.00643 0.0124516
59 5.00484 0.0123458
60 5.00438 0.0121502
61 5.00778 0.0124273
62 5.00767 0.012229
63 5.009 0.0121089
64 5.00752 0.0120128
65 5.00848 0.0118688
66 5.00889 0.0116974
67 5.0093 0.0115316
68 5.00782 0.0114592
69 5.00703 0.0113224
70 5.00731 0.0111655
71 5.00679 0.0110217
72 5.00617 0.0108872
73 5.00709 0.0107784
74 5.00622 0.0106697
75 5.00321 0.0109491
76 5.00359 0.0108125
77 5.00443 0.0107064
78 5.0045 0.0105702
79 5.00297 0.0105487
80 5.00258 0.0104251
81 5.0013 0.0103763
82 5.00341 0.0104655
83 5.00268 0.010366
84 5.00163 0.010297
85 4.99956 0.0103849
86 4.99773 0.0104256
87 4.99897 0.010381
88 4.99924 0.0102672
89 5.00089 0.0102862
90 4.99964 0.0102501
91 5.00089 0.0102151
92 4.9994 0.0102143
93 4.9982 0.0101755
94 4.99756 0.0100882
95 4.99714 0.00999148
96 4.99719 0.0098881
97 4.99617 0.00984012
98 4.99696 0.00977218
99 4.99622 0.00970196
