0 5.12117 0
1 5.06419 0.0569819
2 5.05727 0.0336174
3 5.0498 0.024918
4 5.02666 0.0301342
5 5.03032 0.0248748
6 5.01619 0.0253316
7 5.01664 0.0219426
8 5.011 0.0201571
9 5.01723 0.0190734
10 5.03261 0.0231128
11 5.03161 0.0211225
12 5.03399 0.0195744
13 5.05408 0.0270575
14 5.05929 0.0257223
15 5.05663 0.0242076
16 5.04975 0.0237557
17 5.05287 0.0226133
18 5.04135 0.0242959
19 5.03573 0.0237242
20 5.03005 0.0232698
21 5.02778 0.0223028
22 5.03361 0.022094
23 5.03592 0.0212785
24 5.04316 0.0216581
25 5.04397 0.0208239
26 5.04942 0.0207679
27 5.04451 0.020608
28 5.0516 0.0211125
29 5.04876 0.0205939
30 5.05052 0.0199965
31 5.05019 0.0193643
32 5.04515 0.0194324
33 5.04684 0.0189274
34 5.04106 0.0192658
35 5.03598 0.0193994
36 5.03461 0.0189178
37 5.03437 0.0184148
38 5.03462 0.0179382
39 5.03136 0.0177863
40 5.03158 0.0173484
41 5.02892 0.017137
42 5.0278 0.0167712
43 5.02711 0.0164003
44 5.02877 0.0161176
45 5.02909 0.0157666
46 5.02616 0.0157042
47 5.02546 0.0153893
48 5.02711 0.0151619
49 5.02468 0.015053
50 5.0256 0.0147839
51 5.02441 0.0145459
52 5.02014 0.0148945
53 5.01828 0.0147332
54 5.01696 0.0145236
55 5.01574 0.0143136
56 5.01742 0.0141607
57 5.01816 0.0139338
58 5.01887 0.0137138
59 5.01856 0.0134866
60 5.01778 0.0132869
61 5.01584 0.0132145
62 5.01564 0.0130045
63 5.01371 0.0129449
64 5.01346 0.0127465
65 5.01478 0.012621
66 5.01359 0.0124882
67 5.01382 0.0123053
68 5.01287 0.0121633
69 5.01432 0.0120757
70 5.01422 0.0119048
71 5.01281 0.0118218
72 5.01508 0.0118777
73 5.01577 0.0117361
74 5.01597 0.0115804
75 5.0164 0.0114349
76 5.01919 0.011626
77 5.02193 0.0117986
78 5.02166 0.0116515
79 5.02062 0.0115516
80 5.01948 0.011465
81 5.01791 0.0114333
82 5.01839 0.0113052
83 5.01908 0.0111909
84 5.01993 0.0110907
85 5.01989 0.0109611
86 5.01836 0.0109418
87 5.01992 0.0109289
88 5.02135 0.0109001
89 5.02129 0.0107784
90 5.01929 0.0108457
91 5.02015 0.0107614
92 5.01951 0.0106645
93 5.02073 0.0106212
94 5.02058 0.0105098
95 5.02116 0.0104156
96 5.0213 0.0103087
97 5.02128 0.010203
98 5.0213 0.0100994
99 5.02109 0.00999999
