1.89852
1.89337
1.88421
1.87038
1.85093
1.82456
1.78963
1.74432
1.68693
1.61631
1.53251
1.43759
1.3362
1.23551
1.1439
1.06889
1.01512
0.983574
0.97207
0.976423
0.991664
1.01289
1.03585
1.05723
1.07486
1.08776
1.09603
1.10065
1.10303
1.10453
1.1059
1.10712
1.10745
1.10563
1.10027
1.09027
1.07535
1.05651
1.03587
1.01607
0.999271
0.986512
0.977769
0.972631
0.970912
0.972788
0.978415
0.98745
0.998875
1.0111
1.02232
1.03091
1.03573
1.03619
1.03239
1.02529
1.01656
1.00823
1.00194
0.998377
0.997395
0.99854
1.00142
1.00572
1.01101
1.01652
1.02122
1.02414
1.02486
1.02382
1.02236
1.02212
1.02433
1.02926
1.03617
1.0437
1.05039
1.05528
1.05826
1.05995
1.06121
1.06239
1.06311
1.06253
1.06029
1.05695
1.05361
1.05128
1.05046
1.05118
1.05325
1.05626
1.0597
1.06288
1.06503
1.0655
1.0638
1.05967
1.05307
1.0441
1.08793
1.07265
1.05511
1.03597
1.01646
0.998491
0.984347
0.976039
0.974806
0.981049
0.994137
1.01215
1.03212
1.05099
1.06641
1.07706
1.08253
1.08314
1.07982
1.07397
1.06724
1.06109
1.05625
1.0525
1.04909
1.04554
1.04232
1.04064
1.04181
1.04657
1.05496
1.06647
1.08028
1.09536
1.11041
1.124
1.13471
1.14151
1.14425
1.14382
1.14209
1.14099
1.14131
1.14221
1.14187
1.13876
1.13251
1.1242
1.11606
1.11055
1.10905
1.1111
1.11478
1.11771
1.11791
1.11423
1.10636
1.09488
1.08139
1.06891
1.06142
1.06192
1.06966
1.08016
1.08849
1.09241
1.09301
1.09311
1.09508
1.09963
1.10602
1.11311
1.12016
1.12726
1.13512
1.1442
1.15364
1.16115
1.1642
1.16119
1.15192
1.13771
1.12142
1.10717
1.09893
1.09851
1.10458
1.11393
1.12366
1.1323
1.13947
1.14498
1.14815
1.14789
1.14329
1.13429
1.12176
1.10697
1.09073
1.07297
1.07988
1.05699
1.03466
1.0166
1.00631
1.0055
1.01385
1.02971
1.05083
1.07499
1.10029
1.12515
1.14815
1.16799
1.18344
1.19366
1.19839
1.19811
1.19383
1.18675
1.17788
1.16777
1.15664
1.1445
1.1315
1.11814
1.10553
1.09551
1.09044
1.09252
1.10274
1.12002
1.14136
1.16274
1.18032
1.19141
1.19494
1.19163
1.18358
1.17349
1.16356
1.15488
1.14779
1.14264
1.14022
1.14145
1.14658
1.15486
1.16483
1.17488
1.18341
1.18895
1.19043
1.18761
1.1814
1.17317
1.1636
1.15207
1.1376
1.12029
1.1019
1.08518
1.07288
1.06665
1.06647
1.07064
1.0765
1.08136
1.08324
1.08106
1.07428
1.06258
1.0461
1.02583
1.00405
0.984203
0.970028
0.964367
0.968325
0.981298
1.00166
1.02747
1.0566
1.08659
1.11466
1.13811
1.15481
1.16369
1.16492
1.15989
1.15102
1.14112
1.13235
1.12518
1.11843
1.11017
1.09914
1.0854
1.07015
1.05524
1.08717
1.078
1.07413
1.07418
1.07549
1.07591
1.07472
1.07247
1.07029
1.06923
1.06992
1.07244
1.07647
1.08152
1.08724
1.09359
1.10079
1.10902
1.11817
1.12766
1.13669
1.14459
1.15105
1.15599
1.15903
1.15945
1.15672
1.15145
1.14591
1.14333
1.14642
1.15586
1.17001
1.18561
1.19892
1.2066
1.20626
1.19674
1.17845
1.15347
1.12526
1.09805
1.07578
1.06092
1.05401
1.05413
1.05996
1.0705
1.08483
1.1015
1.11823
1.1323
1.14126
1.14378
1.13991
1.13125
1.1204
1.11021
1.10301
1.10003
1.10133
1.10592
1.11204
1.11761
1.12083
1.12085
1.11821
1.11449
1.1115
1.11028
1.11092
1.11332
1.11789
1.12553
1.13675
1.151
1.16672
1.18201
1.19517
1.20499
1.21083
1.21247
1.21013
1.20429
1.1957
1.18533
1.17425
1.16338
1.15327
1.14409
1.13597
1.12937
1.12508
1.12386
1.12599
1.13084
1.13704
1.14283
1.14693
1.14909
1.10065
1.10252
1.10625
1.1112
1.11563
1.11768
1.11616
1.11122
1.10429
1.09757
1.09304
1.09192
1.09466
1.10149
1.11242
1.12645
1.14098
1.15264
1.15897
1.15949
1.15567
1.15007
1.14536
1.14351
1.14537
1.15058
1.15764
1.16421
1.16782
1.16637
1.15841
1.14321
1.1212
1.09491
1.06937
1.05096
1.04417
1.04881
1.06024
1.07262
1.08161
1.08526
1.08364
1.0783
1.07169
1.06667
1.06578
1.07042
1.0801
1.09259
1.10482
1.11406
1.11869
1.11855
1.11503
1.11083
1.1091
1.11193
1.11914
1.12844
1.13676
1.14171
1.14244
1.13965
1.13505
1.13055
1.12734
1.12557
1.12462
1.12386
1.12299
1.12203
1.12107
1.12016
1.1194
1.1192
1.12016
1.12261
1.12614
1.12941
1.13054
1.12801
1.12172
1.11348
1.10648
1.1036
1.10559
1.11067
1.11601
1.11914
1.11848
1.11308
1.10262
1.08791
1.07138
1.05667
1.04733
1.04515
1.04921
1.05645
1.10508
1.10729
1.10735
1.10796
1.1109
1.11578
1.12146
1.12778
1.13561
1.14583
1.15845
1.17232
1.18548
1.19573
1.20117
1.2007
1.1943
1.18306
1.16895
1.1542
1.14062
1.12904
1.11934
1.11096
1.10356
1.09719
1.09199
1.08755
1.08271
1.07586
1.06572
1.052
1.03581
1.0197
1.00709
1.00139
1.00498
1.01846
1.04034
1.06718
1.09438
1.11749
1.13337
1.14097
1.14123
1.13647
1.12946
1.12249
1.11677
1.11231
1.10826
1.10359
1.0976
1.09031
1.08262
1.07604
1.07228
1.0725
1.07711
1.08571
1.0973
1.11048
1.1234
1.13417
1.14126
1.14404
1.14315
1.14027
1.13739
1.13591
1.13604
1.13689
1.1372
1.13634
1.13496
1.13501
1.13864
1.14663
1.15752
1.16831
1.17581
1.17771
1.17302
1.16223
1.14724
1.13113
1.11744
1.10911
1.10747
1.1121
1.12133
1.13319
1.14612
1.15945
1.17342
1.18824
1.20278
1.21474
1.22159
1.22132
1.09104
1.07535
1.0551
1.03453
1.01928
1.01414
1.02083
1.03715
1.05841
1.07961
1.09691
1.10802
1.11194
1.1087
1.0991
1.08466
1.06765
1.05096
1.03763
1.03026
1.03039
1.03827
1.05299
1.07271
1.095
1.11712
1.13635
1.15024
1.15688
1.15519
1.14513
1.12777
1.1053
1.08092
1.05851
1.04173
1.03293
1.03224
1.03775
1.04667
1.05657
1.06591
1.07372
1.07911
1.081
1.07845
1.07133
1.06084
1.04943
1.0403
1.03644
1.03963
1.04986
1.0652
1.08258
1.09881
1.11146
1.11939
1.12272
1.1225
1.12027
1.11752
1.11532
1.11419
1.11412
1.1148
1.11576
1.11637
1.11586
1.11336
1.10806
1.0994
1.08713
1.0714
1.05291
1.03316
1.01424
0.998332
0.9869
0.980546
0.979344
0.983166
0.991687
1.00425
1.01978
1.03688
1.05415
1.07033
1.08443
1.09576
1.10398
1.10907
1.11123
1.11063
1.1074
1.10156
1.09333
1.08336
1.07265
1.0623
1.89852
1.89337
1.88421
1.87038
1.85093
1.82456
1.78963
1.74432
1.68693
1.61631
1.53251
1.43759
1.3362
1.23551
1.1439
1.06889
1.01512
0.983574
0.97207
0.976423
0.991664
1.01289
1.03585
1.05723
1.07486
1.08776
1.09603
1.10065
1.10303
1.10453
1.1059
1.10712
1.10745
1.10563
1.10027
1.09027
1.07535
1.05651
1.03587
1.01607
0.999271
0.986512
0.977769
0.972631
0.970912
0.972788
0.978415
0.98745
0.998875
1.0111
1.02232
1.03091
1.03573
1.03619
1.03239
1.02529
1.01656
1.00823
1.00194
0.998377
0.997395
0.99854
1.00142
1.00572
1.01101
1.01652
1.02122
1.02414
1.02486
1.02382
1.02236
1.02212
1.02433
1.02926
1.03617
1.0437
1.05039
1.05528
1.05826
1.05995
1.06121
1.06239
1.06311
1.06253
1.06029
1.05695
1.05361
1.05128
1.05046
1.05118
1.05325
1.05626
1.0597
1.06288
1.06503
1.0655
1.0638
1.05967
1.05307
1.0441
1.08793
1.07265
1.05511
1.03597
1.01646
0.998491
0.984347
0.976039
0.974806
0.981049
0.994137
1.01215
1.03212
1.05099
1.06641
1.07706
1.08253
1.08314
1.07982
1.07397
1.06724
1.06109
1.05625
1.0525
1.04909
1.04554
1.04232
1.04064
1.04181
1.04657
1.05496
1.06647
1.08028
1.09536
1.11041
1.124
1.13471
1.14151
1.14425
1.14382
1.14209
1.14099
1.14131
1.14221
1.14187
1.13876
1.13251
1.1242
1.11606
1.11055
1.10905
1.1111
1.11478
1.11771
1.11791
1.11423
1.10636
1.09488
1.08139
1.06891
1.06142
1.06192
1.06966
1.08016
1.08849
1.09241
1.09301
1.09311
1.09508
1.09963
1.10602
1.11311
1.12016
1.12726
1.13512
1.1442
1.15364
1.16115
1.1642
1.16119
1.15192
1.13771
1.12142
1.10717
1.09893
1.09851
1.10458
1.11393
1.12366
1.1323
1.13947
1.14498
1.14815
1.14789
1.14329
1.13429
1.12176
1.10697
1.09073
1.07297
1.07988
1.05699
1.03466
1.0166
1.00631
1.0055
1.01385
1.02971
1.05083
1.07499
1.10029
1.12515
1.14815
1.16799
1.18344
1.19366
1.19839
1.19811
1.19383
1.18675
1.17788
1.16777
1.15664
1.1445
1.1315
1.11814
1.10553
1.09551
1.09044
1.09252
1.10274
1.12002
1.14136
1.16274
1.18032
1.19141
1.19494
1.19163
1.18358
1.17349
1.16356
1.15488
1.14779
1.14264
1.14022
1.14145
1.14658
1.15486
1.16483
1.17488
1.18341
1.18895
1.19043
1.18761
1.1814
1.17317
1.1636
1.15207
1.1376
1.12029
1.1019
1.08518
1.07288
1.06665
1.06647
1.07064
1.0765
1.08136
1.08324
1.08106
1.07428
1.06258
1.0461
1.02583
1.00405
0.984203
0.970028
0.964367
0.968325
0.981298
1.00166
1.02747
1.0566
1.08659
1.11466
1.13811
1.15481
1.16369
1.16492
1.15989
1.15102
1.14112
1.13235
1.12518
1.11843
1.11017
1.09914
1.0854
1.07015
1.05524
1.08717
1.078
1.07413
1.07418
1.07549
1.07591
1.07472
1.07247
1.07029
1.06923
1.06992
1.07244
1.07647
1.08152
1.08724
1.09359
1.10079
1.10902
1.11817
1.12766
1.13669
1.14459
1.15105
1.15599
1.15903
1.15945
1.15672
1.15145
1.14591
1.14333
1.14642
1.15586
1.17001
1.18561
1.19892
1.2066
1.20626
1.19674
1.17845
1.15347
1.12526
1.09805
1.07578
1.06092
1.05401
1.05413
1.05996
1.0705
1.08483
1.1015
1.11823
1.1323
1.14126
1.14378
1.13991
1.13125
1.1204
1.11021
1.10301
1.10003
1.10133
1.10592
1.11204
1.11761
1.12083
1.12085
1.11821
1.11449
1.1115
1.11028
1.11092
1.11332
1.11789
1.12553
1.13675
1.151
1.16672
1.18201
1.19517
1.20499
1.21083
1.21247
1.21013
1.20429
1.1957
1.18533
1.17425
1.16338
1.15327
1.14409
1.13597
1.12937
1.12508
1.12386
1.12599
1.13084
1.13704
1.14283
1.14693
1.14909
1.10065
1.10252
1.10625
1.1112
1.11563
1.11768
1.11616
1.11122
1.10429
1.09757
1.09304
1.09192
1.09466
1.10149
1.11242
1.12645
1.14098
1.15264
1.15897
1.15949
1.15567
1.15007
1.14536
1.14351
1.14537
1.15058
1.15764
1.16421
1.16782
1.16637
1.15841
1.14321
1.1212
1.09491
1.06937
1.05096
1.04417
1.04881
1.06024
1.07262
1.08161
1.08526
1.08364
1.0783
1.07169
1.06667
1.06578
1.07042
1.0801
1.09259
1.10482
1.11406
1.11869
1.11855
1.11503
1.11083
1.1091
1.11193
1.11914
1.12844
1.13676
1.14171
1.14244
1.13965
1.13505
1.13055
1.12734
1.12557
1.12462
1.12386
1.12299
1.12203
1.12107
1.12016
1.1194
1.1192
1.12016
1.12261
1.12614
1.12941
1.13054
1.12801
1.12172
1.11348
1.10648
1.1036
1.10559
1.11067
1.11601
1.11914
1.11848
1.11308
1.10262
1.08791
1.07138
1.05667
1.04733
1.04515
1.04921
1.05645
1.10508
1.10729
1.10735
1.10796
1.1109
1.11578
1.12146
1.12778
1.13561
1.14583
1.15845
1.17232
1.18548
1.19573
1.20117
1.2007
1.1943
1.18306
1.16895
1.1542
1.14062
1.12904
1.11934
1.11096
1.10356
1.09719
1.09199
1.08755
1.08271
1.07586
1.06572
1.052
1.03581
1.0197
1.00709
1.00139
1.00498
1.01846
1.04034
1.06718
1.09438
1.11749
1.13337
1.14097
1.14123
1.13647
1.12946
1.12249
1.11677
1.11231
1.10826
1.10359
1.0976
1.09031
1.08262
1.07604
1.07228
1.0725
1.07711
1.08571
1.0973
1.11048
1.1234
1.13417
1.14126
1.14404
1.14315
1.14027
1.13739
1.13591
1.13604
1.13689
1.1372
1.13634
1.13496
1.13501
1.13864
1.14663
1.15752
1.16831
1.17581
1.17771
1.17302
1.16223
1.14724
1.13113
1.11744
1.10911
1.10747
1.1121
1.12133
1.13319
1.14612
1.15945
1.17342
1.18824
1.20278
1.21474
1.22159
1.22132
1.09104
1.07535
1.0551
1.03453
1.01928
1.01414
1.02083
1.03715
1.05841
1.07961
1.09691
1.10802
1.11194
1.1087
1.0991
1.08466
1.06765
1.05096
1.03763
1.03026
1.03039
1.03827
1.05299
1.07271
1.095
1.11712
1.13635
1.15024
1.15688
1.15519
1.14513
1.12777
1.1053
1.08092
1.05851
1.04173
1.03293
1.03224
1.03775
1.04667
1.05657
1.06591
1.07372
1.07911
1.081
1.07845
1.07133
1.06084
1.04943
1.0403
1.03644
1.03963
1.04986
1.0652
1.08258
1.09881
1.11146
1.11939
1.12272
1.1225
1.12027
1.11752
1.11532
1.11419
1.11412
1.1148
1.11576
1.11637
1.11586
1.11336
1.10806
1.0994
1.08713
1.0714
1.05291
1.03316
1.01424
0.998332
0.9869
0.980546
0.979344
0.983166
0.991687
1.00425
1.01978
1.03688
1.05415
1.07033
1.08443
1.09576
1.10398
1.10907
1.11123
1.11063
1.1074
1.10156
1.09333
1.08336
1.07265
1.0623
1.89852
1.89337
1.88421
1.87038
1.85093
1.82456
1.78963
1.74432
1.68693
1.61631
1.53251
1.43759
1.3362
1.23551
1.1439
1.06889
1.01512
0.983574
0.97207
0.976423
0.991664
1.01289
1.03585
1.05723
1.07486
1.08776
1.09603
1.10065
1.10303
1.10453
1.1059
1.10712
1.10745
1.10563
1.10027
1.09027
1.07535
1.05651
1.03587
1.01607
0.999271
0.986512
0.977769
0.972631
0.970912
0.972788
0.978415
0.98745
0.998875
1.0111
1.02232
1.03091
1.03573
1.03619
1.03239
1.02529
1.01656
1.00823
1.00194
0.998377
0.997395
0.99854
1.00142
1.00572
1.01101
1.01652
1.02122
1.02414
1.02486
1.02382
1.02236
1.02212
1.02433
1.02926
1.03617
1.0437
1.05039
1.05528
1.05826
1.05995
1.06121
1.06239
1.06311
1.06253
1.06029
1.05695
1.05361
1.05128
1.05046
1.05118
1.05325
1.05626
1.0597
1.06288
1.06503
1.0655
1.0638
1.05967
1.05307
1.0441
1.08793
1.07265
1.05511
1.03597
1.01646
0.998491
0.984347
0.976039
0.974806
0.981049
0.994137
1.01215
1.03212
1.05099
1.06641
1.07706
1.08253
1.08314
1.07982
1.07397
1.06724
1.06109
1.05625
1.0525
1.04909
1.04554
1.04232
1.04064
1.04181
1.04657
1.05496
1.06647
1.08028
1.09536
1.11041
1.124
1.13471
1.14151
1.14425
1.14382
1.14209
1.14099
1.14131
1.14221
1.14187
1.13876
1.13251
1.1242
1.11606
1.11055
1.10905
1.1111
1.11478
1.11771
1.11791
1.11423
1.10636
1.09488
1.08139
1.06891
1.06142
1.06192
1.06966
1.08016
1.08849
1.09241
1.09301
1.09311
1.09508
1.09963
1.10602
1.11311
1.12016
1.12726
1.13512
1.1442
1.15364
1.16115
1.1642
1.16119
1.15192
1.13771
1.12142
1.10717
1.09893
1.09851
1.10458
1.11393
1.12366
1.1323
1.13947
1.14498
1.14815
1.14789
1.14329
1.13429
1.12176
1.10697
1.09073
1.07297
1.07988
1.05699
1.03466
1.0166
1.00631
1.0055
1.01385
1.02971
1.05083
1.07499
1.10029
1.12515
1.14815
1.16799
1.18344
1.19366
1.19839
1.19811
1.19383
1.18675
1.17788
1.16777
1.15664
1.1445
1.1315
1.11814
1.10553
1.09551
1.09044
1.09252
1.10274
1.12002
1.14136
1.16274
1.18032
1.19141
1.19494
1.19163
1.18358
1.17349
1.16356
1.15488
1.14779
1.14264
1.14022
1.14145
1.14658
1.15486
1.16483
1.17488
1.18341
1.18895
1.19043
1.18761
1.1814
1.17317
1.1636
1.15207
1.1376
1.12029
1.1019
1.08518
1.07288
1.06665
1.06647
1.07064
1.0765
1.08136
1.08324
1.08106
1.07428
1.06258
1.0461
1.02583
1.00405
0.984203
0.970028
0.964367
0.968325
0.981298
1.00166
1.02747
1.0566
1.08659
1.11466
1.13811
1.15481
1.16369
1.16492
1.15989
1.15102
1.14112
1.13235
1.12518
1.11843
1.11017
1.09914
1.0854
1.07015
1.05524
1.08717
1.078
1.07413
1.07418
1.07549
1.07591
1.07472
1.07247
1.07029
1.06923
1.06992
1.07244
1.07647
1.08152
1.08724
1.09359
1.10079
1.10902
1.11817
1.12766
1.13669
1.14459
1.15105
1.15599
1.15903
1.15945
1.15672
1.15145
1.14591
1.14333
1.14642
1.15586
1.17001
1.18561
1.19892
1.2066
1.20626
1.19674
1.17845
1.15347
1.12526
1.09805
1.07578
1.06092
1.05401
1.05413
1.05996
1.0705
1.08483
1.1015
1.11823
1.1323
1.14126
1.14378
1.13991
1.13125
1.1204
1.11021
1.10301
1.10003
1.10133
1.10592
1.11204
1.11761
1.12083
1.12085
1.11821
1.11449
1.1115
1.11028
1.11092
1.11332
1.11789
1.12553
1.13675
1.151
1.16672
1.18201
1.19517
1.20499
1.21083
1.21247
1.21013
1.20429
1.1957
1.18533
1.17425
1.16338
1.15327
1.14409
1.13597
1.12937
1.12508
1.12386
1.12599
1.13084
1.13704
1.14283
1.14693
1.14909
1.10065
1.10252
1.10625
1.1112
1.11563
1.11768
1.11616
1.11122
1.10429
1.09757
1.09304
1.09192
1.09466
1.10149
1.11242
1.12645
1.14098
1.15264
1.15897
1.15949
1.15567
1.15007
1.14536
1.14351
1.14537
1.15058
1.15764
1.16421
1.16782
1.16637
1.15841
1.14321
1.1212
1.09491
1.06937
1.05096
1.04417
1.04881
1.06024
1.07262
1.08161
1.08526
1.08364
1.0783
1.07169
1.06667
1.06578
1.07042
1.0801
1.09259
1.10482
1.11406
1.11869
1.11855
1.11503
1.11083
1.1091
1.11193
1.11914
1.12844
1.13676
1.14171
1.14244
1.13965
1.13505
1.13055
1.12734
1.12557
1.12462
1.12386
1.12299
1.12203
1.12107
1.12016
1.1194
1.1192
1.12016
1.12261
1.12614
1.12941
1.13054
1.12801
1.12172
1.11348
1.10648
1.1036
1.10559
1.11067
1.11601
1.11914
1.11848
1.11308
1.10262
1.08791
1.07138
1.05667
1.04733
1.04515
1.04921
1.05645
1.10508
1.10729
1.10735
1.10796
1.1109
1.11578
1.12146
1.12778
1.13561
1.14583
1.15845
1.17232
1.18548
1.19573
1.20117
1.2007
1.1943
1.18306
1.16895
1.1542
1.14062
1.12904
1.11934
1.11096
1.10356
1.09719
1.09199
1.08755
1.08271
1.07586
1.06572
1.052
1.03581
1.0197
1.00709
1.00139
1.00498
1.01846
1.04034
1.06718
1.09438
1.11749
1.13337
1.14097
1.14123
1.13647
1.12946
1.12249
1.11677
1.11231
1.10826
1.10359
1.0976
1.09031
1.08262
1.07604
1.07228
1.0725
1.07711
1.08571
1.0973
1.11048
1.1234
1.13417
1.14126
1.14404
1.14315
1.14027
1.13739
1.13591
1.13604
1.13689
1.1372
1.13634
1.13496
1.13501
1.13864
1.14663
1.15752
1.16831
1.17581
1.17771
1.17302
1.16223
1.14724
1.13113
1.11744
1.10911
1.10747
1.1121
1.12133
1.13319
1.14612
1.15945
1.17342
1.18824
1.20278
1.21474
1.22159
1.22132
1.09104
1.07535
1.0551
1.03453
1.01928
1.01414
1.02083
1.03715
1.05841
1.07961
1.09691
1.10802
1.11194
1.1087
1.0991
1.08466
1.06765
1.05096
1.03763
1.03026
1.03039
1.03827
1.05299
1.07271
1.095
1.11712
1.13635
1.15024
1.15688
1.15519
1.14513
1.12777
1.1053
1.08092
1.05851
1.04173
1.03293
1.03224
1.03775
1.04667
1.05657
1.06591
1.07372
1.07911
1.081
1.07845
1.07133
1.06084
1.04943
1.0403
1.03644
1.03963
1.04986
1.0652
1.08258
1.09881
1.11146
1.11939
1.12272
1.1225
1.12027
1.11752
1.11532
1.11419
1.11412
1.1148
1.11576
1.11637
1.11586
1.11336
1.10806
1.0994
1.08713
1.0714
1.05291
1.03316
1.01424
0.998332
0.9869
0.980546
0.979344
0.983166
0.991687
1.00425
1.01978
1.03688
1.05415
1.07033
1.08443
1.09576
1.10398
1.10907
1.11123
1.11063
1.1074
1.10156
1.09333
1.08336
1.07265
1.0623
