-5.07026
-5.05937
-5.0476
-5.03558
-5.02092
-5.00645
-4.99476
-4.99133
-5.00044
-5.02039
-5.04627
-5.07445
-5.10042
-5.12191
-5.13803
-5.14829
-5.15181
-5.1494
-5.13979
-5.12574
-5.107
-5.08734
-5.06832
-5.0541
-5.04506
-5.03863
-5.03341
-5.0282
-5.02313
-5.0202
-5.01809
-5.01689
-5.01677
-5.01561
-5.01092
-5.00246
-4.98876
-4.97349
-4.95347
-4.93531
-4.91665
-4.90366
-4.89754
-4.90091
-4.91195
-4.93122
-4.9583
-4.98898
-5.0192
-5.04609
-5.06796
-5.08437
-5.09214
-5.09286
-5.08651
-5.07376
-5.06004
-5.04744
-5.03994
-5.03836
-5.03973
-5.04022
-5.03626
-5.02793
-5.01512
-5.00047
-4.9873
-4.9784
-4.97313
-4.97086
-4.97015
-4.96896
-4.96506
-4.95883
-4.94778
-4.93761
-4.92723
-4.91927
-4.915
-4.9168
-4.92323
-4.93262
-4.94604
-4.96398
-4.9834
-5.00143
-5.01704
-5.02946
-5.03559
-5.0359
-5.03174
-5.02405
-5.01352
-5.00455
-4.99619
-4.9876
-4.98087
-4.97509
-4.96939
-4.96483
-4.96293
-4.96403
-4.97106
-4.98025
-4.99306
-5.00576
-5.01601
-5.02302
-5.02847
-5.03295
-5.0367
-5.03916
-5.03746
-5.03402
-5.03038
-5.027
-5.02903
-5.03575
-5.04608
-5.05923
-5.07038
-5.07876
-5.08264
-5.08231
-5.0804
-5.08164
-5.08637
-5.09676
-5.10911
-5.12193
-5.13268
-5.1393
-5.14136
-5.13988
-5.13848
-5.13695
-5.13519
-5.13116
-5.12476
-5.11806
-5.11169
-5.1074
-5.10463
-5.10222
-5.10208
-5.1009
-5.10071
-5.10064
-5.1016
-5.10368
-5.10828
-5.11453
-5.12043
-5.1274
-5.13088
-5.13009
-5.1228
-5.10762
-5.08393
-5.0544
-5.02002
-4.98814
-4.96211
-4.94507
-4.93795
-4.94229
-4.95196
-4.96305
-4.97335
-4.97934
-4.97917
-4.97801
-4.97417
-4.9745
-4.98371
-5.0033
-5.03282
-5.07019
-5.11088
-5.14976
-5.18173
-5.20593
-5.22057
-5.22527
-5.21975
-5.20574
-5.18609
-5.16146
-5.13549
-5.11171
-5.09211
-5.07837
-5.07207
-5.07354
-5.08083
-5.09002
-5.0996
-5.10857
-5.11291
-5.11283
-5.10669
-5.0966
-5.08199
-5.06597
-5.05012
-5.03754
-5.03068
-5.02815
-5.03127
-5.03759
-5.04536
-5.05339
-5.05986
-5.06612
-5.07102
-5.07687
-5.08093
-5.0843
-5.08397
-5.07853
-5.06651
-5.04883
-5.02607
-5.00049
-4.97762
-4.96124
-4.95692
-4.96434
-4.98479
-5.01385
-5.04877
-5.08583
-5.12233
-5.15699
-5.18842
-5.21495
-5.23416
-5.24523
-5.24798
-5.24002
-5.22597
-5.20846
-5.19056
-5.17779
-5.17061
-5.16843
-5.17019
-5.17175
-5.17522
-5.17582
-5.17656
-5.17773
-5.17838
-5.17845
-5.17794
-5.17274
-5.16222
-5.14715
-5.12891
-5.10902
-5.08599
-5.06472
-5.04505
-5.02808
-5.01398
-5.0021
-4.99309
-4.9876
-4.98994
-4.99643
-5.00974
-5.02647
-5.04282
-5.05722
-5.0705
-5.08133
-5.09038
-5.09526
-5.09591
-5.0929
-5.08916
-5.08332
-5.07885
-5.07694
-5.07662
-5.07932
-5.08304
-5.08557
-5.08339
-5.07428
-5.05792
-5.03528
-5.00788
-4.97674
-4.9457
-4.9158
-4.88912
-4.86682
-4.84933
-4.83882
-4.83843
-4.85016
-4.87319
-4.9045
-4.9396
-4.9738
-5.00339
-5.02464
-5.03887
-5.04676
-5.04935
-5.04893
-5.04709
-5.04523
-5.04491
-5.04634
-5.04991
-5.05455
-5.0593
-5.06028
-5.05652
-5.047
-5.03397
-5.0221
-5.01213
-5.00861
-5.01229
-5.02573
-5.04764
-5.07727
-5.10886
-5.13976
-5.16719
-5.19064
-5.21006
-5.225
-5.23564
-5.23938
-5.23748
-5.22648
-5.20511
-5.17571
-5.1393
-5.10026
-5.06038
-5.02239
-4.98983
-4.96562
-4.95133
-4.94967
-4.95973
-4.97491
-4.99086
-5.0055
-5.01747
-5.02767
-5.03827
-5.05251
-5.07061
-5.09358
-5.11876
-5.14327
-5.16623
-5.18609
-5.20049
-5.20987
-5.21397
-5.21227
-5.20724
-5.19915
-5.18741
-5.17463
-5.15867
-5.13849
-5.11657
-5.09238
-5.06755
-5.04669
-5.02918
-5.02013
-5.01914
-5.02634
-5.03793
-5.05328
-5.06657
-5.07788
-5.08599
-5.09229
-5.09937
-5.10822
-5.11595
-5.11956
-5.11768
-5.10775
-5.09163
-5.07226
-5.05217
-5.03601
-5.02491
-5.02033
-5.01938
-5.02332
-5.03152
-5.04267
-5.05706
-5.07216
-5.08778
-5.10373
-5.11887
-5.13076
-5.13934
-5.14509
-5.14567
-5.14232
-5.13768
-5.12928
-5.11888
-5.1073
-5.09185
-5.07544
-5.05806
-5.04497
-5.03631
-5.03602
-5.04577
-5.06134
-5.07769
-5.09338
-5.10357
-5.10874
-5.10635
-5.09726
-5.08337
-5.06624
-5.05115
-5.0429
-5.04116
-5.04782
-5.05865
-5.07044
-5.08086
-5.0895
-5.09591
-5.10238
-5.10677
-5.11257
-5.12102
-5.13017
-5.14332
-5.15772
-5.17121
-5.18633
-5.19954
-5.20869
-5.2147
-5.21822
-5.21815
-5.21572
-5.20979
-5.20148
-5.19102
-5.17745
-5.16311
-5.14462
-5.1248
-5.1019
-5.07468
-5.04683
-5.02088
-5.00081
-4.98976
-4.98645
-4.98772
-4.98992
-4.99125
-4.99292
-4.99405
-5.00063
-5.01077
-5.02423
-5.03662
-5.04754
-5.05691
-5.06306
-5.06629
-5.06431
-5.05709
-5.04542
-5.03059
-5.01689
-5.00661
-4.99975
-4.9958
-4.99209
-4.98511
-4.97663
-4.96628
-4.9574
-4.9511
-4.95028
-4.95848
-4.97063
-4.98458
-4.99905
-5.01058
-5.01783
-5.02105
-5.02269
-5.02684
-5.03585
-5.04684
-5.06102
-5.07337
-5.07802
-5.07626
-5.06869
-5.05837
-5.04741
-5.0388
-5.03349
-5.03135
-5.02944
-5.02467
-5.0186
-5.01559
-5.01543
-5.01903
-5.02721
-5.0367
-5.05036
-5.06458
-5.08149
-5.0947
-5.10432
-5.11087
-5.11198
-5.11014
-5.10203
-5.08814
-5.06709
-5.04417
-5.02141
-4.99949
-4.98316
-4.973
-4.97179
-4.97783
-4.99201
-5.00956
-5.0285
-5.04767
-5.06519
-5.08146
-5.09281
-5.09941
-5.10385
-5.10446
-5.10102
-5.09635
-5.08801
-5.07674
-5.06494
-5.05373
-5.04341
-5.035
-5.02618
-5.01598
-5.00512
-4.99507
-4.98796
-4.98493
-4.98495
-4.99135
-5.00159
-5.01751
-5.03756
-5.0605
-5.08323
-5.10331
-5.11509
-5.11548
-5.10649
-5.08985
-5.07084
-5.05392
-5.04667
-5.05241
-5.07166
-5.10054
-5.13574
-5.17055
-5.20148
-5.22242
-5.23251
-5.23241
-5.22343
-5.20616
-5.18294
-5.15374
-5.12034
-5.08242
-5.04375
-5.00439
-4.97223
-4.95257
-4.94778
-4.958
-4.9803
-5.00831
-5.0354
-5.05913
-5.07627
-5.08638
-5.088
-5.08573
-5.08203
-5.08126
-5.08765
-5.10183
-5.12264
-5.14621
-5.16802
-5.18369
-5.19266
-5.19464
-5.19009
-5.18154
-5.17575
-5.17259
-5.17541
-5.18226
-5.18942
-5.19152
-5.18649
-5.17226
-5.15197
-5.12649
-5.10054
-5.07815
-5.06377
-5.05673
-5.05712
-5.06377
-5.07177
-5.08065
-5.08712
-5.0919
-5.09231
-5.09044
-5.08768
-5.08354
-5.08313
-5.08443
-5.08855
-5.09458
-5.10189
-5.10877
-5.11272
-5.1121
-5.10906
-5.1019
-5.09239
-5.08203
-5.07374
-5.06802
-5.067
-5.07127
-5.07973
-5.08946
-5.09912
-5.10648
-5.11166
-5.11386
-5.11529
-5.11492
-5.11409
-5.11744
-5.12286
-5.12785
-5.13127
-5.13268
-5.1307
-5.12453
-5.11519
-5.10355
-5.08727
-5.07195
-5.05532
-5.04373
-5.03959
-5.04196
-5.05293
-5.06995
-5.09005
-5.10844
-5.12157
-5.12717
-5.12519
-5.11806
-5.10627
-5.09121
-5.07782
-5.06513
-5.05587
-5.05149
-5.0539
-5.0611
-5.07323
-5.08825
-5.10309
-5.11476
-5.12026
-5.11961
-5.11342
-5.10591
-5.09876
-5.09418
-5.09463
-5.09849
-5.10528
-5.10973
-5.11208
-5.11094
-5.1075
-5.10279
-5.09788
-5.09298
-5.08939
-5.087
-5.08538
-5.08586
-5.08624
-5.08731
-5.08758
-5.08839
-5.08931
-5.09087
-5.09238
-5.09175
-5.08968
-5.08435
-5.07856
-5.07435
-5.07316
-5.07719
-5.08712
-5.09946
-5.11249
-5.12292
-5.12919
-5.12843
-5.12096
-5.10748
-5.09336
-5.08239
-5.079
-5.08433
-5.09643
-5.11209
-5.1293
-5.14481
-5.15815
-5.16547
-5.16766
-5.16553
-5.15577
-5.13986
-5.11633
-5.08735
-5.05361
-5.01862
-4.98744
-4.96428
-4.95229
-4.94952
-4.95713
-4.9708
-4.98801
-5.00593
-5.02246
-5.04162
-5.0601
-5.0795
-5.09758
-5.11293
-5.12231
-5.12147
-5.10932
-5.08836
-5.06617
-5.05002
-5.03797
-5.02516
-5.00896
-4.98983
-4.97241
-4.96051
-4.95776
-4.96299
-4.97516
-4.99188
-5.01272
-5.03795
-5.06582
-5.09558
-5.12349
-5.14732
-5.16311
-5.17044
-5.16816
-5.15858
-5.14536
-5.1325
-5.12439
-5.12046
-5.12061
-5.1229
-5.12515
-5.12812
-5.12951
-5.1253
-5.11613
-5.10202
-5.08362
-5.06467
-5.04694
-5.03504
-5.02916
-5.02876
-5.03184
-5.03676
-5.04454
-5.05337
-5.06208
-5.06935
-5.07396
-5.07458
-5.07502
-5.07577
-5.07912
-5.08547
-5.09808
-5.11494
-5.13325
-5.15117
-5.16705
-5.17668
-5.17804
-5.16794
-5.14621
-5.11691
-5.08209
-5.04728
-5.01909
-5.00165
-4.99783
-5.00755
-5.02851
-5.05562
-5.08388
-5.11155
-5.13539
-5.15442
-5.1663
-5.17185
-5.16772
-5.15487
-5.13175
-5.10182
-5.07287
-5.04814
-5.03083
-5.02227
-5.01777
-5.01641
-5.01868
-5.02455
-5.03525
-5.05004
-5.06904
-5.09119
-5.11415
-5.13394
-5.1493
-5.1579
-5.15797
-5.15364
-5.146
-5.13737
-5.1318
-5.13053
-5.13505
-5.14536
-5.15946
-5.17488
-5.18639
-5.19155
-5.18985
-5.182
-5.17023
-5.15358
-5.13203
-5.10961
-5.08298
-5.05932
-5.03799
-5.02157
-5.0143
-5.01559
-5.02646
-5.04248
-5.06175
-5.07912
-5.09546
-5.10614
-5.11194
-5.11371
-5.1121
-5.10868
-5.10562
-5.1043
-5.10583
-5.10594
-5.10362
-5.09669
-5.08274
-5.06417
-5.0429
-5.02152
-5.00144
-4.98627
-4.97668
-4.97509
-4.98239
-4.99862
-5.02152
-5.04914
-5.07532
-5.09602
-5.10777
-5.11034
-5.10445
-5.09142
-5.07558
-5.05638
-5.0387
-5.02524
-5.02041
-5.02411
-5.04071
-5.06774
-5.09996
-5.13337
-5.16102
-5.18226
-5.19726
-5.20479
-5.20806
-5.20686
-5.20455
-5.20034
-5.1971
-5.19609
-5.19591
-5.19666
-5.19588
-5.19332
-5.18659
-5.17799
-5.16557
-5.1472
-5.12599
-5.10113
-5.07278
-5.04309
-5.01477
-4.99133
-4.97514
-4.96953
-4.97304
-4.98181
-4.9929
-5.00486
-5.01629
-5.02561
-5.03377
-5.03857
-5.04077
-5.04017
-5.03426
-5.02411
-5.01118
-4.99757
-4.98379
-4.97348
-4.9662
-4.96422
-4.96882
-4.9801
-4.99874
