1.05307
1.045
1.03736
1.02904
1.01947
1.00952
1.00183
0.999847
1.00572
1.01882
1.03637
1.05516
1.07267
1.0873
1.09814
1.10478
1.10713
1.10533
1.09962
1.09036
1.07827
1.06486
1.05238
1.0428
1.03647
1.03218
1.0285
1.02493
1.02185
1.0198
1.01889
1.0187
1.01841
1.01714
1.01401
1.00837
0.999941
0.988958
0.976213
0.963002
0.950966
0.941906
0.937523
0.939067
0.947027
0.960782
0.978734
0.99878
1.01883
1.03706
1.05204
1.06267
1.06826
1.06853
1.0639
1.05571
1.04625
1.03826
1.03367
1.03271
1.03382
1.03445
1.03241
1.02686
1.01853
1.00916
1.00069
0.994448
0.990835
0.989319
0.988744
0.987752
0.985248
0.980693
0.974332
0.967152
0.960536
0.955735
0.953491
0.954089
0.957671
0.964334
0.97388
0.985641
0.998483
1.01101
1.02181
1.02969
1.03388
1.03419
1.03111
1.02568
1.01917
1.01269
1.00692
1.002
0.997709
0.993751
0.990058
0.987015
0.985447
0.98628
0.990059
0.996488
1.00443
1.01228
1.01882
1.02369
1.02742
1.03061
1.03322
1.03445
1.03362
1.03092
1.0277
1.02584
1.0269
1.03138
1.03857
1.04683
1.05426
1.05934
1.06153
1.06141
1.06054
1.06086
1.06392
1.07014
1.07857
1.08732
1.09439
1.09859
1.09997
1.09959
1.09876
1.09804
1.09697
1.09468
1.09092
1.08635
1.08211
1.07894
1.07689
1.07549
1.07429
1.0732
1.07247
1.07243
1.07326
1.07506
1.07782
1.08148
1.08572
1.08976
1.09238
1.09206
1.08729
1.07707
1.06128
1.04099
1.01847
0.99682
0.979169
0.967805
0.963566
0.965652
0.971894
0.979488
0.98585
0.989339
0.98963
0.98775
0.985792
0.986416
0.99226
1.00511
1.0251
1.05041
1.07783
1.10386
1.12568
1.1416
1.15096
1.15369
1.15011
1.14098
1.12747
1.11126
1.09425
1.07839
1.06543
1.05668
1.05278
1.05356
1.05801
1.06454
1.07143
1.0771
1.0803
1.08015
1.07625
1.06892
1.05919
1.0486
1.03885
1.03127
1.02669
1.02541
1.02718
1.0312
1.03627
1.04133
1.04574
1.04951
1.05298
1.05638
1.05948
1.06143
1.06101
1.05708
1.04896
1.03667
1.0211
1.00415
0.988698
0.978083
0.975006
0.980555
0.993985
1.01336
1.03633
1.06084
1.08528
1.10848
1.12944
1.14702
1.16003
1.16741
1.16864
1.16403
1.15487
1.1433
1.13187
1.12286
1.11757
1.11601
1.11708
1.11923
1.12114
1.12224
1.12274
1.12322
1.12396
1.1245
1.12376
1.12049
1.11398
1.10424
1.09188
1.07791
1.06336
1.04919
1.03617
1.02486
1.01546
1.00784
1.00204
0.998779
0.999337
1.00446
1.01354
1.02469
1.03599
1.0463
1.05526
1.06278
1.06861
1.07227
1.0734
1.0721
1.069
1.06521
1.06193
1.06016
1.06034
1.06224
1.06482
1.06631
1.06475
1.05868
1.04757
1.03197
1.0132
0.992844
0.972357
0.952827
0.935042
0.919771
0.908111
0.901608
0.901855
0.909774
0.924923
0.945389
0.968287
0.990584
1.0098
1.02447
1.03416
1.03932
1.04105
1.04067
1.03945
1.03841
1.03829
1.03955
1.04213
1.04532
1.04779
1.04804
1.04513
1.03908
1.031
1.02269
1.01614
1.01319
1.01544
1.024
1.03881
1.05826
1.07972
1.10062
1.1192
1.13474
1.14718
1.15664
1.16292
1.16542
1.16314
1.15521
1.14126
1.12176
1.09799
1.07177
1.04508
1.01986
0.998051
0.981708
0.972686
0.971783
0.977879
0.9881
0.999138
1.0088
1.01657
1.02337
1.03075
1.04014
1.05231
1.06711
1.0836
1.10034
1.11585
1.12889
1.13859
1.14454
1.14677
1.14574
1.14208
1.13648
1.12936
1.12074
1.11031
1.09776
1.08314
1.06712
1.05107
1.03676
1.026
1.02017
1.01981
1.0244
1.03243
1.04176
1.05041
1.05725
1.06235
1.06686
1.07198
1.07788
1.08323
1.08594
1.08428
1.07766
1.06692
1.054
1.04132
1.03085
1.02365
1.01989
1.01936
1.02178
1.02695
1.03448
1.04377
1.05414
1.06496
1.07569
1.08568
1.09411
1.10013
1.10327
1.10365
1.10182
1.09833
1.09333
1.0867
1.07827
1.06818
1.05704
1.04605
1.03703
1.03206
1.03267
1.03887
1.04894
1.06024
1.0702
1.07699
1.07963
1.07784
1.07188
1.06272
1.05211
1.04256
1.03665
1.0359
1.03993
1.04695
1.05481
1.06195
1.06771
1.07209
1.0755
1.07862
1.08229
1.08723
1.09383
1.10198
1.11119
1.12068
1.12975
1.13775
1.14415
1.14857
1.15081
1.15087
1.14884
1.14489
1.13915
1.13177
1.12293
1.11277
1.10124
1.08803
1.07266
1.05512
1.03655
1.01946
1.00678
1.00012
0.998616
0.999767
1.00113
1.00172
1.00212
1.00378
1.00787
1.01453
1.0229
1.03166
1.03964
1.04609
1.05049
1.05235
1.05113
1.04651
1.03884
1.02946
1.02042
1.01347
1.009
1.00596
1.00278
0.99833
0.992371
0.985574
0.979353
0.975453
0.97531
0.97947
0.987266
0.997066
1.00681
1.0147
1.01984
1.02259
1.02449
1.02756
1.03316
1.0413
1.05045
1.05817
1.06218
1.06131
1.05606
1.04837
1.04077
1.03513
1.03189
1.03006
1.02818
1.0254
1.02206
1.01945
1.01894
1.02114
1.02579
1.03242
1.04082
1.0507
1.06097
1.06997
1.07649
1.08025
1.08139
1.07966
1.07436
1.065
1.05197
1.0366
1.02072
1.00631
0.995121
0.988551
0.987437
0.99177
1.00062
1.01242
1.02545
1.03832
1.0501
1.06015
1.06801
1.07342
1.07628
1.07669
1.0748
1.07078
1.06481
1.0573
1.04903
1.04096
1.03377
1.02746
1.02138
1.01488
1.00794
1.00134
0.9963
0.993883
0.994601
0.998459
1.00529
1.0151
1.02796
1.04325
1.05901
1.07219
1.07994
1.08071
1.07472
1.06383
1.05116
1.04058
1.03585
1.03958
1.05231
1.07227
1.09603
1.11964
1.13966
1.15371
1.16064
1.16037
1.15368
1.14177
1.12579
1.10652
1.08435
1.05968
1.0336
1.00837
0.987335
0.974024
0.970733
0.977442
0.991804
1.01017
1.02883
1.04486
1.05639
1.06262
1.0639
1.06178
1.05892
1.0584
1.06267
1.07242
1.08639
1.102
1.11644
1.12739
1.13337
1.13409
1.13065
1.12535
1.1208
1.11909
1.12107
1.12564
1.13011
1.1315
1.12795
1.11906
1.10564
1.08936
1.07256
1.05795
1.04775
1.04306
1.04352
1.04775
1.05389
1.06011
1.06492
1.06751
1.06778
1.06634
1.0642
1.06244
1.06197
1.06324
1.06619
1.07031
1.07477
1.07866
1.08109
1.08138
1.07915
1.07448
1.06804
1.06103
1.05501
1.05139
1.05102
1.05386
1.0591
1.06548
1.07172
1.07683
1.08028
1.08205
1.0826
1.08276
1.08342
1.08515
1.08796
1.09118
1.09376
1.09469
1.09338
1.08967
1.08364
1.07538
1.06513
1.05381
1.04313
1.0352
1.03183
1.03392
1.04123
1.05247
1.06547
1.07763
1.08659
1.09082
1.09
1.08485
1.07668
1.06705
1.05742
1.04906
1.04309
1.04037
1.04147
1.04648
1.05477
1.06498
1.07517
1.08325
1.08762
1.08769
1.08417
1.07887
1.074
1.07146
1.07195
1.07493
1.07885
1.08202
1.08328
1.08242
1.07992
1.07658
1.07311
1.06995
1.06735
1.06546
1.06437
1.06409
1.06444
1.06516
1.06594
1.06668
1.06739
1.06813
1.06864
1.06831
1.06653
1.06318
1.05902
1.05561
1.05471
1.0574
1.06352
1.07184
1.08073
1.08839
1.09297
1.09297
1.08809
1.07971
1.0706
1.0639
1.06194
1.06549
1.07366
1.0845
1.09587
1.10611
1.11419
1.11957
1.12174
1.12001
1.11371
1.1024
1.08621
1.06599
1.04329
1.02037
0.999885
0.98445
0.975851
0.974508
0.979377
0.988493
0.999762
1.0117
1.02373
1.0359
1.04843
1.06116
1.07331
1.08334
1.08909
1.08843
1.08043
1.06676
1.05187
1.04019
1.03216
1.02432
1.01373
1.00088
0.988961
0.98133
0.979598
0.983485
0.991798
1.00345
1.01785
1.03467
1.05345
1.07308
1.09179
1.10738
1.1179
1.12228
1.12057
1.11408
1.10517
1.09649
1.09018
1.08716
1.08706
1.08879
1.09109
1.09287
1.09309
1.09069
1.08477
1.07516
1.0628
1.04976
1.03845
1.03051
1.0264
1.02562
1.02747
1.03136
1.03674
1.04293
1.04894
1.05369
1.05646
1.05727
1.05697
1.05696
1.05879
1.06363
1.07184
1.08288
1.09548
1.10793
1.11821
1.12423
1.12413
1.11689
1.10261
1.08267
1.05956
1.03666
1.01777
1.00635
1.0044
1.01169
1.02596
1.04413
1.06337
1.08162
1.09751
1.1101
1.11852
1.12192
1.11936
1.1102
1.09468
1.07483
1.05452
1.03794
1.0271
1.02119
1.0184
1.01769
1.01911
1.02312
1.03005
1.03991
1.05238
1.06664
1.08134
1.09464
1.10457
1.1097
1.10975
1.10585
1.10015
1.0948
1.0914
1.09095
1.09417
1.10114
1.11074
1.12062
1.12809
1.13143
1.13029
1.12527
1.11712
1.10632
1.09306
1.07761
1.06077
1.04409
1.02967
1.01962
1.01538
1.01725
1.02439
1.03517
1.04762
1.0598
1.07009
1.07741
1.08138
1.08236
1.08128
1.07941
1.07797
1.0778
1.07872
1.07939
1.07794
1.07292
1.06392
1.05155
1.03717
1.02261
1.00973
0.999919
0.994032
0.992868
0.99733
1.00785
1.02341
1.04142
1.05858
1.07197
1.0798
1.08152
1.07759
1.06921
1.05794
1.04555
1.03386
1.02499
1.02127
1.02474
1.03611
1.05403
1.07551
1.09707
1.11591
1.13037
1.13997
1.14509
1.14667
1.14587
1.14383
1.14152
1.13966
1.13859
1.13827
1.13826
1.13784
1.13614
1.13236
1.12591
1.11653
1.10428
1.08944
1.07236
1.05356
1.03397
1.0153
0.999872
0.989883
0.986342
0.988582
0.99473
1.00273
1.011
1.01872
1.02554
1.03118
1.03519
1.03695
1.03595
1.03201
1.02544
1.01703
1.00785
0.99907
0.991794
0.98704
0.985722
0.988588
0.996005
1.00763
