0.0256496           0           0
0.0512993           0           0
0.0769489           0           0
0.102599           0           0
0.128248           0           0
0.153898           0           0
0.179547           0           0
0.205197           0           0
0.230847           0           0
0.256496           0           0
0.282146           0           0
0.307796           0           0
0.333445           0           0
0.359095           0           0
0.384745           0           0
0.410394           0           0
0.436044           0           0
0.461694           0           0
0.487343           0           0
0.512993           0           0
0.538642           0           0
0.564292           0           0
0.589942           0           0
0.615591           0           0
0.641241           0           0
0.666891           0           0
0.69254           0           0
0.71819           0           0
0.74384           0           0
0.769489           0           0
0.795139           0           0
0.820788           0           0
0.846438           0           0
0.872088           0           0
0.897737 0.000692895 0.000383012
0.923387   0.0181068  0.00147805
0.949037    0.129936  0.00681527
0.974686    0.507309   0.0148769
1.00034     1.10473   0.0130251
1.02599     1.75911   0.0354907
1.05164     2.23753   0.0215396
1.07728     2.41364   0.0220868
1.10293     2.39694   0.0192938
1.12858     2.29467   0.0194791
1.15423     2.11514   0.0223157
1.17988     1.91449   0.0340676
1.20553     1.71659   0.0270851
1.23118     1.53531   0.0334088
1.25683     1.34903   0.0231165
1.28248     1.22812   0.0178304
1.30813     1.08529   0.0139151
1.33378    0.999863   0.0168767
1.35943    0.905211   0.0208716
1.38508    0.833858   0.0143294
1.41073    0.777396  0.00912829
1.43638    0.769612  0.00834713
1.46203    0.730465  0.00731377
1.48768    0.691097   0.0114405
1.51333    0.671855   0.0107169
1.53898    0.658746  0.00754616
1.56463    0.654381  0.00946949
1.59028    0.644424   0.0105806
1.61593    0.653118   0.0123883
1.64158    0.644306  0.00871121
1.66723     0.65646  0.00965445
1.69288    0.669818  0.00839443
1.71853    0.707618   0.0140992
1.74418    0.759318    0.012264
1.76983    0.791681   0.0156188
1.79547     0.83786   0.0132091
1.82112    0.876894   0.0121677
1.84677    0.912535   0.0100988
1.87242    0.953968  0.00999185
1.89807    0.981297  0.00899884
1.92372     1.01392   0.0126067
1.94937      1.0466   0.0126142
1.97502     1.07727   0.0102247
2.00067     1.13021   0.0135513
2.02632     1.17107    0.009242
2.05197     1.17314   0.0113892
2.07762     1.18094   0.0148585
2.10327     1.21565    0.015583
2.12892     1.19813   0.0188027
2.15457     1.17535   0.0167886
2.18022     1.14181   0.0102419
2.20587     1.13333   0.0118864
2.23152     1.12028  0.00919635
2.25717     1.08882    0.015085
2.28282     1.04226  0.00723832
2.30847     1.00733  0.00961767
2.33412    0.989648  0.00853196
2.35977    0.965496  0.00771363
2.38542    0.951984  0.00985751
2.41107    0.937908   0.0135322
2.43672     0.92695  0.00893753
2.46237    0.896527  0.00983733
2.48802    0.883088  0.00938965
2.51366    0.868793  0.00937504
2.53931    0.870018    0.012327
2.56496    0.859794   0.0113581
0.0256496           0           0
0.0512993           0           0
0.0769489           0           0
0.102599           0           0
0.128248           0           0
0.153898           0           0
0.179547           0           0
0.205197           0           0
0.230847           0           0
0.256496           0           0
0.282146           0           0
0.307796           0           0
0.333445           0           0
0.359095           0           0
0.384745           0           0
0.410394           0           0
0.436044           0           0
0.461694           0           0
0.487343           0           0
0.512993           0           0
0.538642           0           0
0.564292           0           0
0.589942           0           0
0.615591           0           0
0.641241           0           0
0.666891           0           0
0.69254           0           0
0.71819           0           0
0.74384           0           0
0.769489           0           0
0.795139           0           0
0.820788           0           0
0.846438           0           0
0.872088           0           0
0.897737 0.000944069 0.000169759
0.923387   0.0195242 0.000821146
0.949037    0.138404   0.0016818
0.974686    0.508458  0.00450641
1.00034     1.11065   0.0053172
1.02599     1.75463  0.00944817
1.05164     2.21216  0.00878774
1.07728     2.43422  0.00987181
1.10293     2.45569  0.00959439
1.12858     2.33155   0.0089319
1.15423      2.1284  0.00788556
1.17988     1.91568   0.0065092
1.20553     1.69788  0.00792842
1.23118     1.50272  0.00674727
1.25683     1.34275  0.00601399
1.28248     1.20471  0.00710329
1.30813     1.08186  0.00667087
1.33378    0.979107  0.00720971
1.35943    0.902126  0.00492979
1.38508    0.840491  0.00557758
1.41073    0.786921  0.00435421
1.43638    0.746179  0.00417575
1.46203    0.710804  0.00390547
1.48768    0.683327  0.00260058
1.51333    0.665208  0.00344935
1.53898    0.652591  0.00365364
1.56463    0.647449  0.00386009
1.59028    0.642509  0.00315625
1.61593    0.650032  0.00477138
1.64158    0.658656  0.00429699
1.66723    0.670202  0.00402623
1.69288    0.695452  0.00449826
1.71853    0.721518  0.00392977
1.74418      0.7527  0.00415875
1.76983    0.792551  0.00600025
1.79547    0.832225  0.00478247
1.82112    0.873603  0.00534614
1.84677    0.912413  0.00350181
1.87242     0.95307    0.004022
1.89807     0.98789  0.00429991
1.92372     1.02282   0.0041555
1.94937     1.06548  0.00430818
1.97502     1.10034  0.00444278
2.00067     1.13401  0.00450097
2.02632     1.16287  0.00328098
2.05197     1.17551  0.00277575
2.07762     1.18848  0.00349541
2.10327     1.19113  0.00439601
2.12892     1.19123  0.00411614
2.15457     1.17728  0.00414277
2.18022     1.15321  0.00384384
2.20587     1.13015  0.00459435
2.23152      1.1084  0.00374608
2.25717     1.07375  0.00455179
2.28282     1.04357  0.00409412
2.30847     1.01786  0.00499729
2.33412    0.989851  0.00385093
2.35977     0.96781   0.0041007
2.38542    0.941854  0.00377815
2.41107     0.91847  0.00495117
2.43672    0.907514  0.00359974
2.46237    0.890586  0.00293563
2.48802    0.879017  0.00351349
2.51366    0.872341  0.00342808
2.53931    0.869465  0.00294942
2.56496    0.865515  0.00328317
