1.57961
1.5675
1.55604
1.54356
1.5292
1.51428
1.50275
1.49977
1.50858
1.52823
1.55455
1.58273
1.609
1.63094
1.64722
1.65718
1.6607
1.65799
1.64943
1.63554
1.6174
1.59729
1.57857
1.5642
1.55471
1.54827
1.54275
1.53739
1.53278
1.5297
1.52834
1.52804
1.52762
1.52571
1.52102
1.51256
1.49991
1.48344
1.46432
1.4445
1.42645
1.41286
1.40628
1.4086
1.42054
1.44117
1.4681
1.49817
1.52824
1.55559
1.57805
1.59401
1.60238
1.6028
1.59585
1.58356
1.56938
1.55739
1.5505
1.54907
1.55073
1.55168
1.54862
1.5403
1.52779
1.51374
1.50103
1.49167
1.48625
1.48398
1.48312
1.48163
1.47787
1.47104
1.4615
1.45073
1.4408
1.4336
1.43024
1.43113
1.43651
1.4465
1.46082
1.47846
1.49772
1.51651
1.53272
1.54454
1.55082
1.55129
1.54667
1.53853
1.52875
1.51904
1.51038
1.50299
1.49656
1.49063
1.48509
1.48052
1.47817
1.47942
1.48509
1.49473
1.50664
1.51842
1.52822
1.53554
1.54114
1.54592
1.54983
1.55168
1.55043
1.54638
1.54155
1.53876
1.54035
1.54707
1.55785
1.57024
1.58138
1.58901
1.59229
1.59211
1.59081
1.59129
1.59588
1.60521
1.61786
1.63097
1.64158
1.64789
1.64995
1.64938
1.64814
1.64706
1.64545
1.64203
1.63638
1.62952
1.62316
1.61842
1.61534
1.61323
1.61143
1.6098
1.6087
1.60864
1.6099
1.61259
1.61673
1.62222
1.62857
1.63464
1.63857
1.63808
1.63094
1.61561
1.59192
1.56148
1.52771
1.49523
1.46875
1.45171
1.44535
1.44848
1.45784
1.46923
1.47877
1.48401
1.48445
1.48163
1.47869
1.47962
1.48839
1.50767
1.53765
1.57562
1.61675
1.65579
1.68851
1.71241
1.72645
1.73054
1.72517
1.71147
1.69121
1.66689
1.64138
1.61759
1.59815
1.58501
1.57916
1.58034
1.58701
1.59681
1.60714
1.61566
1.62045
1.62022
1.61438
1.60338
1.58878
1.5729
1.55827
1.5469
1.54004
1.53812
1.54078
1.54679
1.55441
1.56199
1.56861
1.57427
1.57947
1.58457
1.58923
1.59215
1.59151
1.58562
1.57344
1.55501
1.53165
1.50622
1.48305
1.46712
1.46251
1.47083
1.49098
1.52004
1.5545
1.59126
1.62791
1.66272
1.69415
1.72052
1.74004
1.75111
1.75296
1.74605
1.73231
1.71495
1.69781
1.68428
1.67635
1.67402
1.67562
1.67884
1.68171
1.68337
1.68411
1.68483
1.68593
1.68675
1.68563
1.68074
1.67097
1.65635
1.63782
1.61687
1.59504
1.57378
1.55426
1.53729
1.52319
1.51177
1.50306
1.49817
1.49901
1.5067
1.52031
1.53704
1.55399
1.56945
1.58288
1.59417
1.60291
1.6084
1.6101
1.60815
1.60351
1.59781
1.5929
1.59023
1.59051
1.59337
1.59723
1.59946
1.59713
1.58802
1.57135
1.54796
1.5198
1.48927
1.45854
1.42924
1.40256
1.37966
1.36217
1.35241
1.35278
1.36466
1.38738
1.41808
1.45243
1.48588
1.51471
1.53671
1.55124
1.55899
1.56157
1.561
1.55917
1.55762
1.55744
1.55933
1.5632
1.56798
1.57168
1.57205
1.56769
1.55862
1.5465
1.53403
1.52421
1.51979
1.52317
1.536
1.55821
1.58738
1.61957
1.65093
1.67881
1.70211
1.72077
1.73496
1.74439
1.74812
1.74472
1.73281
1.71189
1.68264
1.64699
1.60765
1.56762
1.52979
1.49708
1.47256
1.45903
1.45767
1.46682
1.48215
1.49871
1.5132
1.52486
1.53506
1.54612
1.56021
1.57846
1.60067
1.6254
1.65051
1.67377
1.69333
1.70789
1.71681
1.72015
1.7186
1.71312
1.70473
1.69405
1.68111
1.66546
1.64664
1.62471
1.60068
1.5766
1.55514
1.539
1.53025
1.52971
1.53661
1.54864
1.56264
1.57562
1.58587
1.59353
1.60029
1.60797
1.61682
1.62485
1.62892
1.62642
1.61649
1.60038
1.58101
1.56198
1.54627
1.53547
1.52984
1.52903
1.53268
1.54042
1.55173
1.56566
1.58121
1.59744
1.61354
1.62852
1.64117
1.6502
1.6549
1.65547
1.65273
1.64749
1.64
1.63004
1.61741
1.60227
1.58556
1.56908
1.55554
1.54809
1.54901
1.5583
1.57342
1.59036
1.6053
1.61549
1.61945
1.61676
1.60782
1.59408
1.57817
1.56384
1.55498
1.55385
1.5599
1.57042
1.58221
1.59293
1.60157
1.60814
1.61325
1.61794
1.62344
1.63084
1.64074
1.65298
1.66678
1.68102
1.69463
1.70663
1.71623
1.72285
1.72622
1.7263
1.72327
1.71733
1.70873
1.69766
1.68439
1.66915
1.65186
1.63204
1.60899
1.58268
1.55483
1.52919
1.51017
1.50018
1.49792
1.49965
1.50169
1.50257
1.50319
1.50568
1.5118
1.5218
1.53435
1.54749
1.55946
1.56913
1.57574
1.57852
1.57669
1.56977
1.55825
1.54419
1.53063
1.52021
1.5135
1.50894
1.50417
1.49749
1.48856
1.47836
1.46903
1.46318
1.46296
1.4692
1.4809
1.4956
1.51022
1.52205
1.52976
1.53388
1.53673
1.54133
1.54974
1.56194
1.57567
1.58726
1.59327
1.59196
1.58408
1.57256
1.56115
1.55269
1.54784
1.54509
1.54227
1.5381
1.53309
1.52917
1.52841
1.53172
1.53869
1.54863
1.56123
1.57605
1.59145
1.60496
1.61473
1.62038
1.62209
1.61949
1.61154
1.5975
1.57796
1.55489
1.53107
1.50946
1.49268
1.48283
1.48116
1.48766
1.50093
1.51862
1.53817
1.55749
1.57515
1.59022
1.60202
1.61014
1.61442
1.61503
1.6122
1.60617
1.59722
1.58596
1.57355
1.56144
1.55066
1.54119
1.53207
1.52232
1.51191
1.50201
1.49445
1.49082
1.4919
1.49769
1.50793
1.52265
1.54194
1.56488
1.58851
1.60829
1.61991
1.62106
1.61208
1.59574
1.57673
1.56087
1.55378
1.55937
1.57846
1.6084
1.64405
1.67946
1.70948
1.73057
1.74096
1.74056
1.73052
1.71265
1.68868
1.65978
1.62653
1.58952
1.5504
1.51255
1.481
1.46104
1.4561
1.46616
1.48771
1.51525
1.54325
1.56729
1.58458
1.59393
1.59585
1.59267
1.58837
1.5876
1.594
1.60863
1.62959
1.653
1.67467
1.69109
1.70006
1.70113
1.69598
1.68803
1.68119
1.67864
1.6816
1.68846
1.69516
1.69725
1.69192
1.6786
1.65847
1.63404
1.60885
1.58692
1.57163
1.56459
1.56528
1.57163
1.58084
1.59016
1.59739
1.60127
1.60168
1.59951
1.5963
1.59366
1.59295
1.59485
1.59928
1.60546
1.61216
1.61799
1.62163
1.62207
1.61872
1.61172
1.60206
1.59155
1.58251
1.57709
1.57653
1.58079
1.58865
1.59822
1.60759
1.61525
1.62042
1.62308
1.62391
1.62414
1.62513
1.62772
1.63193
1.63676
1.64064
1.64204
1.64006
1.6345
1.62547
1.61307
1.59769
1.58072
1.56469
1.5528
1.54775
1.55088
1.56185
1.57871
1.5982
1.61644
1.62988
1.63623
1.63501
1.62727
1.61503
1.60057
1.58613
1.5736
1.56463
1.56056
1.56221
1.56971
1.58215
1.59747
1.61275
1.62488
1.63144
1.63154
1.62626
1.6183
1.61101
1.60718
1.60793
1.6124
1.61827
1.62302
1.62492
1.62363
1.61989
1.61488
1.60966
1.60492
1.60103
1.59819
1.59656
1.59614
1.59666
1.59774
1.59891
1.60002
1.60109
1.6022
1.60296
1.60247
1.5998
1.59477
1.58853
1.58341
1.58207
1.5861
1.59528
1.60777
1.62109
1.63259
1.63945
1.63945
1.63213
1.61956
1.6059
1.59584
1.59291
1.59823
1.61048
1.62675
1.6438
1.65916
1.67129
1.67936
1.68261
1.68002
1.67057
1.6536
1.62932
1.59898
1.56494
1.53055
1.49983
1.47668
1.46378
1.46176
1.46907
1.48274
1.49964
1.51756
1.5356
1.55386
1.57264
1.59174
1.60997
1.625
1.63363
1.63264
1.62064
1.60014
1.5778
1.56029
1.54824
1.53648
1.52059
1.50131
1.48344
1.472
1.4694
1.47523
1.4877
1.50518
1.52677
1.552
1.58017
1.60963
1.63769
1.66106
1.67686
1.68343
1.68085
1.67112
1.65775
1.64474
1.63527
1.63074
1.63058
1.63318
1.63663
1.6393
1.63963
1.63603
1.62716
1.61274
1.5942
1.57464
1.55767
1.54577
1.53959
1.53843
1.54121
1.54704
1.55512
1.5644
1.57341
1.58053
1.58468
1.58591
1.58545
1.58544
1.58819
1.59545
1.60775
1.62431
1.64322
1.6619
1.67732
1.68634
1.6862
1.67533
1.65392
1.62401
1.58935
1.55499
1.52665
1.50952
1.5066
1.51753
1.53894
1.5662
1.59506
1.62243
1.64627
1.66514
1.67778
1.68288
1.67904
1.66529
1.64202
1.61224
1.58179
1.55691
1.54065
1.53179
1.5276
1.52653
1.52866
1.53468
1.54507
1.55987
1.57857
1.59995
1.62201
1.64195
1.65685
1.66455
1.66462
1.65878
1.65023
1.64221
1.6371
1.63643
1.64125
1.65172
1.66612
1.68092
1.69213
1.69714
1.69544
1.6879
1.67567
1.65948
1.63959
1.61642
1.59115
1.56613
1.5445
1.52944
1.52307
1.52587
1.53659
1.55276
1.57143
1.5897
1.60513
1.61612
1.62207
1.62354
1.62193
1.61911
1.61695
1.6167
1.61807
1.61908
1.61692
1.60938
1.59588
1.57732
1.55575
1.53392
1.51459
1.49988
1.49105
1.4893
1.49599
1.51178
1.53512
1.56214
1.58787
1.60796
1.61971
1.62228
1.61639
1.60381
1.58692
1.56832
1.55079
1.53749
1.53191
1.53712
1.55417
1.58105
1.61326
1.64561
1.67387
1.69556
1.70996
1.71764
1.72
1.7188
1.71574
1.71229
1.7095
1.70788
1.7074
1.7074
1.70676
1.70421
1.69853
1.68887
1.6748
1.65643
1.63416
1.60854
1.58034
1.55096
1.52294
1.49981
1.48482
1.47951
1.48287
1.49209
1.50409
1.5165
1.52809
1.53831
1.54677
1.55278
1.55543
1.55393
1.54801
1.53816
1.52555
1.51178
1.49861
1.48769
1.48056
1.47858
1.48288
1.49401
1.51145
