1   0.0256496           0
1   0.0512993           0
1   0.0769489           0
1    0.102599           0
1    0.128248           0
1    0.153898           0
1    0.179547           0
1    0.205197           0
1    0.230847           0
1    0.256496           0
1    0.282146           0
1    0.307796           0
1    0.333445           0
1    0.359095           0
1    0.384745           0
1    0.410394           0
1    0.436044           0
1    0.461694           0
1    0.487343           0
1    0.512993           0
1    0.538642           0
1    0.564292           0
1    0.589942           0
1    0.615591           0
1    0.641241           0
1    0.666891           0
1     0.69254           0
1     0.71819           0
1     0.74384           0
1    0.769489           0
1    0.795139           0
1    0.820788           0
1    0.846438           0
1    0.872088           0
1    0.897737  0.00173224
1    0.923387   0.0163863
1    0.949037    0.131178
1    0.974686    0.604589
1     1.00034     1.15783
1     1.02599     1.81807
1     1.05164     2.22904
1     1.07728     2.39128
1     1.10293     2.30164
1     1.12858      2.3278
1     1.15423     2.01359
1     1.17988      1.8623
1     1.20553     1.70682
1     1.23118     1.77359
1     1.25683     1.33424
1     1.28248      1.1976
1     1.30813     1.07788
1     1.33378    0.986121
1     1.35943     0.89049
1     1.38508    0.756683
1     1.41073    0.713005
1     1.43638     0.78818
1     1.46203    0.736242
1     1.48768    0.702675
1     1.51333    0.622522
1     1.53898    0.638497
1     1.56463    0.622808
1     1.59028    0.651661
1     1.61593    0.645105
1     1.64158    0.631554
1     1.66723    0.670174
1     1.69288    0.649183
1     1.71853    0.802347
1     1.74418    0.777929
1     1.76983    0.818529
1     1.79547    0.888374
1     1.82112    0.897008
1     1.84677    0.862673
1     1.87242    0.940389
1     1.89807     1.01188
1     1.92372    0.963614
1     1.94937     1.09415
1     1.97502     1.13279
1     2.00067     1.13264
1     2.02632     1.17997
1     2.05197     1.13096
1     2.07762     1.09532
1     2.10327     1.32826
1     2.12892     1.16763
1     2.15457     1.12778
1     2.18022     1.10708
1     2.20587     1.14422
1     2.23152     1.14715
1     2.25717     1.12625
1     2.28282     1.05053
1     2.30847    0.973602
1     2.33412    0.981382
1     2.35977    0.964743
1     2.38542    0.917746
1     2.41107    0.890847
1     2.43672    0.897543
1     2.46237    0.879624
1     2.48802    0.901059
1     2.51366    0.906708
1     2.53931     0.86531
1     2.56496     0.83445
2   0.0256496           0
2   0.0512993           0
2   0.0769489           0
2    0.102599           0
2    0.128248           0
2    0.153898           0
2    0.179547           0
2    0.205197           0
2    0.230847           0
2    0.256496           0
2    0.282146           0
2    0.307796           0
2    0.333445           0
2    0.359095           0
2    0.384745           0
2    0.410394           0
2    0.436044           0
2    0.461694           0
2    0.487343           0
2    0.512993           0
2    0.538642           0
2    0.564292           0
2    0.589942           0
2    0.615591           0
2    0.641241           0
2    0.666891           0
2     0.69254           0
2     0.71819           0
2     0.74384           0
2    0.769489           0
2    0.795139           0
2    0.820788           0
2    0.846438           0
2    0.872088           0
2    0.897737 0.000866118
2    0.923387   0.0135187
2    0.949037    0.140881
2    0.974686    0.549358
2     1.00034     1.14663
2     1.02599     1.75452
2     1.05164     2.23157
2     1.07728     2.44114
2     1.10293     2.32501
2     1.12858     2.27323
2     1.15423     2.02651
2     1.17988     1.84109
2     1.20553     1.72593
2     1.23118     1.67243
2     1.25683     1.38235
2     1.28248     1.23463
2     1.30813     1.11039
2     1.33378     1.00513
2     1.35943     0.94331
2     1.38508    0.798761
2     1.41073    0.753227
2     1.43638    0.752105
2     1.46203    0.721881
2     1.48768    0.701559
2     1.51333    0.643951
2     1.53898    0.625673
2     1.56463    0.615737
2     1.59028    0.636711
2     1.61593    0.669875
2     1.64158    0.650708
2     1.66723    0.675389
2     1.69288    0.683123
2     1.71853    0.759942
2     1.74418     0.76211
2     1.76983    0.787342
2     1.79547    0.852575
2     1.82112    0.863164
2     1.84677    0.866826
2     1.87242    0.921497
2     1.89807    0.979724
2     1.92372     0.96572
2     1.94937     1.05097
2     1.97502     1.08736
2     2.00067     1.10438
2     2.02632     1.17686
2     2.05197     1.15665
2     2.07762     1.16278
2     2.10327     1.29402
2     2.12892     1.23449
2     2.15457     1.17616
2     2.18022     1.15553
2     2.20587     1.16537
2     2.23152     1.14181
2     2.25717      1.1204
2     2.28282     1.07057
2     2.30847     1.00292
2     2.33412    0.985163
2     2.35977    0.953644
2     2.38542    0.934478
2     2.41107    0.917617
2     2.43672    0.894551
2     2.46237    0.881499
2     2.48802    0.884753
2     2.51366    0.878694
2     2.53931    0.841163
2     2.56496    0.813754
3   0.0256496           0
3   0.0512993           0
3   0.0769489           0
3    0.102599           0
3    0.128248           0
3    0.153898           0
3    0.179547           0
3    0.205197           0
3    0.230847           0
3    0.256496           0
3    0.282146           0
3    0.307796           0
3    0.333445           0
3    0.359095           0
3    0.384745           0
3    0.410394           0
3    0.436044           0
3    0.461694           0
3    0.487343           0
3    0.512993           0
3    0.538642           0
3    0.564292           0
3    0.589942           0
3    0.615591           0
3    0.641241           0
3    0.666891           0
3     0.69254           0
3     0.71819           0
3     0.74384           0
3    0.769489           0
3    0.795139           0
3    0.820788           0
3    0.846438           0
3    0.872088           0
3    0.897737 0.000577412
3    0.923387   0.0139283
3    0.949037    0.139716
3    0.974686    0.529966
3     1.00034      1.1366
3     1.02599     1.76772
3     1.05164     2.25122
3     1.07728     2.45433
3     1.10293     2.34952
3     1.12858     2.29344
3     1.15423     2.05454
3     1.17988     1.81619
3     1.20553     1.73311
3     1.23118     1.60716
3     1.25683     1.39423
3     1.28248     1.23399
3     1.30813     1.11862
3     1.33378     1.00962
3     1.35943    0.926085
3     1.38508    0.809358
3     1.41073    0.749979
3     1.43638    0.755809
3     1.46203    0.721826
3     1.48768     0.69619
3     1.51333    0.648525
3     1.53898    0.637304
3     1.56463    0.624155
3     1.59028    0.641042
3     1.61593    0.656384
3     1.64158    0.647997
3     1.66723    0.655841
3     1.69288    0.665968
3     1.71853    0.739977
3     1.74418    0.767461
3     1.76983    0.778303
3     1.79547    0.846133
3     1.82112    0.879356
3     1.84677    0.886832
3     1.87242    0.943622
3     1.89807    0.983362
3     1.92372    0.990296
3     1.94937     1.04578
3     1.97502     1.09002
3     2.00067     1.11551
3     2.02632     1.18866
3     2.05197     1.17402
3     2.07762     1.18111
3     2.10327     1.26005
3     2.12892     1.20443
3     2.15457     1.16732
3     2.18022     1.14545
3     2.20587     1.15326
3     2.23152     1.13157
3     2.25717     1.09824
3     2.28282     1.05385
3     2.30847    0.998125
3     2.33412    0.999201
3     2.35977     0.96066
3     2.38542    0.950211
3     2.41107    0.938234
3     2.43672    0.911467
3     2.46237    0.893925
3     2.48802    0.885174
3     2.51366    0.867855
3     2.53931    0.842376
3     2.56496    0.830992
4   0.0256496           0
4   0.0512993           0
4   0.0769489           0
4    0.102599           0
4    0.128248           0
4    0.153898           0
4    0.179547           0
4    0.205197           0
4    0.230847           0
4    0.256496           0
4    0.282146           0
4    0.307796           0
4    0.333445           0
4    0.359095           0
4    0.384745           0
4    0.410394           0
4    0.436044           0
4    0.461694           0
4    0.487343           0
4    0.512993           0
4    0.538642           0
4    0.564292           0
4    0.589942           0
4    0.615591           0
4    0.641241           0
4    0.666891           0
4     0.69254           0
4     0.71819           0
4     0.74384           0
4    0.769489           0
4    0.795139           0
4    0.820788           0
4    0.846438           0
4    0.872088           0
4    0.897737 0.000433059
4    0.923387   0.0151573
4    0.949037    0.135641
4    0.974686    0.515852
4     1.00034     1.13999
4     1.02599     1.80493
4     1.05164     2.21906
4     1.07728      2.4218
4     1.10293     2.36538
4     1.12858     2.29734
4     1.15423     2.09202
4     1.17988     1.87302
4     1.20553     1.73936
4     1.23118     1.56152
4     1.25683     1.36632
4     1.28248     1.22254
4     1.30813      1.0929
4     1.33378     1.01196
4     1.35943    0.901741
4     1.38508    0.816953
4     1.41073    0.764833
4     1.43638    0.764329
4     1.46203    0.721386
4     1.48768    0.696456
4     1.51333    0.660139
4     1.53898     0.64886
4     1.56463    0.638753
4     1.59028    0.655783
4     1.61593    0.650654
4     1.64158     0.64041
4     1.66723    0.648038
4     1.69288    0.673434
4     1.71853    0.723765
4     1.74418    0.759377
4     1.76983    0.794066
4     1.79547    0.854222
4     1.82112    0.868075
4     1.84677    0.889515
4     1.87242    0.944582
4     1.89807     0.98882
4     1.92372     1.00919
4     1.94937      1.0609
4     1.97502      1.0919
4     2.00067     1.13463
4     2.02632     1.18433
4     2.05197     1.17269
4     2.07762     1.18924
4     2.10327     1.24591
4     2.12892     1.18075
4     2.15457      1.1402
4     2.18022     1.13302
4     2.20587     1.14385
4     2.23152     1.13236
4     2.25717     1.08929
4     2.28282       1.049
4     2.30847    0.986263
4     2.33412    0.994844
4     2.35977    0.968953
4     2.38542    0.953613
4     2.41107    0.951384
4     2.43672    0.923186
4     2.46237    0.892137
4     2.48802    0.898504
4     2.51366    0.873856
4     2.53931    0.851335
4     2.56496    0.850932
5   0.0256496           0
5   0.0512993           0
5   0.0769489           0
5    0.102599           0
5    0.128248           0
5    0.153898           0
5    0.179547           0
5    0.205197           0
5    0.230847           0
5    0.256496           0
5    0.282146           0
5    0.307796           0
5    0.333445           0
5    0.359095           0
5    0.384745           0
5    0.410394           0
5    0.436044           0
5    0.461694           0
5    0.487343           0
5    0.512993           0
5    0.538642           0
5    0.564292           0
5    0.589942           0
5    0.615591           0
5    0.641241           0
5    0.666891           0
5     0.69254           0
5     0.71819           0
5     0.74384           0
5    0.769489           0
5    0.795139           0
5    0.820788           0
5    0.846438           0
5    0.872088           0
5    0.897737 0.000346447
5    0.923387   0.0150754
5    0.949037    0.131178
5    0.974686    0.503701
5     1.00034     1.14006
5     1.02599     1.81674
5     1.05164      2.2355
5     1.07728     2.41352
5     1.10293     2.38159
5     1.12858     2.30321
5     1.15423     2.10797
5     1.17988     1.89905
5     1.20553      1.7194
5     1.23118     1.55512
5     1.25683     1.36382
5     1.28248     1.21652
5     1.30813     1.08109
5     1.33378    0.982081
5     1.35943    0.882329
5     1.38508    0.811661
5     1.41073    0.767154
5     1.43638    0.771493
5     1.46203    0.717358
5     1.48768    0.698784
5     1.51333    0.662729
5     1.53898    0.650247
5     1.56463    0.643818
5     1.59028     0.64937
5     1.61593    0.647216
5     1.64158      0.6357
5     1.66723    0.651956
5     1.69288    0.676384
5     1.71853    0.720124
5     1.74418    0.769787
5     1.76983    0.805602
5     1.79547    0.858988
5     1.82112    0.872239
5     1.84677    0.902422
5     1.87242    0.947461
5     1.89807    0.991426
5     1.92372      1.0193
5     1.94937     1.06296
5     1.97502     1.08201
5     2.00067     1.13168
5     2.02632     1.18729
5     2.05197     1.17395
5     2.07762     1.18315
5     2.10327     1.22825
5     2.12892     1.18235
5     2.15457     1.15209
5     2.18022     1.13282
5     2.20587     1.12723
5     2.23152     1.12083
5     2.25717     1.07851
5     2.28282     1.04222
5     2.30847    0.990181
5     2.33412    0.990743
5     2.35977    0.969948
5     2.38542    0.963421
5     2.41107    0.960448
5     2.43672    0.926412
5     2.46237    0.891322
5     2.48802    0.890265
5     2.51366    0.873068
5     2.53931    0.852498
5     2.56496    0.851505
6   0.0256496           0
6   0.0512993           0
6   0.0769489           0
6    0.102599           0
6    0.128248           0
6    0.153898           0
6    0.179547           0
6    0.205197           0
6    0.230847           0
6    0.256496           0
6    0.282146           0
6    0.307796           0
6    0.333445           0
6    0.359095           0
6    0.384745           0
6    0.410394           0
6    0.436044           0
6    0.461694           0
6    0.487343           0
6    0.512993           0
6    0.538642           0
6    0.564292           0
6    0.589942           0
6    0.615591           0
6    0.641241           0
6    0.666891           0
6     0.69254           0
6     0.71819           0
6     0.74384           0
6    0.769489           0
6    0.795139           0
6    0.820788           0
6    0.846438           0
6    0.872088           0
6    0.897737 0.000288706
6    0.923387   0.0162497
6    0.949037    0.136223
6    0.974686    0.499896
6     1.00034     1.13066
6     1.02599     1.81452
6     1.05164     2.21626
6     1.07728     2.41012
6     1.10293     2.37086
6     1.12858     2.28839
6     1.15423     2.10253
6     1.17988     1.89359
6     1.20553     1.73649
6     1.23118     1.54474
6     1.25683     1.36082
6     1.28248     1.24148
6     1.30813     1.08865
6     1.33378    0.990477
6     1.35943    0.900152
6     1.38508      0.8232
6     1.41073    0.769765
6     1.43638    0.773134
6     1.46203    0.717424
6     1.48768    0.686036
6     1.51333    0.656284
6     1.53898    0.648487
6     1.56463    0.644165
6     1.59028    0.648913
6     1.61593    0.657106
6     1.64158    0.641656
6     1.66723    0.656137
6     1.69288    0.676252
6     1.71853    0.716977
6     1.74418     0.77064
6     1.76983    0.803049
6     1.79547       0.848
6     1.82112    0.873235
6     1.84677     0.89905
6     1.87242    0.950357
6     1.89807    0.985526
6     1.92372     1.01442
6     1.94937     1.05911
6     1.97502     1.07488
6     2.00067     1.12032
6     2.02632     1.17571
6     2.05197      1.1722
6     2.07762     1.18374
6     2.10327     1.22493
6     2.12892     1.18697
6     2.15457     1.16641
6     2.18022      1.1354
6     2.20587     1.12812
6     2.23152     1.12132
6     2.25717     1.08842
6     2.28282     1.04324
6     2.30847     1.00166
6     2.33412    0.999049
6     2.35977    0.975055
6     2.38542    0.966027
6     2.41107    0.949255
6     2.43672    0.919167
6     2.46237    0.891463
6     2.48802    0.887758
6     2.51366    0.870237
6     2.53931    0.859044
6     2.56496    0.850391
7   0.0256496           0
7   0.0512993           0
7   0.0769489           0
7    0.102599           0
7    0.128248           0
7    0.153898           0
7    0.179547           0
7    0.205197           0
7    0.230847           0
7    0.256496           0
7    0.282146           0
7    0.307796           0
7    0.333445           0
7    0.359095           0
7    0.384745           0
7    0.410394           0
7    0.436044           0
7    0.461694           0
7    0.487343           0
7    0.512993           0
7    0.538642           0
7    0.564292           0
7    0.589942           0
7    0.615591           0
7    0.641241           0
7    0.666891           0
7     0.69254           0
7     0.71819           0
7     0.74384           0
7    0.769489           0
7    0.795139           0
7    0.820788           0
7    0.846438           0
7    0.872088           0
7    0.897737 0.000247462
7    0.923387   0.0169715
7    0.949037    0.132287
7    0.974686    0.506962
7     1.00034     1.11955
7     1.02599     1.79887
7     1.05164     2.21935
7     1.07728     2.39663
7     1.10293     2.38051
7     1.12858     2.29158
7     1.15423     2.10684
7     1.17988     1.89886
7     1.20553     1.74165
7     1.23118     1.54495
7     1.25683     1.35002
7     1.28248     1.24145
7     1.30813     1.09287
7     1.33378    0.998681
7     1.35943    0.902967
7     1.38508    0.823148
7     1.41073    0.774718
7     1.43638    0.773476
7     1.46203    0.719405
7     1.48768    0.685588
7     1.51333    0.661504
7     1.53898    0.651661
7     1.56463    0.641526
7     1.59028     0.64208
7     1.61593    0.665447
7     1.64158    0.649171
7     1.66723    0.664322
7     1.69288    0.676123
7     1.71853    0.715141
7     1.74418    0.762941
7     1.76983    0.795575
7     1.79547    0.838049
7     1.82112    0.866199
7     1.84677    0.902279
7     1.87242    0.944834
7     1.89807    0.988223
7     1.92372      1.0215
7     1.94937     1.06212
7     1.97502     1.07627
7     2.00067      1.1212
7     2.02632     1.17506
7     2.05197     1.16465
7     2.07762     1.17956
7     2.10327     1.21806
7     2.12892     1.18546
7     2.15457     1.16637
7     2.18022      1.1389
7     2.20587     1.13234
7     2.23152     1.11862
7     2.25717     1.09083
7     2.28282       1.043
7     2.30847     1.00382
7     2.33412    0.998555
7     2.35977    0.973892
7     2.38542    0.964588
7     2.41107    0.949765
7     2.43672    0.925926
7     2.46237    0.899049
7     2.48802    0.892742
7     2.51366    0.872859
7     2.53931    0.862711
7     2.56496    0.856868
8   0.0256496           0
8   0.0512993           0
8   0.0769489           0
8    0.102599           0
8    0.128248           0
8    0.153898           0
8    0.179547           0
8    0.205197           0
8    0.230847           0
8    0.256496           0
8    0.282146           0
8    0.307796           0
8    0.333445           0
8    0.359095           0
8    0.384745           0
8    0.410394           0
8    0.436044           0
8    0.461694           0
8    0.487343           0
8    0.512993           0
8    0.538642           0
8    0.564292           0
8    0.589942           0
8    0.615591           0
8    0.641241           0
8    0.666891           0
8     0.69254           0
8     0.71819           0
8     0.74384           0
8    0.769489           0
8    0.795139           0
8    0.820788           0
8    0.846438           0
8    0.872088           0
8    0.897737 0.000649589
8    0.923387   0.0167959
8    0.949037    0.134477
8    0.974686    0.510697
8     1.00034     1.11375
8     1.02599     1.77764
8     1.05164     2.22991
8     1.07728     2.41054
8     1.10293     2.39581
8     1.12858      2.2797
8     1.15423     2.12254
8     1.17988     1.92458
8     1.20553     1.73107
8     1.23118     1.53438
8     1.25683      1.3353
8     1.28248     1.23334
8     1.30813     1.09007
8     1.33378     0.99518
8     1.35943    0.897069
8     1.38508    0.821363
8     1.41073    0.775642
8     1.43638    0.772151
8     1.46203    0.727246
8     1.48768    0.695618
8     1.51333    0.671046
8     1.53898    0.652103
8     1.56463    0.645319
8     1.59028    0.649146
8     1.61593    0.664156
8     1.64158    0.649626
8     1.66723    0.662318
8     1.69288    0.672046
8     1.71853    0.708672
8     1.74418    0.755334
8     1.76983    0.783444
8     1.79547     0.83506
8     1.82112     0.86602
8     1.84677    0.905609
8     1.87242    0.944506
8     1.89807    0.984149
8     1.92372     1.01857
8     1.94937      1.0539
8     1.97502     1.08025
8     2.00067     1.13002
8     2.02632     1.17274
8     2.05197     1.17452
8     2.07762      1.1883
8     2.10327     1.22085
8     2.12892     1.19771
8     2.15457     1.17186
8     2.18022     1.13941
8     2.20587     1.13036
8     2.23152      1.1237
8     2.25717     1.09195
8     2.28282     1.04207
8     2.30847     1.00509
8     2.33412    0.996604
8     2.35977    0.966465
8     2.38542    0.956906
8     2.41107    0.940628
8     2.43672    0.925789
8     2.46237    0.891199
8     2.48802    0.886734
8     2.51366    0.866205
8     2.53931    0.858943
8     2.56496    0.856309
9   0.0256496           0
9   0.0512993           0
9   0.0769489           0
9    0.102599           0
9    0.128248           0
9    0.153898           0
9    0.179547           0
9    0.205197           0
9    0.230847           0
9    0.256496           0
9    0.282146           0
9    0.307796           0
9    0.333445           0
9    0.359095           0
9    0.384745           0
9    0.410394           0
9    0.436044           0
9    0.461694           0
9    0.487343           0
9    0.512993           0
9    0.538642           0
9    0.564292           0
9    0.589942           0
9    0.615591           0
9    0.641241           0
9    0.666891           0
9     0.69254           0
9     0.71819           0
9     0.74384           0
9    0.769489           0
9    0.795139           0
9    0.820788           0
9    0.846438           0
9    0.872088           0
9    0.897737 0.000769883
9    0.923387   0.0179338
9    0.949037    0.134283
9    0.974686    0.512702
9     1.00034      1.1059
9     1.02599     1.75256
9     1.05164     2.23108
9     1.07728     2.40693
9     1.10293     2.39644
9     1.12858      2.2905
9     1.15423     2.11741
9     1.17988     1.92416
9     1.20553     1.73708
9     1.23118     1.54575
9     1.25683     1.35008
9     1.28248     1.23132
9     1.30813     1.08593
9     1.33378    0.996286
9     1.35943    0.897482
9     1.38508    0.824303
9     1.41073    0.776124
9     1.43638    0.767967
9     1.46203    0.729603
9     1.48768    0.694099
9     1.51333    0.671889
9     1.53898     0.65523
9     1.56463    0.651091
9     1.59028    0.644892
9     1.61593    0.657527
9     1.64158    0.648113
9     1.66723    0.659714
9     1.69288    0.669451
9     1.71853    0.702177
9     1.74418    0.752882
9     1.76983    0.786489
9     1.79547    0.832272
9     1.82112    0.869914
9     1.84677    0.909261
9     1.87242     0.94928
9     1.89807    0.986116
9     1.92372     1.01493
9     1.94937     1.05216
9     1.97502     1.07704
9     2.00067     1.13303
9     2.02632     1.17531
9     2.05197     1.17545
9     2.07762     1.18465
9     2.10327      1.2171
9     2.12892     1.19488
9     2.15457       1.175
9     2.18022      1.1436
9     2.20587     1.13632
9     2.23152     1.12534
9     2.25717     1.09827
9     2.28282      1.0446
9     2.30847     1.00588
9     2.33412      0.9909
9     2.35977    0.966047
9     2.38542    0.953499
9     2.41107    0.939605
9     2.43672    0.925883
9     2.46237    0.892049
9     2.48802    0.883822
9     2.51366    0.864205
9     2.53931    0.860152
9     2.56496    0.854828
10   0.0256496           0
10   0.0512993           0
10   0.0769489           0
10    0.102599           0
10    0.128248           0
10    0.153898           0
10    0.179547           0
10    0.205197           0
10    0.230847           0
10    0.256496           0
10    0.282146           0
10    0.307796           0
10    0.333445           0
10    0.359095           0
10    0.384745           0
10    0.410394           0
10    0.436044           0
10    0.461694           0
10    0.487343           0
10    0.512993           0
10    0.538642           0
10    0.564292           0
10    0.589942           0
10    0.615591           0
10    0.641241           0
10    0.666891           0
10     0.69254           0
10     0.71819           0
10     0.74384           0
10    0.769489           0
10    0.795139           0
10    0.820788           0
10    0.846438           0
10    0.872088           0
10    0.897737 0.000692895
10    0.923387   0.0181068
10    0.949037    0.129936
10    0.974686    0.507309
10     1.00034     1.10473
10     1.02599     1.75911
10     1.05164     2.23753
10     1.07728     2.41364
10     1.10293     2.39694
10     1.12858     2.29467
10     1.15423     2.11514
10     1.17988     1.91449
10     1.20553     1.71659
10     1.23118     1.53531
10     1.25683     1.34903
10     1.28248     1.22812
10     1.30813     1.08529
10     1.33378    0.999863
10     1.35943    0.905211
10     1.38508    0.833858
10     1.41073    0.777396
10     1.43638    0.769612
10     1.46203    0.730465
10     1.48768    0.691097
10     1.51333    0.671855
10     1.53898    0.658746
10     1.56463    0.654381
10     1.59028    0.644424
10     1.61593    0.653118
10     1.64158    0.644306
10     1.66723     0.65646
10     1.69288    0.669818
10     1.71853    0.707618
10     1.74418    0.759318
10     1.76983    0.791681
10     1.79547     0.83786
10     1.82112    0.876894
10     1.84677    0.912535
10     1.87242    0.953968
10     1.89807    0.981297
10     1.92372     1.01392
10     1.94937      1.0466
10     1.97502     1.07727
10     2.00067     1.13021
10     2.02632     1.17107
10     2.05197     1.17314
10     2.07762     1.18094
10     2.10327     1.21565
10     2.12892     1.19813
10     2.15457     1.17535
10     2.18022     1.14181
10     2.20587     1.13333
10     2.23152     1.12028
10     2.25717     1.08882
10     2.28282     1.04226
10     2.30847     1.00733
10     2.33412    0.989648
10     2.35977    0.965496
10     2.38542    0.951984
10     2.41107    0.937908
10     2.43672     0.92695
10     2.46237    0.896527
10     2.48802    0.883088
10     2.51366    0.868793
10     2.53931    0.870018
10     2.56496    0.859794
1   0.0256496           0
1   0.0512993           0
1   0.0769489           0
1    0.102599           0
1    0.128248           0
1    0.153898           0
1    0.179547           0
1    0.205197           0
1    0.230847           0
1    0.256496           0
1    0.282146           0
1    0.307796           0
1    0.333445           0
1    0.359095           0
1    0.384745           0
1    0.410394           0
1    0.436044           0
1    0.461694           0
1    0.487343           0
1    0.512993           0
1    0.538642           0
1    0.564292           0
1    0.589942           0
1    0.615591           0
1    0.641241           0
1    0.666891           0
1     0.69254           0
1     0.71819           0
1     0.74384           0
1    0.769489           0
1    0.795139           0
1    0.820788           0
1    0.846438           0
1    0.872088           0
1    0.897737 0.000346447
1    0.923387   0.0150754
1    0.949037    0.131178
1    0.974686    0.503701
1     1.00034     1.14006
1     1.02599     1.81674
1     1.05164      2.2355
1     1.07728     2.41352
1     1.10293     2.38159
1     1.12858     2.30321
1     1.15423     2.10797
1     1.17988     1.89905
1     1.20553      1.7194
1     1.23118     1.55512
1     1.25683     1.36382
1     1.28248     1.21652
1     1.30813     1.08109
1     1.33378    0.982081
1     1.35943    0.882329
1     1.38508    0.811661
1     1.41073    0.767154
1     1.43638    0.771493
1     1.46203    0.717358
1     1.48768    0.698784
1     1.51333    0.662729
1     1.53898    0.650247
1     1.56463    0.643818
1     1.59028     0.64937
1     1.61593    0.647216
1     1.64158      0.6357
1     1.66723    0.651956
1     1.69288    0.676384
1     1.71853    0.720124
1     1.74418    0.769787
1     1.76983    0.805602
1     1.79547    0.858988
1     1.82112    0.872239
1     1.84677    0.902422
1     1.87242    0.947461
1     1.89807    0.991426
1     1.92372      1.0193
1     1.94937     1.06296
1     1.97502     1.08201
1     2.00067     1.13168
1     2.02632     1.18729
1     2.05197     1.17395
1     2.07762     1.18315
1     2.10327     1.22825
1     2.12892     1.18235
1     2.15457     1.15209
1     2.18022     1.13282
1     2.20587     1.12723
1     2.23152     1.12083
1     2.25717     1.07851
1     2.28282     1.04222
1     2.30847    0.990181
1     2.33412    0.990743
1     2.35977    0.969948
1     2.38542    0.963421
1     2.41107    0.960448
1     2.43672    0.926412
1     2.46237    0.891322
1     2.48802    0.890265
1     2.51366    0.873068
1     2.53931    0.852498
1     2.56496    0.851505
2   0.0256496           0
2   0.0512993           0
2   0.0769489           0
2    0.102599           0
2    0.128248           0
2    0.153898           0
2    0.179547           0
2    0.205197           0
2    0.230847           0
2    0.256496           0
2    0.282146           0
2    0.307796           0
2    0.333445           0
2    0.359095           0
2    0.384745           0
2    0.410394           0
2    0.436044           0
2    0.461694           0
2    0.487343           0
2    0.512993           0
2    0.538642           0
2    0.564292           0
2    0.589942           0
2    0.615591           0
2    0.641241           0
2    0.666891           0
2     0.69254           0
2     0.71819           0
2     0.74384           0
2    0.769489           0
2    0.795139           0
2    0.820788           0
2    0.846438           0
2    0.872088           0
2    0.897737 0.000692895
2    0.923387   0.0181068
2    0.949037    0.129936
2    0.974686    0.507309
2     1.00034     1.10473
2     1.02599     1.75911
2     1.05164     2.23753
2     1.07728     2.41364
2     1.10293     2.39694
2     1.12858     2.29467
2     1.15423     2.11514
2     1.17988     1.91449
2     1.20553     1.71659
2     1.23118     1.53531
2     1.25683     1.34903
2     1.28248     1.22812
2     1.30813     1.08529
2     1.33378    0.999863
2     1.35943    0.905211
2     1.38508    0.833858
2     1.41073    0.777396
2     1.43638    0.769612
2     1.46203    0.730465
2     1.48768    0.691097
2     1.51333    0.671855
2     1.53898    0.658746
2     1.56463    0.654381
2     1.59028    0.644424
2     1.61593    0.653118
2     1.64158    0.644306
2     1.66723     0.65646
2     1.69288    0.669818
2     1.71853    0.707618
2     1.74418    0.759318
2     1.76983    0.791681
2     1.79547     0.83786
2     1.82112    0.876894
2     1.84677    0.912535
2     1.87242    0.953968
2     1.89807    0.981297
2     1.92372     1.01392
2     1.94937      1.0466
2     1.97502     1.07727
2     2.00067     1.13021
2     2.02632     1.17107
2     2.05197     1.17314
2     2.07762     1.18094
2     2.10327     1.21565
2     2.12892     1.19813
2     2.15457     1.17535
2     2.18022     1.14181
2     2.20587     1.13333
2     2.23152     1.12028
2     2.25717     1.08882
2     2.28282     1.04226
2     2.30847     1.00733
2     2.33412    0.989648
2     2.35977    0.965496
2     2.38542    0.951984
2     2.41107    0.937908
2     2.43672     0.92695
2     2.46237    0.896527
2     2.48802    0.883088
2     2.51366    0.868793
2     2.53931    0.870018
2     2.56496    0.859794
3   0.0256496           0
3   0.0512993           0
3   0.0769489           0
3    0.102599           0
3    0.128248           0
3    0.153898           0
3    0.179547           0
3    0.205197           0
3    0.230847           0
3    0.256496           0
3    0.282146           0
3    0.307796           0
3    0.333445           0
3    0.359095           0
3    0.384745           0
3    0.410394           0
3    0.436044           0
3    0.461694           0
3    0.487343           0
3    0.512993           0
3    0.538642           0
3    0.564292           0
3    0.589942           0
3    0.615591           0
3    0.641241           0
3    0.666891           0
3     0.69254           0
3     0.71819           0
3     0.74384           0
3    0.769489           0
3    0.795139           0
3    0.820788           0
3    0.846438           0
3    0.872088           0
3    0.897737  0.00115482
3    0.923387   0.0183526
3    0.949037    0.134542
3    0.974686     0.50321
3     1.00034     1.09663
3     1.02599     1.75898
3     1.05164     2.21742
3     1.07728      2.3889
3     1.10293     2.42347
3     1.12858     2.32335
3     1.15423     2.12119
3     1.17988     1.92974
3     1.20553     1.71463
3     1.23118     1.51524
3     1.25683      1.3414
3     1.28248      1.2234
3     1.30813     1.09036
3     1.33378     1.00701
3     1.35943    0.907982
3     1.38508    0.846255
3     1.41073    0.791157
3     1.43638    0.769259
3     1.46203    0.718568
3     1.48768     0.68862
3     1.51333    0.658515
3     1.53898    0.647841
3     1.56463    0.647147
3     1.59028    0.639384
3     1.61593    0.637796
3     1.64158    0.636504
3     1.66723    0.657605
3     1.69288    0.681485
3     1.71853    0.717329
3     1.74418    0.760885
3     1.76983    0.795086
3     1.79547    0.847158
3     1.82112    0.883684
3     1.84677    0.913816
3     1.87242    0.952418
3     1.89807    0.979901
3     1.92372     1.02247
3     1.94937     1.04954
3     1.97502     1.07537
3     2.00067     1.12814
3     2.02632     1.16489
3     2.05197     1.17809
3     2.07762     1.18904
3     2.10327     1.20485
3     2.12892     1.18706
3     2.15457     1.16456
3     2.18022     1.13629
3     2.20587     1.13451
3     2.23152     1.12367
3     2.25717     1.09636
3     2.28282     1.04545
3     2.30847     1.01909
3     2.33412    0.986727
3     2.35977    0.966469
3     2.38542    0.947022
3     2.41107    0.936946
3     2.43672    0.927074
3     2.46237    0.895308
3     2.48802    0.878629
3     2.51366    0.863302
3     2.53931    0.868846
3     2.56496    0.863487
4   0.0256496           0
4   0.0512993           0
4   0.0769489           0
4    0.102599           0
4    0.128248           0
4    0.153898           0
4    0.179547           0
4    0.205197           0
4    0.230847           0
4    0.256496           0
4    0.282146           0
4    0.307796           0
4    0.333445           0
4    0.359095           0
4    0.384745           0
4    0.410394           0
4    0.436044           0
4    0.461694           0
4    0.487343           0
4    0.512993           0
4    0.538642           0
4    0.564292           0
4    0.589942           0
4    0.615591           0
4    0.641241           0
4    0.666891           0
4     0.69254           0
4     0.71819           0
4     0.74384           0
4    0.769489           0
4    0.795139           0
4    0.820788           0
4    0.846438           0
4    0.872088           0
4    0.897737  0.00112595
4    0.923387   0.0184345
4    0.949037    0.133313
4    0.974686    0.497037
4     1.00034     1.10091
4     1.02599     1.73662
4     1.05164     2.20277
4     1.07728     2.40908
4     1.10293     2.43328
4     1.12858      2.3259
4     1.15423     2.10953
4     1.17988     1.93085
4     1.20553      1.7195
4     1.23118     1.51858
4     1.25683      1.3368
4     1.28248     1.22136
4     1.30813     1.10072
4     1.33378     1.00911
4     1.35943    0.910608
4     1.38508    0.848741
4     1.41073    0.792191
4     1.43638    0.766313
4     1.46203    0.721501
4     1.48768    0.683586
4     1.51333    0.655544
4     1.53898    0.643358
4     1.56463    0.641798
4     1.59028    0.636599
4     1.61593    0.638296
4     1.64158    0.641748
4     1.66723    0.655137
4     1.69288    0.682098
4     1.71853    0.718531
4     1.74418    0.759609
4     1.76983    0.794179
4     1.79547     0.84189
4     1.82112    0.890773
4     1.84677    0.915079
4     1.87242    0.952139
4     1.89807    0.981445
4     1.92372     1.01831
4     1.94937     1.04599
4     1.97502     1.07821
4     2.00067     1.12731
4     2.02632     1.16432
4     2.05197     1.17735
4     2.07762     1.18914
4     2.10327     1.20313
4     2.12892      1.1884
4     2.15457     1.16907
4     2.18022     1.14253
4     2.20587     1.13393
4     2.23152     1.11999
4     2.25717      1.0943
4     2.28282     1.04739
4     2.30847     1.02341
4     2.33412     0.99309
4     2.35977    0.967569
4     2.38542    0.942269
4     2.41107    0.935384
4     2.43672    0.921008
4     2.46237     0.89883
4     2.48802    0.875154
4     2.51366    0.857081
4     2.53931    0.862901
4     2.56496    0.861415
5   0.0256496           0
5   0.0512993           0
5   0.0769489           0
5    0.102599           0
5    0.128248           0
5    0.153898           0
5    0.179547           0
5    0.205197           0
5    0.230847           0
5    0.256496           0
5    0.282146           0
5    0.307796           0
5    0.333445           0
5    0.359095           0
5    0.384745           0
5    0.410394           0
5    0.436044           0
5    0.461694           0
5    0.487343           0
5    0.512993           0
5    0.538642           0
5    0.564292           0
5    0.589942           0
5    0.615591           0
5    0.641241           0
5    0.666891           0
5     0.69254           0
5     0.71819           0
5     0.74384           0
5    0.769489           0
5    0.795139           0
5    0.820788           0
5    0.846438           0
5    0.872088           0
5    0.897737  0.00124721
5    0.923387   0.0191064
5    0.949037    0.136363
5    0.974686     0.49999
5     1.00034     1.10301
5     1.02599     1.73095
5     1.05164     2.20044
5     1.07728      2.4046
5     1.10293     2.43051
5     1.12858     2.31774
5     1.15423     2.12301
5     1.17988     1.92936
5     1.20553     1.71938
5     1.23118     1.52321
5     1.25683     1.34705
5     1.28248      1.2258
5     1.30813     1.10323
5     1.33378     1.00442
5     1.35943    0.912991
5     1.38508    0.843075
5     1.41073    0.789182
5     1.43638    0.760154
5     1.46203    0.719656
5     1.48768    0.681101
5     1.51333    0.657327
5     1.53898    0.650748
5     1.56463    0.650872
5     1.59028    0.640338
5     1.61593    0.638673
5     1.64158    0.643246
5     1.66723    0.658653
5     1.69288    0.688252
5     1.71853    0.718111
5     1.74418     0.75085
5     1.76983    0.788237
5     1.79547    0.841067
5     1.82112    0.885725
5     1.84677    0.913918
5     1.87242    0.951284
5     1.89807    0.981624
5     1.92372     1.02195
5     1.94937     1.05067
5     1.97502     1.08655
5     2.00067     1.12821
5     2.02632       1.162
5     2.05197     1.17533
5     2.07762     1.18556
5     2.10327     1.19279
5     2.12892     1.18328
5     2.15457     1.16778
5     2.18022     1.14515
5     2.20587     1.13771
5     2.23152     1.12107
5     2.25717     1.09272
5     2.28282     1.05048
5     2.30847     1.02751
5     2.33412    0.995964
5     2.35977    0.973178
5     2.38542    0.945711
5     2.41107      0.9316
5     2.43672    0.919101
5     2.46237    0.895359
5     2.48802    0.870189
5     2.51366     0.85499
5     2.53931    0.862752
5     2.56496    0.860605
6   0.0256496           0
6   0.0512993           0
6   0.0769489           0
6    0.102599           0
6    0.128248           0
6    0.153898           0
6    0.179547           0
6    0.205197           0
6    0.230847           0
6    0.256496           0
6    0.282146           0
6    0.307796           0
6    0.333445           0
6    0.359095           0
6    0.384745           0
6    0.410394           0
6    0.436044           0
6    0.461694           0
6    0.487343           0
6    0.512993           0
6    0.538642           0
6    0.564292           0
6    0.589942           0
6    0.615591           0
6    0.641241           0
6    0.666891           0
6     0.69254           0
6     0.71819           0
6     0.74384           0
6    0.769489           0
6    0.795139           0
6    0.820788           0
6    0.846438           0
6    0.872088           0
6    0.897737  0.00103934
6    0.923387   0.0184618
6    0.949037    0.137129
6    0.974686    0.503799
6     1.00034     1.10321
6     1.02599     1.74509
6     1.05164     2.21846
6     1.07728     2.41771
6     1.10293     2.43695
6     1.12858     2.31964
6     1.15423     2.12504
6     1.17988     1.92533
6     1.20553     1.71522
6     1.23118     1.51896
6     1.25683      1.3393
6     1.28248     1.21377
6     1.30813     1.09726
6     1.33378    0.990068
6     1.35943    0.908224
6     1.38508    0.840681
6     1.41073    0.784613
6     1.43638    0.757223
6     1.46203    0.714298
6     1.48768    0.681039
6     1.51333    0.658155
6     1.53898    0.649133
6     1.56463      0.6486
6     1.59028    0.642197
6     1.61593     0.64422
6     1.64158    0.642321
6     1.66723     0.65942
6     1.69288    0.688438
6     1.71853     0.72236
6     1.74418    0.753782
6     1.76983    0.794582
6     1.79547    0.843724
6     1.82112    0.888759
6     1.84677    0.915235
6     1.87242    0.951556
6     1.89807     0.98211
6     1.92372     1.02468
6     1.94937     1.05572
6     1.97502     1.09247
6     2.00067     1.12977
6     2.02632     1.16252
6     2.05197     1.17551
6     2.07762     1.18681
6     2.10327     1.19376
6     2.12892     1.18532
6     2.15457     1.17253
6     2.18022     1.14993
6     2.20587     1.13662
6     2.23152     1.11787
6     2.25717     1.08662
6     2.28282     1.04366
6     2.30847     1.01938
6     2.33412    0.992486
6     2.35977    0.965678
6     2.38542    0.939547
6     2.41107    0.926532
6     2.43672    0.913805
6     2.46237    0.891768
6     2.48802     0.87141
6     2.51366    0.859815
6     2.53931    0.864858
6     2.56496    0.859268
7   0.0256496           0
7   0.0512993           0
7   0.0769489           0
7    0.102599           0
7    0.128248           0
7    0.153898           0
7    0.179547           0
7    0.205197           0
7    0.230847           0
7    0.256496           0
7    0.282146           0
7    0.307796           0
7    0.333445           0
7    0.359095           0
7    0.384745           0
7    0.410394           0
7    0.436044           0
7    0.461694           0
7    0.487343           0
7    0.512993           0
7    0.538642           0
7    0.564292           0
7    0.589942           0
7    0.615591           0
7    0.641241           0
7    0.666891           0
7     0.69254           0
7     0.71819           0
7     0.74384           0
7    0.769489           0
7    0.795139           0
7    0.820788           0
7    0.846438           0
7    0.872088           0
7    0.897737  0.00123731
7    0.923387   0.0184697
7    0.949037    0.137521
7    0.974686    0.505321
7     1.00034     1.10618
7     1.02599     1.75113
7     1.05164     2.22252
7     1.07728     2.42794
7     1.10293      2.4415
7     1.12858     2.31366
7     1.15423     2.12082
7     1.17988     1.91569
7     1.20553      1.7156
7     1.23118     1.51397
7     1.25683     1.34321
7     1.28248     1.21223
7     1.30813     1.09534
7     1.33378    0.988531
7     1.35943    0.908807
7     1.38508    0.841575
7     1.41073    0.785855
7     1.43638    0.752989
7     1.46203    0.713603
7     1.48768    0.683784
7     1.51333    0.660324
7     1.53898    0.650144
7     1.56463     0.64555
7     1.59028     0.64145
7     1.61593    0.646219
7     1.64158    0.642117
7     1.66723    0.658935
7     1.69288    0.687266
7     1.71853    0.720343
7     1.74418    0.750797
7     1.76983    0.795265
7     1.79547    0.840314
7     1.82112    0.886094
7     1.84677     0.91684
7     1.87242     0.95253
7     1.89807    0.984688
7     1.92372     1.02726
7     1.94937     1.05953
7     1.97502     1.09645
7     2.00067     1.13651
7     2.02632     1.16776
7     2.05197     1.17314
7     2.07762     1.18171
7     2.10327      1.1904
7     2.12892     1.18476
7     2.15457     1.17205
7     2.18022     1.15065
7     2.20587     1.13356
7     2.23152     1.11555
7     2.25717     1.08488
7     2.28282     1.04682
7     2.30847     1.02359
7     2.33412    0.995161
7     2.35977    0.968643
7     2.38542    0.941288
7     2.41107    0.923309
7     2.43672    0.913191
7     2.46237    0.891004
7     2.48802    0.870314
7     2.51366    0.858972
7     2.53931    0.862232
7     2.56496    0.856158
8   0.0256496           0
8   0.0512993           0
8   0.0769489           0
8    0.102599           0
8    0.128248           0
8    0.153898           0
8    0.179547           0
8    0.205197           0
8    0.230847           0
8    0.256496           0
8    0.282146           0
8    0.307796           0
8    0.333445           0
8    0.359095           0
8    0.384745           0
8    0.410394           0
8    0.436044           0
8    0.461694           0
8    0.487343           0
8    0.512993           0
8    0.538642           0
8    0.564292           0
8    0.589942           0
8    0.615591           0
8    0.641241           0
8    0.666891           0
8     0.69254           0
8     0.71819           0
8     0.74384           0
8    0.769489           0
8    0.795139           0
8    0.820788           0
8    0.846438           0
8    0.872088           0
8    0.897737  0.00108265
8    0.923387   0.0185574
8    0.949037    0.137815
8    0.974686    0.502928
8     1.00034     1.10494
8     1.02599     1.74367
8     1.05164     2.22213
8     1.07728     2.43245
8     1.10293     2.44764
8     1.12858        2.32
8     1.15423     2.12415
8     1.17988      1.9136
8     1.20553     1.70614
8     1.23118     1.50504
8     1.25683     1.33853
8     1.28248     1.20923
8     1.30813     1.09237
8     1.33378    0.984349
8     1.35943    0.911637
8     1.38508    0.841327
8     1.41073     0.78676
8     1.43638    0.757268
8     1.46203    0.717457
8     1.48768    0.684024
8     1.51333    0.662505
8     1.53898    0.654847
8     1.56463    0.649158
8     1.59028    0.645479
8     1.61593    0.650532
8     1.64158    0.646936
8     1.66723    0.663399
8     1.69288    0.688442
8     1.71853    0.720052
8     1.74418    0.750705
8     1.76983    0.794275
8     1.79547    0.834989
8     1.82112     0.87762
8     1.84677    0.912421
8     1.87242    0.949962
8     1.89807    0.984115
8     1.92372     1.02781
8     1.94937     1.05959
8     1.97502     1.09418
8     2.00067     1.13392
8     2.02632     1.16705
8     2.05197     1.16978
8     2.07762     1.18227
8     2.10327     1.18723
8     2.12892     1.18082
8     2.15457     1.16946
8     2.18022      1.1505
8     2.20587     1.13281
8     2.23152     1.11553
8     2.25717      1.0867
8     2.28282      1.0508
8     2.30847     1.02729
8     2.33412    0.999805
8     2.35977    0.972685
8     2.38542    0.943499
8     2.41107    0.923395
8     2.43672    0.912809
8     2.46237    0.891472
8     2.48802    0.875587
8     2.51366    0.862118
8     2.53931    0.864861
8     2.56496    0.859813
9   0.0256496           0
9   0.0512993           0
9   0.0769489           0
9    0.102599           0
9    0.128248           0
9    0.153898           0
9    0.179547           0
9    0.205197           0
9    0.230847           0
9    0.256496           0
9    0.282146           0
9    0.307796           0
9    0.333445           0
9    0.359095           0
9    0.384745           0
9    0.410394           0
9    0.436044           0
9    0.461694           0
9    0.487343           0
9    0.512993           0
9    0.538642           0
9    0.564292           0
9    0.589942           0
9    0.615591           0
9    0.641241           0
9    0.666891           0
9     0.69254           0
9     0.71819           0
9     0.74384           0
9    0.769489           0
9    0.795139           0
9    0.820788           0
9    0.846438           0
9    0.872088           0
9    0.897737  0.00115482
9    0.923387   0.0186985
9    0.949037    0.136974
9    0.974686     0.50753
9     1.00034     1.10999
9     1.02599     1.74169
9     1.05164     2.21476
9     1.07728     2.43337
9     1.10293     2.44853
9     1.12858     2.32231
9     1.15423      2.1224
9     1.17988     1.91556
9     1.20553     1.70802
9     1.23118     1.50733
9     1.25683     1.34146
9     1.28248      1.2076
9     1.30813     1.08677
9     1.33378    0.980761
9     1.35943    0.907516
9     1.38508    0.838202
9     1.41073    0.786991
9     1.43638    0.755634
9     1.46203     0.71622
9     1.48768    0.685664
9     1.51333    0.663839
9     1.53898    0.653905
9     1.56463    0.647942
9     1.59028    0.647103
9     1.61593    0.649887
9     1.64158    0.649594
9     1.66723    0.666849
9     1.69288    0.686998
9     1.71853    0.719544
9     1.74418    0.750499
9     1.76983    0.796698
9     1.79547    0.835981
9     1.82112     0.87994
9     1.84677    0.912104
9     1.87242    0.951179
9     1.89807    0.984088
9     1.92372     1.02418
9     1.94937     1.05983
9     1.97502     1.09811
9     2.00067     1.13777
9     2.02632     1.16687
9     2.05197     1.17096
9     2.07762     1.18359
9     2.10327     1.18926
9     2.12892     1.17989
9     2.15457     1.16991
9     2.18022     1.14878
9     2.20587     1.13126
9     2.23152     1.11233
9     2.25717     1.08455
9     2.28282     1.04891
9     2.30847     1.02548
9     2.33412    0.997517
9     2.35977    0.970526
9     2.38542    0.941304
9     2.41107    0.923346
9     2.43672    0.910501
9     2.46237     0.89008
9     2.48802    0.874286
9     2.51366    0.863032
9     2.53931    0.867439
9     2.56496     0.86328
10   0.0256496           0
10   0.0512993           0
10   0.0769489           0
10    0.102599           0
10    0.128248           0
10    0.153898           0
10    0.179547           0
10    0.205197           0
10    0.230847           0
10    0.256496           0
10    0.282146           0
10    0.307796           0
10    0.333445           0
10    0.359095           0
10    0.384745           0
10    0.410394           0
10    0.436044           0
10    0.461694           0
10    0.487343           0
10    0.512993           0
10    0.538642           0
10    0.564292           0
10    0.589942           0
10    0.615591           0
10    0.641241           0
10    0.666891           0
10     0.69254           0
10     0.71819           0
10     0.74384           0
10    0.769489           0
10    0.795139           0
10    0.820788           0
10    0.846438           0
10    0.872088           0
10    0.897737  0.00110863
10    0.923387   0.0183034
10    0.949037    0.138723
10    0.974686    0.507192
10     1.00034     1.10989
10     1.02599      1.7453
10     1.05164     2.21936
10     1.07728     2.43589
10     1.10293     2.44958
10     1.12858      2.3236
10     1.15423     2.13294
10     1.17988     1.91983
10     1.20553      1.7018
10     1.23118     1.50502
10     1.25683     1.34357
10     1.28248     1.20742
10     1.30813     1.08502
10     1.33378    0.974913
10     1.35943    0.901962
10     1.38508    0.835776
10     1.41073    0.784504
10     1.43638     0.75231
10     1.46203    0.714677
10     1.48768    0.683608
10     1.51333    0.663789
10     1.53898    0.653372
10     1.56463    0.647778
10     1.59028    0.645977
10     1.61593    0.652219
10     1.64158    0.651721
10     1.66723    0.664927
10     1.69288    0.687689
10     1.71853    0.719865
10     1.74418    0.751674
10     1.76983    0.797986
10     1.79547     0.83522
10     1.82112    0.880609
10     1.84677    0.914188
10     1.87242    0.954259
10     1.89807    0.986316
10     1.92372     1.02545
10     1.94937     1.06288
10     1.97502     1.10151
10     2.00067     1.13941
10     2.02632     1.16538
10     2.05197     1.17299
10     2.07762     1.18296
10     2.10327     1.18856
10     2.12892      1.1818
10     2.15457     1.17158
10     2.18022     1.14768
10     2.20587     1.12889
10     2.23152     1.10984
10     2.25717     1.08042
10     2.28282     1.04743
10     2.30847     1.02156
10     2.33412    0.993622
10     2.35977    0.967723
10     2.38542    0.939999
10     2.41107    0.920157
10     2.43672    0.908688
10     2.46237    0.888765
10     2.48802    0.874283
10     2.51366    0.865654
10     2.53931    0.869171
10     2.56496    0.865989
11   0.0256496           0
11   0.0512993           0
11   0.0769489           0
11    0.102599           0
11    0.128248           0
11    0.153898           0
11    0.179547           0
11    0.205197           0
11    0.230847           0
11    0.256496           0
11    0.282146           0
11    0.307796           0
11    0.333445           0
11    0.359095           0
11    0.384745           0
11    0.410394           0
11    0.436044           0
11    0.461694           0
11    0.487343           0
11    0.512993           0
11    0.538642           0
11    0.564292           0
11    0.589942           0
11    0.615591           0
11    0.641241           0
11    0.666891           0
11     0.69254           0
11     0.71819           0
11     0.74384           0
11    0.769489           0
11    0.795139           0
11    0.820788           0
11    0.846438           0
11    0.872088           0
11    0.897737  0.00107084
11    0.923387   0.0188591
11    0.949037    0.139081
11    0.974686    0.506419
11     1.00034     1.10801
11     1.02599     1.74733
11     1.05164     2.22094
11     1.07728     2.44281
11     1.10293     2.45863
11     1.12858     2.33528
11     1.15423     2.13188
11     1.17988     1.91824
11     1.20553     1.69532
11     1.23118     1.50024
11     1.25683     1.34005
11     1.28248     1.20041
11     1.30813     1.07973
11     1.33378    0.974557
11     1.35943    0.901044
11     1.38508    0.836844
11     1.41073    0.787689
11     1.43638    0.750255
11     1.46203    0.712934
11     1.48768     0.68323
11     1.51333    0.663626
11     1.53898    0.655403
11     1.56463    0.648735
11     1.59028    0.647124
11     1.61593    0.652163
11     1.64158    0.653585
11     1.66723    0.667181
11     1.69288    0.690099
11     1.71853    0.722742
11     1.74418    0.755152
11     1.76983    0.798375
11     1.79547    0.836838
11     1.82112    0.877806
11     1.84677    0.913462
11     1.87242    0.952384
11     1.89807    0.984782
11     1.92372     1.02466
11     1.94937     1.06361
11     1.97502     1.10179
11     2.00067     1.13903
11     2.02632     1.16498
11     2.05197     1.17243
11     2.07762     1.18335
11     2.10327     1.18779
11     2.12892     1.18096
11     2.15457     1.17247
11     2.18022     1.14748
11     2.20587     1.12692
11     2.23152     1.10867
11     2.25717     1.07895
11     2.28282     1.04683
11     2.30847     1.02287
11     2.33412    0.993808
11     2.35977    0.967691
11     2.38542    0.940514
11     2.41107    0.921059
11     2.43672    0.909179
11     2.46237    0.889121
11     2.48802    0.873256
11     2.51366    0.865223
11     2.53931     0.86932
11     2.56496    0.867563
12   0.0256496           0
12   0.0512993           0
12   0.0769489           0
12    0.102599           0
12    0.128248           0
12    0.153898           0
12    0.179547           0
12    0.205197           0
12    0.230847           0
12    0.256496           0
12    0.282146           0
12    0.307796           0
12    0.333445           0
12    0.359095           0
12    0.384745           0
12    0.410394           0
12    0.436044           0
12    0.461694           0
12    0.487343           0
12    0.512993           0
12    0.538642           0
12    0.564292           0
12    0.589942           0
12    0.615591           0
12    0.641241           0
12    0.666891           0
12     0.69254           0
12     0.71819           0
12     0.74384           0
12    0.769489           0
12    0.795139           0
12    0.820788           0
12    0.846438           0
12    0.872088           0
12    0.897737  0.00103934
12    0.923387   0.0187213
12    0.949037    0.138164
12    0.974686    0.506561
12     1.00034     1.11037
12     1.02599     1.75008
12     1.05164     2.22027
12     1.07728     2.44326
12     1.10293     2.45474
12     1.12858     2.33249
12     1.15423     2.13325
12     1.17988     1.92043
12     1.20553     1.69719
12     1.23118     1.50042
12     1.25683     1.34069
12     1.28248     1.19921
12     1.30813     1.07891
12     1.33378    0.972273
12     1.35943     0.90066
12     1.38508    0.837312
12     1.41073    0.784844
12     1.43638    0.748178
12     1.46203    0.712851
12     1.48768    0.683532
12     1.51333    0.663977
12     1.53898    0.653487
12     1.56463     0.64973
12     1.59028    0.646301
12     1.61593    0.655098
12     1.64158    0.655134
12     1.66723    0.669694
12     1.69288    0.693325
12     1.71853    0.725806
12     1.74418    0.755945
12     1.76983    0.798559
12     1.79547    0.837004
12     1.82112    0.875413
12     1.84677    0.912442
12     1.87242    0.950933
12     1.89807    0.982779
12     1.92372     1.02115
12     1.94937     1.06337
12     1.97502     1.10107
12     2.00067     1.13569
12     2.02632      1.1637
12     2.05197     1.17346
12     2.07762     1.18475
12     2.10327     1.19154
12     2.12892     1.18417
12     2.15457     1.17627
12     2.18022     1.14868
12     2.20587     1.12619
12     2.23152     1.10986
12     2.25717     1.07888
12     2.28282     1.04635
12     2.30847     1.02013
12     2.33412    0.992588
12     2.35977    0.967611
12     2.38542    0.939529
12     2.41107    0.918401
12     2.43672    0.907092
12     2.46237    0.888312
12     2.48802    0.874072
12     2.51366    0.867047
12     2.53931    0.869641
12     2.56496    0.866857
13   0.0256496           0
13   0.0512993           0
13   0.0769489           0
13    0.102599           0
13    0.128248           0
13    0.153898           0
13    0.179547           0
13    0.205197           0
13    0.230847           0
13    0.256496           0
13    0.282146           0
13    0.307796           0
13    0.333445           0
13    0.359095           0
13    0.384745           0
13    0.410394           0
13    0.436044           0
13    0.461694           0
13    0.487343           0
13    0.512993           0
13    0.538642           0
13    0.564292           0
13    0.589942           0
13    0.615591           0
13    0.641241           0
13    0.666891           0
13     0.69254           0
13     0.71819           0
13     0.74384           0
13    0.769489           0
13    0.795139           0
13    0.820788           0
13    0.846438           0
13    0.872088           0
13    0.897737 0.000959393
13    0.923387   0.0191089
13    0.949037    0.139059
13    0.974686    0.504687
13     1.00034     1.11124
13     1.02599     1.75284
13     1.05164      2.2185
13     1.07728     2.43949
13     1.10293      2.4527
13     1.12858     2.33402
13     1.15423     2.13276
13     1.17988     1.91828
13     1.20553     1.70086
13     1.23118     1.50355
13     1.25683        1.34
13     1.28248     1.19944
13     1.30813     1.07568
13     1.33378    0.971961
13     1.35943    0.901755
13     1.38508    0.838262
13     1.41073    0.786083
13     1.43638    0.748399
13     1.46203    0.710638
13     1.48768     0.68212
13     1.51333    0.661604
13     1.53898    0.652931
13     1.56463    0.649404
13     1.59028    0.645741
13     1.61593    0.656116
13     1.64158    0.657663
13     1.66723    0.672319
13     1.69288    0.694054
13     1.71853    0.724145
13     1.74418    0.756115
13     1.76983    0.798176
13     1.79547    0.837685
13     1.82112    0.877975
13     1.84677     0.91308
13     1.87242     0.94886
13     1.89807    0.981281
13     1.92372     1.01958
13     1.94937     1.06157
13     1.97502     1.10055
13     2.00067     1.13568
13     2.02632     1.16452
13     2.05197     1.17462
13     2.07762     1.18568
13     2.10327     1.19208
13     2.12892     1.18589
13     2.15457     1.17642
13     2.18022     1.15121
13     2.20587     1.12982
13     2.23152     1.10863
13     2.25717     1.07637
13     2.28282     1.04553
13     2.30847     1.01954
13     2.33412    0.992236
13     2.35977    0.967426
13     2.38542    0.940097
13     2.41107    0.918709
13     2.43672    0.907431
13     2.46237    0.887725
13     2.48802     0.87346
13     2.51366     0.86727
13     2.53931    0.868596
13     2.56496    0.865756
14   0.0256496           0
14   0.0512993           0
14   0.0769489           0
14    0.102599           0
14    0.128248           0
14    0.153898           0
14    0.179547           0
14    0.205197           0
14    0.230847           0
14    0.256496           0
14    0.282146           0
14    0.307796           0
14    0.333445           0
14    0.359095           0
14    0.384745           0
14    0.410394           0
14    0.436044           0
14    0.461694           0
14    0.487343           0
14    0.512993           0
14    0.538642           0
14    0.564292           0
14    0.589942           0
14    0.615591           0
14    0.641241           0
14    0.666891           0
14     0.69254           0
14     0.71819           0
14     0.74384           0
14    0.769489           0
14    0.795139           0
14    0.820788           0
14    0.846438           0
14    0.872088           0
14    0.897737  0.00100222
14    0.923387   0.0194762
14    0.949037    0.138851
14    0.974686    0.506752
14     1.00034     1.10939
14     1.02599     1.75536
14     1.05164     2.21888
14     1.07728     2.43406
14     1.10293     2.45135
14     1.12858     2.33397
14     1.15423     2.13136
14     1.17988     1.92109
14     1.20553     1.70354
14     1.23118     1.50275
14     1.25683     1.34111
14     1.28248     1.20171
14     1.30813     1.07538
14     1.33378    0.972843
14     1.35943    0.901512
14     1.38508     0.83811
14     1.41073     0.78581
14     1.43638     0.74657
14     1.46203    0.709623
14     1.48768    0.682585
14     1.51333    0.663112
14     1.53898    0.652496
14     1.56463    0.650469
14     1.59028    0.645689
14     1.61593    0.654243
14     1.64158    0.656113
14     1.66723    0.670773
14     1.69288    0.694548
14     1.71853    0.723793
14     1.74418    0.754357
14     1.76983    0.795882
14     1.79547    0.836423
14     1.82112    0.876821
14     1.84677    0.914134
14     1.87242    0.950281
14     1.89807    0.983022
14     1.92372     1.02025
14     1.94937     1.06381
14     1.97502       1.101
14     2.00067     1.13548
14     2.02632     1.16458
14     2.05197     1.17442
14     2.07762     1.18849
14     2.10327     1.19276
14     2.12892     1.18635
14     2.15457     1.17858
14     2.18022     1.15393
14     2.20587     1.13243
14     2.23152     1.10972
14     2.25717     1.07472
14     2.28282     1.04325
14     2.30847     1.01748
14     2.33412    0.990626
14     2.35977    0.966409
14     2.38542    0.938793
14     2.41107    0.915958
14     2.43672    0.905882
14     2.46237     0.88804
14     2.48802    0.874445
14     2.51366    0.868356
14     2.53931    0.868547
14     2.56496    0.866055
15   0.0256496           0
15   0.0512993           0
15   0.0769489           0
15    0.102599           0
15    0.128248           0
15    0.153898           0
15    0.179547           0
15    0.205197           0
15    0.230847           0
15    0.256496           0
15    0.282146           0
15    0.307796           0
15    0.333445           0
15    0.359095           0
15    0.384745           0
15    0.410394           0
15    0.436044           0
15    0.461694           0
15    0.487343           0
15    0.512993           0
15    0.538642           0
15    0.564292           0
15    0.589942           0
15    0.615591           0
15    0.641241           0
15    0.666891           0
15     0.69254           0
15     0.71819           0
15     0.74384           0
15    0.769489           0
15    0.795139           0
15    0.820788           0
15    0.846438           0
15    0.872088           0
15    0.897737   0.0010047
15    0.923387   0.0197727
15    0.949037    0.138857
15    0.974686    0.506293
15     1.00034     1.10737
15     1.02599     1.75321
15     1.05164     2.21644
15     1.07728     2.43485
15     1.10293     2.45619
15     1.12858     2.33457
15     1.15423     2.13382
15     1.17988     1.92246
15     1.20553     1.70137
15     1.23118     1.49979
15     1.25683     1.33919
15     1.28248     1.20119
15     1.30813     1.07599
15     1.33378    0.973279
15     1.35943    0.901291
15     1.38508    0.838591
15     1.41073    0.785752
15     1.43638    0.746321
15     1.46203    0.710323
15     1.48768    0.683006
15     1.51333    0.663181
15     1.53898    0.651682
15     1.56463    0.649314
15     1.59028    0.644347
15     1.61593    0.653028
15     1.64158     0.65775
15     1.66723    0.671018
15     1.69288    0.694838
15     1.71853    0.723906
15     1.74418    0.753288
15     1.76983    0.795394
15     1.79547    0.835398
15     1.82112    0.876461
15     1.84677    0.913151
15     1.87242    0.950824
15     1.89807     0.98545
15     1.92372     1.02316
15     1.94937     1.06455
15     1.97502      1.1008
15     2.00067     1.13661
15     2.02632     1.16533
15     2.05197     1.17561
15     2.07762     1.18946
15     2.10327     1.19204
15     2.12892     1.18767
15     2.15457     1.17789
15     2.18022     1.15411
15     2.20587     1.13137
15     2.23152     1.10809
15     2.25717     1.07272
15     2.28282      1.0422
15     2.30847      1.0169
15     2.33412    0.989806
15     2.35977    0.965804
15     2.38542    0.938245
15     2.41107    0.914558
15     2.43672    0.905441
15     2.46237    0.887237
15     2.48802    0.875774
15     2.51366    0.869927
15     2.53931    0.869425
15     2.56496    0.866614
16   0.0256496           0
16   0.0512993           0
16   0.0769489           0
16    0.102599           0
16    0.128248           0
16    0.153898           0
16    0.179547           0
16    0.205197           0
16    0.230847           0
16    0.256496           0
16    0.282146           0
16    0.307796           0
16    0.333445           0
16    0.359095           0
16    0.384745           0
16    0.410394           0
16    0.436044           0
16    0.461694           0
16    0.487343           0
16    0.512993           0
16    0.538642           0
16    0.564292           0
16    0.589942           0
16    0.615591           0
16    0.641241           0
16    0.666891           0
16     0.69254           0
16     0.71819           0
16     0.74384           0
16    0.769489           0
16    0.795139           0
16    0.820788           0
16    0.846438           0
16    0.872088           0
16    0.897737 0.000941904
16    0.923387   0.0192846
16    0.949037    0.139008
16    0.974686    0.508285
16     1.00034     1.10637
16     1.02599     1.75336
16     1.05164     2.21865
16     1.07728     2.43667
16     1.10293     2.45851
16     1.12858     2.33598
16     1.15423     2.13271
16     1.17988     1.91952
16     1.20553     1.69876
16     1.23118     1.50036
16     1.25683     1.34218
16     1.28248     1.19883
16     1.30813     1.07483
16     1.33378    0.971478
16     1.35943    0.899291
16     1.38508    0.837275
16     1.41073     0.78645
16     1.43638    0.744702
16     1.46203    0.710049
16     1.48768    0.682214
16     1.51333    0.662239
16     1.53898    0.651563
16     1.56463     0.64923
16     1.59028    0.643369
16     1.61593    0.651683
16     1.64158    0.657697
16     1.66723    0.671624
16     1.69288    0.695924
16     1.71853    0.724993
16     1.74418    0.755166
16     1.76983    0.799119
16     1.79547    0.836891
16     1.82112    0.877201
16     1.84677    0.912836
16     1.87242    0.951336
16     1.89807    0.986809
16     1.92372     1.02282
16     1.94937     1.06646
16     1.97502     1.10133
16     2.00067     1.13604
16     2.02632     1.16537
16     2.05197     1.17618
16     2.07762     1.18863
16     2.10327     1.19135
16     2.12892     1.18878
16     2.15457     1.17767
16     2.18022     1.15319
16     2.20587     1.13061
16     2.23152     1.10704
16     2.25717     1.07103
16     2.28282     1.04089
16     2.30847     1.01643
16     2.33412    0.988647
16     2.35977    0.964657
16     2.38542    0.937774
16     2.41107    0.913922
16     2.43672    0.904875
16     2.46237    0.886784
16     2.48802    0.875501
16     2.51366    0.870182
16     2.53931    0.870248
16     2.56496    0.866966
17   0.0256496           0
17   0.0512993           0
17   0.0769489           0
17    0.102599           0
17    0.128248           0
17    0.153898           0
17    0.179547           0
17    0.205197           0
17    0.230847           0
17    0.256496           0
17    0.282146           0
17    0.307796           0
17    0.333445           0
17    0.359095           0
17    0.384745           0
17    0.410394           0
17    0.436044           0
17    0.461694           0
17    0.487343           0
17    0.512993           0
17    0.538642           0
17    0.564292           0
17    0.589942           0
17    0.615591           0
17    0.641241           0
17    0.666891           0
17     0.69254           0
17     0.71819           0
17     0.74384           0
17    0.769489           0
17    0.795139           0
17    0.820788           0
17    0.846438           0
17    0.872088           0
17    0.897737 0.000978204
17    0.923387   0.0193551
17    0.949037    0.138894
17    0.974686     0.50915
17     1.00034     1.10855
17     1.02599     1.75495
17     1.05164     2.21631
17     1.07728     2.43538
17     1.10293     2.45562
17     1.12858     2.33399
17     1.15423     2.13095
17     1.17988     1.91892
17     1.20553     1.69767
17     1.23118     1.50085
17     1.25683     1.34405
17     1.28248     1.20082
17     1.30813     1.07816
17     1.33378    0.974976
17     1.35943    0.899809
17     1.38508    0.837693
17     1.41073    0.787016
17     1.43638    0.745135
17     1.46203    0.711007
17     1.48768    0.682975
17     1.51333    0.663135
17     1.53898    0.651668
17     1.56463    0.648657
17     1.59028    0.642292
17     1.61593    0.649181
17     1.64158    0.657332
17     1.66723    0.670859
17     1.69288    0.694914
17     1.71853    0.723926
17     1.74418    0.753626
17     1.76983    0.794946
17     1.79547    0.833832
17     1.82112    0.875743
17     1.84677    0.914897
17     1.87242    0.954381
17     1.89807    0.989582
17     1.92372     1.02291
17     1.94937     1.06711
17     1.97502     1.10068
17     2.00067      1.1363
17     2.02632     1.16563
17     2.05197     1.17635
17     2.07762     1.18927
17     2.10327     1.19086
17     2.12892     1.18927
17     2.15457     1.17798
17     2.18022      1.1521
17     2.20587     1.12851
17     2.23152     1.10566
17     2.25717     1.07141
17     2.28282     1.04097
17     2.30847     1.01699
17     2.33412    0.989209
17     2.35977    0.964888
17     2.38542    0.939209
17     2.41107    0.916423
17     2.43672    0.906746
17     2.46237    0.888913
17     2.48802    0.877144
17     2.51366    0.870667
17     2.53931    0.869894
17     2.56496    0.866059
18   0.0256496           0
18   0.0512993           0
18   0.0769489           0
18    0.102599           0
18    0.128248           0
18    0.153898           0
18    0.179547           0
18    0.205197           0
18    0.230847           0
18    0.256496           0
18    0.282146           0
18    0.307796           0
18    0.333445           0
18    0.359095           0
18    0.384745           0
18    0.410394           0
18    0.436044           0
18    0.461694           0
18    0.487343           0
18    0.512993           0
18    0.538642           0
18    0.564292           0
18    0.589942           0
18    0.615591           0
18    0.641241           0
18    0.666891           0
18     0.69254           0
18     0.71819           0
18     0.74384           0
18    0.769489           0
18    0.795139           0
18    0.820788           0
18    0.846438           0
18    0.872088           0
18    0.897737  0.00101047
18    0.923387   0.0196362
18    0.949037    0.139113
18    0.974686    0.510803
18     1.00034     1.10979
18     1.02599     1.75731
18     1.05164      2.2144
18     1.07728     2.43324
18     1.10293     2.45805
18     1.12858     2.33195
18     1.15423     2.12917
18     1.17988     1.91652
18     1.20553     1.69756
18     1.23118      1.5016
18     1.25683     1.34353
18     1.28248     1.20072
18     1.30813      1.0779
18     1.33378    0.976951
18     1.35943    0.900787
18     1.38508    0.838635
18     1.41073    0.787417
18     1.43638    0.745498
18     1.46203    0.711587
18     1.48768    0.683098
18     1.51333     0.66464
18     1.53898    0.651814
18     1.56463    0.649324
18     1.59028    0.643014
18     1.61593    0.649262
18     1.64158    0.656545
18     1.66723    0.670018
18     1.69288    0.694071
18     1.71853     0.72245
18     1.74418      0.7538
18     1.76983    0.793786
18     1.79547    0.833919
18     1.82112    0.875674
18     1.84677    0.913581
18     1.87242    0.954376
18     1.89807    0.989431
18     1.92372     1.02301
18     1.94937     1.06725
18     1.97502     1.10062
18     2.00067     1.13512
18     2.02632     1.16404
18     2.05197     1.17622
18     2.07762     1.18822
18     2.10327     1.19159
18     2.12892     1.18979
18     2.15457     1.17805
18     2.18022     1.15324
18     2.20587     1.13042
18     2.23152     1.10714
18     2.25717     1.07216
18     2.28282     1.04115
18     2.30847     1.01688
18     2.33412    0.989351
18     2.35977    0.965608
18     2.38542    0.939253
18     2.41107    0.915964
18     2.43672    0.906021
18     2.46237     0.88961
18     2.48802    0.877395
18     2.51366    0.870813
18     2.53931     0.86955
18     2.56496    0.866059
19   0.0256496           0
19   0.0512993           0
19   0.0769489           0
19    0.102599           0
19    0.128248           0
19    0.153898           0
19    0.179547           0
19    0.205197           0
19    0.230847           0
19    0.256496           0
19    0.282146           0
19    0.307796           0
19    0.333445           0
19    0.359095           0
19    0.384745           0
19    0.410394           0
19    0.436044           0
19    0.461694           0
19    0.487343           0
19    0.512993           0
19    0.538642           0
19    0.564292           0
19    0.589942           0
19    0.615591           0
19    0.641241           0
19    0.666891           0
19     0.69254           0
19     0.71819           0
19     0.74384           0
19    0.769489           0
19    0.795139           0
19    0.820788           0
19    0.846438           0
19    0.872088           0
19    0.897737 0.000957289
19    0.923387   0.0197066
19    0.949037    0.138875
19    0.974686    0.509112
19     1.00034      1.1095
19     1.02599     1.75555
19     1.05164     2.21194
19     1.07728     2.43489
19     1.10293     2.45544
19     1.12858     2.33214
19     1.15423     2.13046
19     1.17988     1.91576
19     1.20553     1.69575
19     1.23118     1.50254
19     1.25683     1.34268
19     1.28248     1.20417
19     1.30813     1.07989
19     1.33378    0.977909
19     1.35943    0.902566
19     1.38508    0.842507
19     1.41073    0.788659
19     1.43638    0.746157
19     1.46203    0.710324
19     1.48768    0.682517
19     1.51333    0.664822
19     1.53898    0.651766
19     1.56463    0.647871
19     1.59028    0.641951
19     1.61593    0.649838
19     1.64158    0.657187
19     1.66723    0.669793
19     1.69288    0.692969
19     1.71853     0.72143
19     1.74418    0.752876
19     1.76983    0.792052
19     1.79547     0.83277
19     1.82112      0.8747
19     1.84677    0.913389
19     1.87242    0.953615
19     1.89807    0.988194
19     1.92372     1.02303
19     1.94937     1.06715
19     1.97502     1.10188
19     2.00067     1.13596
19     2.02632     1.16411
19     2.05197     1.17666
19     2.07762     1.18832
19     2.10327     1.19082
19     2.12892     1.19009
19     2.15457     1.17741
19     2.18022     1.15273
19     2.20587      1.1303
19     2.23152     1.10827
19     2.25717     1.07309
19     2.28282     1.04275
19     2.30847     1.01734
19     2.33412    0.989803
19     2.35977    0.966494
19     2.38542    0.940346
19     2.41107    0.917061
19     2.43672    0.907301
19     2.46237    0.890641
19     2.48802    0.878192
19     2.51366    0.871816
19     2.53931    0.869102
19     2.56496    0.865298
20   0.0256496           0
20   0.0512993           0
20   0.0769489           0
20    0.102599           0
20    0.128248           0
20    0.153898           0
20    0.179547           0
20    0.205197           0
20    0.230847           0
20    0.256496           0
20    0.282146           0
20    0.307796           0
20    0.333445           0
20    0.359095           0
20    0.384745           0
20    0.410394           0
20    0.436044           0
20    0.461694           0
20    0.487343           0
20    0.512993           0
20    0.538642           0
20    0.564292           0
20    0.589942           0
20    0.615591           0
20    0.641241           0
20    0.666891           0
20     0.69254           0
20     0.71819           0
20     0.74384           0
20    0.769489           0
20    0.795139           0
20    0.820788           0
20    0.846438           0
20    0.872088           0
20    0.897737 0.000944069
20    0.923387   0.0195242
20    0.949037    0.138404
20    0.974686    0.508458
20     1.00034     1.11065
20     1.02599     1.75463
20     1.05164     2.21216
20     1.07728     2.43422
20     1.10293     2.45569
20     1.12858     2.33155
20     1.15423      2.1284
20     1.17988     1.91568
20     1.20553     1.69788
20     1.23118     1.50272
20     1.25683     1.34275
20     1.28248     1.20471
20     1.30813     1.08186
20     1.33378    0.979107
20     1.35943    0.902126
20     1.38508    0.840491
20     1.41073    0.786921
20     1.43638    0.746179
20     1.46203    0.710804
20     1.48768    0.683327
20     1.51333    0.665208
20     1.53898    0.652591
20     1.56463    0.647449
20     1.59028    0.642509
20     1.61593    0.650032
20     1.64158    0.658656
20     1.66723    0.670202
20     1.69288    0.695452
20     1.71853    0.721518
20     1.74418      0.7527
20     1.76983    0.792551
20     1.79547    0.832225
20     1.82112    0.873603
20     1.84677    0.912413
20     1.87242     0.95307
20     1.89807     0.98789
20     1.92372     1.02282
20     1.94937     1.06548
20     1.97502     1.10034
20     2.00067     1.13401
20     2.02632     1.16287
20     2.05197     1.17551
20     2.07762     1.18848
20     2.10327     1.19113
20     2.12892     1.19123
20     2.15457     1.17728
20     2.18022     1.15321
20     2.20587     1.13015
20     2.23152      1.1084
20     2.25717     1.07375
20     2.28282     1.04357
20     2.30847     1.01786
20     2.33412    0.989851
20     2.35977     0.96781
20     2.38542    0.941854
20     2.41107     0.91847
20     2.43672    0.907514
20     2.46237    0.890586
20     2.48802    0.879017
20     2.51366    0.872341
20     2.53931    0.869465
20     2.56496    0.865515
