1      2.7769      2.7769           0
2     2.48836     2.63263    0.144271
3     2.59086     2.61871   0.0844506
4     2.57078     2.60672   0.0609059
5     2.57469     2.60032   0.0476105
6     2.47034     2.57865   0.0445022
7     2.40596     2.55398   0.0449803
8     2.58044     2.55729   0.0390942
9     2.35148     2.53442   0.0413721
10     2.45977     2.52696   0.0377499
1     2.60032     2.60032           0
2      2.4536     2.52696   0.0733594
3     2.49892     2.51761   0.0433728
4     2.42619     2.49476   0.0382494
5     2.52403     2.50061    0.030201
6     2.71657      2.5366   0.0436294
7     2.66655     2.55517   0.0412831
8     2.50405     2.54878   0.0363187
9     2.62172     2.55688   0.0330397
10     2.66291     2.56749    0.031396
11     2.65617     2.57555   0.0295209
12     2.59493     2.57716   0.0269971
13     2.59039     2.57818   0.0248546
14     2.60967     2.58043   0.0231205
15     2.53202      2.5772   0.0217646
16     2.64216     2.58126   0.0207597
17     2.60659     2.58275   0.0195572
18     2.68184     2.58826   0.0192429
19      2.4563     2.58131    0.019482
20     2.52924     2.57871   0.0186647
