-3.49066
-3.49187
-3.49157
-3.49202
-3.49172
-3.49217
-3.49201
-3.49156
-3.49186
-3.49216
-3.49171
-3.49172
-3.49142
-3.49096
-3.49081
-3.49111
-3.49111
-3.49141
-3.49036
-3.4902
-3.4896
-3.49005
-3.48975
-3.4899
-3.49035
-3.49035
-3.49066
-3.49081
-3.49035
-3.4905
-3.48975
-3.48884
-3.48915
-3.4899
-3.4899
-3.4899
-3.48885
-3.49005
-3.48915
-3.49081
-3.4902
-3.4908
-3.49126
-3.49231
-3.49141
-3.49005
-3.4902
-3.49081
-3.49096
-3.49051
-3.4899
-3.49036
-3.48975
-3.49006
-3.49066
-3.4902
-3.49065
-3.49005
-3.48944
-3.4893
-3.489
-3.48854
-3.48764
-3.48764
-3.48733
-3.48673
-3.48627
-3.48673
-3.48688
-3.48688
-3.48703
-3.48734
-3.48718
-3.48779
-3.48628
-3.48688
-3.48643
-3.48567
-3.48476
-3.48567
-3.48673
-3.48612
-3.48522
-3.48552
-3.48567
-3.48492
-3.48431
-3.48492
-3.48477
-3.48462
-3.48507
-3.48552
-3.48476
-3.48552
-3.48582
-3.48461
-3.48431
-3.48446
-3.48431
-3.48431
-3.48476
-3.48461
-3.48597
-3.48552
-3.48642
-3.48733
-3.48779
-3.48748
-3.48733
-3.48703
-3.48688
-3.48748
-3.48703
-3.48763
-3.48884
-3.48823
-3.48868
-3.48868
-3.48823
-3.48899
-3.48899
-3.48975
-3.49035
-3.4902
-3.48959
-3.49035
-3.4905
-3.49155
-3.49125
-3.49095
-3.4911
-3.49141
-3.4914
-3.4905
-3.49034
-3.48989
-3.48974
-3.48914
-3.48838
-3.48853
-3.48853
-3.48898
-3.48929
-3.48899
-3.49065
-3.4911
-3.492
-3.492
-3.4917
-3.4911
-3.49155
-3.49231
-3.49185
-3.49276
-3.49231
-3.49201
-3.49186
-3.49201
-3.49201
-3.49291
-3.49231
-3.49291
-3.49336
-3.49336
-3.4926
-3.49381
-3.49412
-3.49382
-3.49458
-3.49533
-3.49473
-3.49639
-3.49548
-3.49487
-3.49532
-3.49563
-3.49517
-3.49457
-3.49412
-3.49397
-3.49322
-3.49352
-3.49413
-3.49473
-3.49458
-3.49428
-3.49488
-3.49457
-3.49412
-3.49412
-3.49396
-3.49336
-3.49291
-3.49321
-3.49382
-3.49321
-3.49246
-3.49291
-3.49246
-3.49261
-3.49231
-3.49321
-3.49321
-3.49306
-3.49185
-3.49064
-3.49064
-3.49004
-3.49049
-3.49079
-3.49095
-3.4914
-3.49125
-3.49185
-3.49155
-3.49231
-3.4917
-3.49216
-3.49246
-3.49291
-3.49307
-3.49382
-3.49442
-3.49427
-3.49457
-3.49411
-3.49441
-3.49351
-3.49381
-3.49381
-3.49427
-3.49457
-3.49442
-3.49427
-3.49427
-3.49442
-3.49412
-3.49412
-3.49503
-3.49397
-3.49366
-3.49351
-3.49275
-3.4935
-3.49426
-3.49441
-3.49457
-3.4929
-3.49351
-3.49245
-3.49245
-3.4929
-3.49245
-3.4917
-3.4923
-3.492
-3.49125
-3.49079
-3.49109
-3.49215
-3.49094
-3.49094
-3.49079
-3.49079
-3.49079
-3.49034
-3.49003
-3.48943
-3.49094
-3.48973
-3.48943
-3.48943
-3.48883
-3.48777
-3.48762
-3.48717
-3.48747
-3.48686
-3.48581
-3.48475
-3.48566
-3.4855
-3.48596
-3.48671
-3.48611
-3.48596
-3.48581
-3.48611
-3.48626
-3.48626
-3.48657
-3.48732
-3.48807
-3.48747
-3.48717
-3.48656
-3.48656
-3.48716
-3.48716
-3.48641
-3.48565
-3.4855
-3.4858
-3.48641
-3.48717
-3.48793
-3.48868
-3.48793
-3.48762
-3.48777
-3.48777
-3.48792
-3.48792
-3.48762
-3.48747
-3.48701
-3.48671
-3.48656
-3.48762
-3.48823
-3.48883
-3.48838
-3.48747
-3.48807
-3.48792
-3.48883
-3.48913
-3.48973
-3.48943
-3.48989
-3.48928
-3.48883
-3.48838
-3.48853
-3.48929
-3.49004
-3.49125
-3.49125
-3.49276
-3.49367
-3.49322
-3.49307
-3.49231
-3.49261
-3.49276
-3.49261
-3.49276
-3.49306
-3.4923
-3.492
-3.49291
-3.49276
-3.49216
-3.49231
-3.49261
-3.49261
-3.49215
-3.4923
-3.49215
-3.49291
-3.49336
-3.49276
-3.49246
-3.49276
-3.49261
-3.49306
-3.49382
-3.49366
-3.49412
-3.49442
-3.49336
-3.49351
-3.49321
-3.49185
-3.49185
-3.4917
-3.49094
-3.49155
-3.49019
-3.48988
-3.48943
-3.48974
-3.48928
-3.49065
-3.49095
-3.49201
-3.49246
-3.492
-3.4914
-3.4914
-3.4911
-3.49065
-3.49126
-3.49126
-3.49125
-3.49125
-3.49019
-3.48974
-3.48943
-3.49049
-3.49034
-3.49065
-3.4911
-3.49095
-3.4914
-3.49095
-3.49034
-3.49019
-3.49034
-3.48959
-3.48914
-3.49019
-3.49019
-3.48959
-3.49019
-3.48929
-3.48883
-3.48989
-3.48959
-3.48989
-3.48898
-3.48943
-3.48822
-3.48701
-3.48747
-3.48792
-3.48732
-3.48808
-3.48808
-3.48929
-3.48959
-3.48944
-3.48929
-3.48807
-3.48732
-3.48792
-3.48731
-3.48792
-3.48822
-3.48823
-3.48792
-3.48792
-3.48777
-3.48913
-3.48883
-3.48913
-3.49019
-3.48943
-3.49034
-3.49094
-3.49019
-3.4917
-3.49291
-3.49246
-3.49185
-3.492
-3.49185
-3.49246
-3.49246
-3.49276
-3.49336
-3.49306
-3.49397
-3.49276
-3.49276
-3.49291
-3.492
-3.492
-3.49169
-3.49064
-3.48958
-3.48852
-3.48807
-3.48823
-3.48868
-3.48973
-3.48837
-3.48882
-3.48898
-3.48988
-3.48913
-3.48807
-3.48777
-3.48732
-3.48777
-3.48762
-3.48732
-3.48717
-3.48641
-3.48626
-3.48641
-3.48626
-3.48686
-3.48792
-3.48762
-3.48807
-3.48792
-3.48837
-3.48792
-3.48731
-3.48928
-3.48973
-3.48898
-3.48883
-3.48853
-3.48808
-3.48717
-3.48596
-3.4855
-3.48611
-3.4849
-3.48535
-3.48611
-3.48475
-3.4843
-3.4846
-3.48581
-3.48626
-3.48611
-3.48566
-3.48626
-3.48717
-3.48657
-3.48551
-3.48641
-3.48702
-3.48732
-3.48853
-3.48807
-3.48913
-3.48853
-3.49004
-3.48974
-3.48959
-3.49049
-3.48989
-3.49064
-3.49049
-3.49064
-3.48913
-3.48928
-3.49034
-3.49003
-3.49048
-3.49018
-3.49063
-3.49018
-3.49109
-3.49094
-3.49033
-3.49018
-3.49003
-3.49124
-3.49079
-3.48928
-3.48943
-3.48943
-3.48882
-3.49018
-3.49079
-3.49079
-3.49139
-3.4923
-3.49275
-3.49381
-3.49411
-3.49366
-3.49321
-3.49305
-3.49351
-3.49411
-3.49305
-3.49366
-3.49366
-3.49487
-3.49562
-3.49562
-3.49472
-3.49502
-3.49518
-3.49442
-3.49442
-3.49411
-3.49411
-3.49305
-3.49289
-3.49304
-3.4932
-3.49214
-3.49169
-3.49109
-3.492
-3.49185
-3.49155
-3.49185
-3.4929
-3.49351
-3.49426
-3.49396
-3.49381
-3.4929
-3.49335
-3.49184
-3.49123
-3.49153
-3.49168
-3.49184
-3.49259
-3.49305
-3.49215
-3.49185
-3.4917
-3.49245
-3.49215
-3.49305
-3.49365
-3.49365
-3.49365
-3.4932
-3.49305
-3.4932
-3.49336
-3.4926
-3.4926
-3.49351
-3.49411
-3.4935
-3.49456
-3.49395
-3.4938
-3.49381
-3.49426
-3.49426
-3.49457
-3.49366
-3.49351
-3.49245
-3.49169
-3.49123
-3.49214
-3.49214
-3.49184
-3.49214
-3.49094
-3.49048
-3.48973
-3.49064
-3.49064
-3.49094
-3.49139
-3.48988
-3.49018
-3.48957
-3.48927
-3.48912
-3.48973
-3.49079
-3.49109
-3.49003
-3.49033
-3.49018
-3.49033
-3.49048
-3.49123
-3.49093
-3.49048
-3.49048
-3.49108
-3.49124
-3.49154
-3.49124
-3.49124
-3.49078
-3.49138
-3.49078
-3.48897
-3.48972
-3.49093
-3.49108
-3.49063
-3.49063
-3.49063
-3.49003
-3.48973
-3.49048
-3.48958
-3.49124
-3.49063
-3.49093
-3.49184
-3.49108
-3.49108
-3.49124
-3.49184
-3.492
-3.4917
-3.49094
-3.49019
-3.49079
-3.49124
-3.49063
-3.49169
-3.49154
-3.49123
-3.49093
-3.49169
-3.49138
-3.49108
-3.49078
-3.49033
-3.48988
-3.48882
-3.48807
-3.48716
-3.48761
-3.48776
-3.487
-3.4867
-3.4861
-3.48701
-3.4867
-3.48716
-3.48731
-3.48761
-3.48791
-3.48821
-3.48806
-3.48836
-3.48882
-3.48882
-3.48973
-3.48958
-3.48958
-3.48867
-3.48837
-3.48822
-3.48867
-3.48943
-3.48928
-3.48988
-3.48958
-3.49003
-3.49093
-3.49108
-3.49109
-3.49184
-3.49169
-3.49139
-3.49034
-3.48973
-3.48898
-3.48883
-3.48792
-3.48746
-3.48655
-3.4861
-3.4861
-3.48595
-3.48535
-3.4855
-3.48565
-3.48686
-3.48611
-3.48505
-3.4855
-3.4852
-3.48626
-3.48701
-3.48837
-3.48867
-3.48806
-3.48761
-3.48761
-3.48851
-3.48776
-3.48806
-3.48807
-3.48837
-3.48837
-3.48686
-3.48777
-3.48746
-3.48777
-3.48762
-3.48792
-3.48868
-3.48883
-3.48868
-3.48822
-3.48837
-3.48973
-3.48973
-3.48868
-3.48837
-3.48852
-3.48897
-3.48852
-3.48837
-3.48776
-3.48746
-3.4867
-3.48595
-3.48595
-3.48565
-3.48595
-3.4858
-3.48626
-3.48626
-3.48701
-3.48731
-3.48746
-3.48761
-3.48776
-3.48912
-3.48972
-3.49003
-3.48972
-3.48852
-3.48882
-3.48988
-3.48928
-3.48897
-3.48928
-3.48942
-3.49003
-3.48927
-3.48927
-3.48957
-3.49033
-3.49063
-3.48972
-3.48942
-3.48897
-3.48867
-3.48882
-3.48927
-3.48867
-3.48957
-3.49033
-3.49093
-3.49002
-3.49033
-3.49063
-3.49003
-3.48927
-3.48973
-3.49033
-3.49185
-3.4926
-3.4923
-3.4929
-3.49275
-3.49229
-3.49244
-3.49213
-3.49123
-3.49002
-3.48957
-3.48942
-3.48882
-3.48912
-3.48912
-3.48927
-3.48852
-3.48897
-3.48867
-3.48958
-3.48973
-3.48957
-3.49108
-3.49123
-3.49017
-3.49048
-3.49018
-3.48987
-3.49002
-3.48987
-3.49017
-3.49017
-3.49048
-3.49123
-3.49214
-3.49199
-3.49245
-3.49335
-3.49335
-3.49486
-3.49577
-3.49516
-3.49471
-3.4941
-3.4938
-3.49365
-3.49335
-3.49395
-3.49426
-3.49441
-3.49441
-3.4941
-3.49456
-3.4941
-3.49244
-3.4932
-3.49183
-3.49319
-3.49349
-3.49213
-3.49122
-3.48971
-3.48987
-3.48972
-3.49033
-3.48942
-3.49033
-3.49003
-3.48987
-3.49018
-3.49018
-3.48957
-3.48866
-3.4876
-3.48776
-3.48685
-3.4867
-3.48731
-3.48685
-3.48685
-3.48715
-3.4876
-3.48685
-3.48639
-3.48564
-3.48579
-3.48639
-3.48685
-3.48639
-3.487
-3.48746
-3.48806
-3.48806
-3.48806
-3.48806
-3.48761
-3.48866
-3.48806
-3.48791
-3.48775
-3.4885
-3.48699
-3.48654
-3.48669
-3.4867
-3.48776
-3.48715
-3.4867
-3.48731
-3.48715
-3.48806
-3.48806
-3.48881
-3.48806
-3.4876
-3.48821
-3.48851
-3.48927
-3.48911
-3.48912
-3.48806
-3.48912
-3.49078
-3.49078
-3.49183
-3.49259
-3.49244
-3.49213
-3.49183
-3.49152
-3.49031
-3.49001
-3.49017
-3.48971
-3.48881
-3.48836
-3.48821
-3.4873
-3.487
-3.48579
-3.48534
-3.48624
-3.48624
-3.48594
-3.48564
-3.48579
-3.48518
-3.48579
-3.48564
-3.48564
-3.48594
-3.48609
-3.4873
