1    -5.02741    -5.02741           0
2    -5.07273    -5.05007   0.0226614
3    -5.07804     -5.0594   0.0160658
4    -5.07262     -5.0627   0.0118316
5    -5.07776    -5.06571  0.00964667
6    -5.06037    -5.06482  0.00792667
7    -5.09717    -5.06944  0.00813825
8    -5.07774    -5.07048  0.00712376
9    -5.10018    -5.07378  0.00709665
10    -5.07391    -5.07379  0.00634745
1    -5.06571    -5.06571           0
2    -5.08187    -5.07379  0.00808043
3    -5.07809    -5.07523  0.00488035
4    -5.08647    -5.07804   0.0044514
5    -5.07718    -5.07787  0.00345226
6    -5.05459    -5.07399  0.00479535
7    -5.05806    -5.07171  0.00464804
8    -5.07156    -5.07169  0.00402537
9    -5.05495    -5.06983  0.00400787
10    -5.06644    -5.06949  0.00360078
11    -5.07029    -5.06957  0.00325783
12    -5.06481    -5.06917  0.00300032
13    -5.06101    -5.06854  0.00283031
14    -5.06105    -5.06801  0.00267448
15    -5.07066    -5.06818  0.00249609
16    -5.05564     -5.0674  0.00246307
17    -5.06199    -5.06708   0.0023354
18    -5.04794    -5.06602   0.0024452
19    -5.08732    -5.06714  0.00257034
20    -5.07792    -5.06768  0.00249734
