0.0230664           0           0
0.0461329           0           0
0.0691993           0           0
0.0922657           0           0
0.115332           0           0
0.138399           0           0
0.161465           0           0
0.184531           0           0
0.207598           0           0
0.230664           0           0
0.253731           0           0
0.276797           0           0
0.299864           0           0
0.32293           0           0
0.345996           0           0
0.369063           0           0
0.392129           0           0
0.415196           0           0
0.438262           0           0
0.461329           0           0
0.484395           0           0
0.507461           0           0
0.530528           0           0
0.553594           0           0
0.576661           0           0
0.599727           0           0
0.622794           0           0
0.64586           0           0
0.668926           0           0
0.691993           0           0
0.715059           0           0
0.738126           0           0
0.761192           0           0
0.784259           0           0
0.807325           0           0
0.830391           0           0
0.853458           0           0
0.876524           0           0
0.899591 8.18523e-05 1.09457e-05
0.922657  0.00329409 6.07504e-05
0.945724   0.0452406 0.000280771
0.96879    0.279796  0.00104586
0.991856    0.960846  0.00187897
1.01492     2.13884  0.00217736
1.03799     3.46886  0.00236523
1.06106     4.42509  0.00177237
1.08412     4.69079  0.00318547
1.10719     4.30814   0.0033839
1.13026     3.51229  0.00264596
1.15332     2.58886  0.00247415
1.17639     1.74573  0.00109283
1.19945     1.08937  0.00123864
1.22252    0.629218  0.00112944
1.24559    0.340391 0.000892341
1.26865    0.173405 0.000858468
1.29172   0.0855341 0.000535553
1.31479   0.0471974 0.000308955
1.33785    0.040367 0.000313421
1.36092   0.0584721 0.000439479
1.38399     0.10214 0.000516959
1.40705    0.177989 0.000500308
1.43012    0.291235 0.000596059
1.45319    0.439307 0.000643731
1.47625    0.609078 0.000554527
1.49932    0.773292   0.0008122
1.52238    0.894355    0.001016
1.54545    0.942224 0.000943509
1.56852    0.902849  0.00119734
1.59158     0.78526 0.000705348
1.61465    0.623056  0.00058632
1.63772    0.452056 0.000568884
1.66078    0.308022 0.000601129
1.68385    0.213556 0.000682413
1.70692    0.186515 0.000728676
1.72998    0.248094 0.000945849
1.75305    0.422886  0.00120648
1.77612     0.73001  0.00111378
1.79918     1.16654  0.00087852
1.82225     1.68404 0.000814429
1.84531     2.17933  0.00143677
1.86838     2.53407     0.00158
1.89145     2.64996  0.00206924
1.91451     2.49796  0.00224624
1.93758     2.13023  0.00155227
1.96065     1.65093 0.000823657
1.98371     1.17281  0.00107979
2.00678     0.78327  0.00102818
2.02985    0.529869  0.00129743
2.05291    0.424139 0.000973737
2.07598    0.450434 0.000853189
2.09905    0.574234 0.000602907
2.12211    0.741942 0.000478108
2.14518    0.896965 0.000426915
2.16824    0.993582  0.00101562
2.19131     1.00151   0.0011197
2.21438    0.900251 0.000779159
2.23744    0.764518 0.000499763
2.26051    0.640701 0.000726167
2.28358     0.55977 0.000873338
2.30664     0.56177  0.00103632
