1    -7.54602    -7.54602           0
2    -7.55329    -7.54965  0.00363619
3    -7.54605    -7.54845   0.0024196
4    -7.55102    -7.54909  0.00182745
5    -7.55237    -7.54975  0.00155956
6    -7.54883    -7.54959  0.00128253
7    -7.55107    -7.54981  0.00110413
8    -7.54659     -7.5494  0.00103705
9    -7.54878    -7.54933 0.000917186
10    -7.54374    -7.54878 0.000992775
11    -7.53474     -7.5475  0.00156018
12    -7.55395    -7.54804  0.00152235
13    -7.54609    -7.54789  0.00140832
14     -7.5482    -7.54791  0.00130405
15    -7.54221    -7.54753  0.00127204
16    -7.53942    -7.54702  0.00129347
17    -7.54123    -7.54668  0.00126192
18    -7.54595    -7.54664  0.00119044
19    -7.53941    -7.54626  0.00118858
20    -7.55275    -7.54659  0.00117333
