1   0.0230664           0
1   0.0461329           0
1   0.0691993           0
1   0.0922657           0
1    0.115332           0
1    0.138399           0
1    0.161465           0
1    0.184531           0
1    0.207598           0
1    0.230664           0
1    0.253731           0
1    0.276797           0
1    0.299864           0
1     0.32293           0
1    0.345996           0
1    0.369063           0
1    0.392129           0
1    0.415196           0
1    0.438262           0
1    0.461329           0
1    0.484395           0
1    0.507461           0
1    0.530528           0
1    0.553594           0
1    0.576661           0
1    0.599727           0
1    0.622794           0
1     0.64586           0
1    0.668926           0
1    0.691993           0
1    0.715059           0
1    0.738126           0
1    0.761192           0
1    0.784259           0
1    0.807325           0
1    0.830391           0
1    0.853458           0
1    0.876524           0
1    0.899591 4.19756e-05
1    0.922657  0.00343384
1    0.945724   0.0464695
1     0.96879    0.279339
1    0.991856    0.959975
1     1.01492     2.15186
1     1.03799     3.46588
1     1.06106     4.40495
1     1.08412     4.69494
1     1.10719     4.30662
1     1.13026     3.51284
1     1.15332     2.59002
1     1.17639     1.75394
1     1.19945     1.09012
1     1.22252    0.625571
1     1.24559    0.340996
1     1.26865    0.173481
1     1.29172   0.0848362
1     1.31479   0.0484071
1     1.33785   0.0423136
1     1.36092   0.0601124
1     1.38399    0.103967
1     1.40705    0.181659
1     1.43012    0.289637
1     1.45319    0.441129
1     1.47625    0.607352
1     1.49932    0.772501
1     1.52238    0.888102
1     1.54545    0.943128
1     1.56852    0.895875
1     1.59158    0.783614
1     1.61465    0.622037
1     1.63772    0.451335
1     1.66078    0.310213
1     1.68385    0.216415
1     1.70692    0.191315
1     1.72998    0.251129
1     1.75305    0.425095
1     1.77612    0.728666
1     1.79918     1.16176
1     1.82225     1.68106
1     1.84531     2.17695
1     1.86838     2.54051
1     1.89145     2.65674
1     1.91451      2.4921
1     1.93758     2.13101
1     1.96065     1.64964
1     1.98371     1.16465
1     2.00678    0.779669
1     2.02985    0.532064
1     2.05291    0.422917
1     2.07598    0.453031
1     2.09905    0.573838
1     2.12211    0.745036
1     2.14518    0.899938
1     2.16824    0.995299
1     2.19131     1.00553
1     2.21438    0.901661
1     2.23744    0.765676
1     2.26051    0.639288
1     2.28358    0.563329
1     2.30664    0.564238
2   0.0230664           0
2   0.0461329           0
2   0.0691993           0
2   0.0922657           0
2    0.115332           0
2    0.138399           0
2    0.161465           0
2    0.184531           0
2    0.207598           0
2    0.230664           0
2    0.253731           0
2    0.276797           0
2    0.299864           0
2     0.32293           0
2    0.345996           0
2    0.369063           0
2    0.392129           0
2    0.415196           0
2    0.438262           0
2    0.461329           0
2    0.484395           0
2    0.507461           0
2    0.530528           0
2    0.553594           0
2    0.576661           0
2    0.599727           0
2    0.622794           0
2     0.64586           0
2    0.668926           0
2    0.691993           0
2    0.715059           0
2    0.738126           0
2    0.761192           0
2    0.784259           0
2    0.807325           0
2    0.830391           0
2    0.853458           0
2    0.876524           0
2    0.899591 6.99593e-05
2    0.922657  0.00352701
2    0.945724    0.045316
2     0.96879    0.277261
2    0.991856    0.956572
2     1.01492     2.14121
2     1.03799      3.4639
2     1.06106     4.41135
2     1.08412     4.70175
2     1.10719     4.31873
2     1.13026     3.51322
2     1.15332     2.59595
2     1.17639     1.75037
2     1.19945     1.08988
2     1.22252    0.625452
2     1.24559    0.336479
2     1.26865    0.172223
2     1.29172   0.0833248
2     1.31479     0.04741
2     1.33785   0.0407571
2     1.36092   0.0579479
2     1.38399    0.101673
2     1.40705    0.179396
2     1.43012     0.28976
2     1.45319    0.439169
2     1.47625    0.610338
2     1.49932     0.77459
2     1.52238    0.895724
2     1.54545    0.943308
2     1.56852     0.89708
2     1.59158    0.784615
2     1.61465    0.622083
2     1.63772    0.451604
2     1.66078    0.308793
2     1.68385    0.213253
2     1.70692    0.187596
2     1.72998    0.248199
2     1.75305    0.420334
2     1.77612    0.727433
2     1.79918     1.16228
2     1.82225     1.68032
2     1.84531     2.18076
2     1.86838     2.54139
2     1.89145     2.66144
2     1.91451     2.49997
2     1.93758     2.13225
2     1.96065     1.65123
2     1.98371      1.1691
2     2.00678    0.778824
2     2.02985    0.526895
2     2.05291    0.421365
2     2.07598    0.448884
2     2.09905     0.57153
2     2.12211    0.741569
2     2.14518    0.900155
2     2.16824     0.99687
2     2.19131     1.00763
2     2.21438    0.902345
2     2.23744    0.765673
2     2.26051     0.63824
2     2.28358    0.559544
2     2.30664    0.561469
3   0.0230664           0
3   0.0461329           0
3   0.0691993           0
3   0.0922657           0
3    0.115332           0
3    0.138399           0
3    0.161465           0
3    0.184531           0
3    0.207598           0
3    0.230664           0
3    0.253731           0
3    0.276797           0
3    0.299864           0
3     0.32293           0
3    0.345996           0
3    0.369063           0
3    0.392129           0
3    0.415196           0
3    0.438262           0
3    0.461329           0
3    0.484395           0
3    0.507461           0
3    0.530528           0
3    0.553594           0
3    0.576661           0
3    0.599727           0
3    0.622794           0
3     0.64586           0
3    0.668926           0
3    0.691993           0
3    0.715059           0
3    0.738126           0
3    0.761192           0
3    0.784259           0
3    0.807325           0
3    0.830391           0
3    0.853458           0
3    0.876524           0
3    0.899591 6.06314e-05
3    0.922657  0.00338948
3    0.945724    0.045692
3     0.96879    0.279235
3    0.991856    0.959714
3     1.01492     2.13759
3     1.03799     3.46068
3     1.06106     4.41591
3     1.08412     4.70023
3     1.10719     4.32038
3     1.13026     3.51476
3     1.15332     2.59125
3     1.17639     1.74926
3     1.19945      1.0895
3     1.22252    0.624401
3     1.24559    0.337238
3     1.26865    0.172201
3     1.29172   0.0842982
3     1.31479   0.0475641
3     1.33785   0.0402723
3     1.36092   0.0581432
3     1.38399    0.101629
3     1.40705    0.178929
3     1.43012    0.289382
3     1.45319    0.439662
3     1.47625    0.610053
3     1.49932    0.774723
3     1.52238    0.896048
3     1.54545    0.942422
3     1.56852    0.901241
3     1.59158     0.78545
3     1.61465    0.621427
3     1.63772    0.450613
3     1.66078    0.307856
3     1.68385    0.213554
3     1.70692     0.18676
3     1.72998    0.247404
3     1.75305    0.421298
3     1.77612    0.726975
3     1.79918     1.16356
3     1.82225     1.68184
3     1.84531     2.18104
3     1.86838     2.54196
3     1.89145     2.65807
3     1.91451     2.50165
3     1.93758     2.13105
3     1.96065     1.65098
3     1.98371     1.16939
3     2.00678    0.780025
3     2.02985    0.526312
3     2.05291    0.420768
3     2.07598    0.448589
3     2.09905    0.572145
3     2.12211     0.74127
3     2.14518    0.898198
3     2.16824     0.99895
3     2.19131     1.00691
3     2.21438    0.902522
3     2.23744    0.764907
3     2.26051    0.638112
3     2.28358    0.557664
3     2.30664    0.559956
4   0.0230664           0
4   0.0461329           0
4   0.0691993           0
4   0.0922657           0
4    0.115332           0
4    0.138399           0
4    0.161465           0
4    0.184531           0
4    0.207598           0
4    0.230664           0
4    0.253731           0
4    0.276797           0
4    0.299864           0
4     0.32293           0
4    0.345996           0
4    0.369063           0
4    0.392129           0
4    0.415196           0
4    0.438262           0
4    0.461329           0
4    0.484395           0
4    0.507461           0
4    0.530528           0
4    0.553594           0
4    0.576661           0
4    0.599727           0
4    0.622794           0
4     0.64586           0
4    0.668926           0
4    0.691993           0
4    0.715059           0
4    0.738126           0
4    0.761192           0
4    0.784259           0
4    0.807325           0
4    0.830391           0
4    0.853458           0
4    0.876524           0
4    0.899591  9.0947e-05
4    0.922657  0.00345048
4    0.945724   0.0453667
4     0.96879    0.279581
4    0.991856     0.95924
4     1.01492     2.13591
4     1.03799      3.4576
4     1.06106     4.42056
4     1.08412     4.69846
4     1.10719     4.31853
4     1.13026     3.51597
4     1.15332     2.59428
4     1.17639     1.74984
4     1.19945     1.09065
4     1.22252    0.624005
4     1.24559    0.337315
4     1.26865    0.170965
4     1.29172   0.0838599
4     1.31479   0.0474497
4     1.33785   0.0406072
4     1.36092   0.0584551
4     1.38399    0.102188
4     1.40705    0.178818
4     1.43012    0.290481
4     1.45319    0.439697
4     1.47625    0.609626
4     1.49932    0.774965
4     1.52238    0.894638
4     1.54545    0.940714
4     1.56852    0.901585
4     1.59158    0.784571
4     1.61465    0.621487
4     1.63772     0.45085
4     1.66078    0.308025
4     1.68385     0.21411
4     1.70692    0.186975
4     1.72998    0.248105
4     1.75305    0.420661
4     1.77612    0.727154
4     1.79918     1.16357
4     1.82225     1.68137
4     1.84531     2.17996
4     1.86838     2.54078
4     1.89145      2.6587
4     1.91451     2.50102
4     1.93758      2.1322
4     1.96065     1.65214
4     1.98371     1.17058
4     2.00678    0.780114
4     2.02985    0.526542
4     2.05291    0.420847
4     2.07598    0.448128
4     2.09905    0.572464
4     2.12211      0.7411
4     2.14518     0.89786
4     2.16824    0.998163
4     2.19131     1.00683
4     2.21438    0.903014
4     2.23744     0.76533
4     2.26051    0.638861
4     2.28358    0.558392
4     2.30664    0.560272
5   0.0230664           0
5   0.0461329           0
5   0.0691993           0
5   0.0922657           0
5    0.115332           0
5    0.138399           0
5    0.161465           0
5    0.184531           0
5    0.207598           0
5    0.230664           0
5    0.253731           0
5    0.276797           0
5    0.299864           0
5     0.32293           0
5    0.345996           0
5    0.369063           0
5    0.392129           0
5    0.415196           0
5    0.438262           0
5    0.461329           0
5    0.484395           0
5    0.507461           0
5    0.530528           0
5    0.553594           0
5    0.576661           0
5    0.599727           0
5    0.622794           0
5     0.64586           0
5    0.668926           0
5    0.691993           0
5    0.715059           0
5    0.738126           0
5    0.761192           0
5    0.784259           0
5    0.807325           0
5    0.830391           0
5    0.853458           0
5    0.876524           0
5    0.899591 0.000106338
5    0.922657  0.00340456
5    0.945724   0.0454326
5     0.96879     0.27822
5    0.991856    0.958757
5     1.01492     2.13295
5     1.03799     3.46006
5     1.06106     4.42395
5     1.08412      4.6989
5     1.10719     4.32067
5     1.13026      3.5158
5     1.15332     2.59269
5     1.17639     1.74825
5     1.19945     1.08979
5     1.22252    0.624439
5     1.24559    0.337368
5     1.26865    0.171432
5     1.29172   0.0837652
5     1.31479   0.0473097
5     1.33785   0.0403182
5     1.36092   0.0580256
5     1.38399    0.101641
5     1.40705     0.17831
5     1.43012    0.290344
5     1.45319    0.438948
5     1.47625    0.609848
5     1.49932    0.775074
5     1.52238    0.895397
5     1.54545    0.941796
5     1.56852    0.902901
5     1.59158    0.784388
5     1.61465     0.62238
5     1.63772    0.451258
5     1.66078    0.307957
5     1.68385    0.213284
5     1.70692    0.186265
5     1.72998    0.246749
5     1.75305    0.420028
5     1.77612    0.726798
5     1.79918     1.16407
5     1.82225     1.68205
5     1.84531      2.1821
5     1.86838     2.53977
5     1.89145     2.65858
5     1.91451     2.50205
5     1.93758     2.13236
5     1.96065     1.65257
5     1.98371     1.16973
5     2.00678    0.779203
5     2.02985    0.526327
5     2.05291    0.420608
5     2.07598    0.448571
5     2.09905    0.573093
5     2.12211    0.740737
5     2.14518     0.89743
5     2.16824    0.998106
5     2.19131      1.0056
5     2.21438    0.902975
5     2.23744    0.765052
5     2.26051    0.638463
5     2.28358    0.558455
5     2.30664    0.559969
6   0.0230664           0
6   0.0461329           0
6   0.0691993           0
6   0.0922657           0
6    0.115332           0
6    0.138399           0
6    0.161465           0
6    0.184531           0
6    0.207598           0
6    0.230664           0
6    0.253731           0
6    0.276797           0
6    0.299864           0
6     0.32293           0
6    0.345996           0
6    0.369063           0
6    0.392129           0
6    0.415196           0
6    0.438262           0
6    0.461329           0
6    0.484395           0
6    0.507461           0
6    0.530528           0
6    0.553594           0
6    0.576661           0
6    0.599727           0
6    0.622794           0
6     0.64586           0
6    0.668926           0
6    0.691993           0
6    0.715059           0
6    0.738126           0
6    0.761192           0
6    0.784259           0
6    0.807325           0
6    0.830391           0
6    0.853458           0
6    0.876524           0
6    0.899591  9.5611e-05
6    0.922657  0.00345824
6    0.945724   0.0451892
6     0.96879     0.27772
6    0.991856    0.958333
6     1.01492     2.13463
6     1.03799     3.46143
6     1.06106     4.42612
6     1.08412     4.69785
6     1.10719     4.31677
6     1.13026     3.51769
6     1.15332     2.59099
6     1.17639     1.74659
6     1.19945     1.09014
6     1.22252    0.625947
6     1.24559    0.337876
6     1.26865    0.171689
6     1.29172   0.0837101
6     1.31479   0.0471668
6     1.33785   0.0401319
6     1.36092   0.0578965
6     1.38399    0.101527
6     1.40705    0.177942
6     1.43012    0.290086
6     1.45319    0.439124
6     1.47625    0.610486
6     1.49932    0.774481
6     1.52238    0.895131
6     1.54545    0.942296
6     1.56852    0.903293
6     1.59158    0.785248
6     1.61465    0.622509
6     1.63772    0.451539
6     1.66078    0.307566
6     1.68385    0.212885
6     1.70692    0.185983
6     1.72998    0.246466
6     1.75305    0.419714
6     1.77612     0.72689
6     1.79918     1.16366
6     1.82225     1.68299
6     1.84531     2.18224
6     1.86838     2.53792
6     1.89145     2.65807
6     1.91451     2.50407
6     1.93758     2.13277
6     1.96065     1.65233
6     1.98371     1.16969
6     2.00678    0.779671
6     2.02985     0.52666
6     2.05291     0.42093
6     2.07598    0.448642
6     2.09905    0.572999
6     2.12211    0.740762
6     2.14518    0.896757
6     2.16824    0.997677
6     2.19131     1.00456
6     2.21438    0.902713
6     2.23744    0.764903
6     2.26051    0.639078
6     2.28358     0.55861
6     2.30664    0.559563
7   0.0230664           0
7   0.0461329           0
7   0.0691993           0
7   0.0922657           0
7    0.115332           0
7    0.138399           0
7    0.161465           0
7    0.184531           0
7    0.207598           0
7    0.230664           0
7    0.253731           0
7    0.276797           0
7    0.299864           0
7     0.32293           0
7    0.345996           0
7    0.369063           0
7    0.392129           0
7    0.415196           0
7    0.438262           0
7    0.461329           0
7    0.484395           0
7    0.507461           0
7    0.530528           0
7    0.553594           0
7    0.576661           0
7    0.599727           0
7    0.622794           0
7     0.64586           0
7    0.668926           0
7    0.691993           0
7    0.715059           0
7    0.738126           0
7    0.761192           0
7    0.784259           0
7    0.807325           0
7    0.830391           0
7    0.853458           0
7    0.876524           0
7    0.899591  9.7943e-05
7    0.922657  0.00345095
7    0.945724   0.0451566
7     0.96879    0.277653
7    0.991856    0.956938
7     1.01492     2.13573
7     1.03799     3.46208
7     1.06106      4.4255
7     1.08412     4.69814
7     1.10719      4.3172
7     1.13026      3.5177
7     1.15332     2.59083
7     1.17639     1.74645
7     1.19945     1.09046
7     1.22252    0.626418
7     1.24559    0.337603
7     1.26865    0.171321
7     1.29172   0.0837654
7     1.31479   0.0469799
7     1.33785   0.0402249
7     1.36092   0.0578431
7     1.38399    0.101427
7     1.40705    0.177692
7     1.43012    0.289708
7     1.45319    0.438994
7     1.47625     0.61009
7     1.49932    0.774723
7     1.52238    0.895416
7     1.54545    0.942704
7     1.56852    0.903401
7     1.59158    0.785448
7     1.61465    0.623224
7     1.63772    0.451824
7     1.66078     0.30752
7     1.68385    0.212341
7     1.70692    0.185852
7     1.72998    0.246098
7     1.75305    0.420008
7     1.77612    0.726449
7     1.79918     1.16375
7     1.82225      1.6829
7     1.84531     2.18274
7     1.86838     2.53798
7     1.89145      2.6575
7     1.91451     2.50396
7     1.93758     2.13342
7     1.96065     1.65136
7     1.98371     1.16931
7     2.00678    0.780029
7     2.02985    0.526858
7     2.05291    0.420909
7     2.07598    0.448614
7     2.09905    0.573075
7     2.12211     0.74104
7     2.14518    0.897116
7     2.16824    0.997198
7     2.19131     1.00442
7     2.21438    0.902948
7     2.23744    0.765441
7     2.26051    0.638886
7     2.28358    0.558449
7     2.30664    0.559608
8   0.0230664           0
8   0.0461329           0
8   0.0691993           0
8   0.0922657           0
8    0.115332           0
8    0.138399           0
8    0.161465           0
8    0.184531           0
8    0.207598           0
8    0.230664           0
8    0.253731           0
8    0.276797           0
8    0.299864           0
8     0.32293           0
8    0.345996           0
8    0.369063           0
8    0.392129           0
8    0.415196           0
8    0.438262           0
8    0.461329           0
8    0.484395           0
8    0.507461           0
8    0.530528           0
8    0.553594           0
8    0.576661           0
8    0.599727           0
8    0.622794           0
8     0.64586           0
8    0.668926           0
8    0.691993           0
8    0.715059           0
8    0.738126           0
8    0.761192           0
8    0.784259           0
8    0.807325           0
8    0.830391           0
8    0.853458           0
8    0.876524           0
8    0.899591 0.000106688
8    0.922657  0.00336397
8    0.945724   0.0453239
8     0.96879    0.277901
8    0.991856    0.956736
8     1.01492     2.13619
8     1.03799     3.46322
8     1.06106     4.42537
8     1.08412      4.6976
8     1.10719     4.31836
8     1.13026     3.51592
8     1.15332     2.59052
8     1.17639     1.74564
8     1.19945     1.08914
8     1.22252    0.626929
8     1.24559    0.338252
8     1.26865    0.171816
8     1.29172   0.0840301
8     1.31479   0.0467638
8     1.33785   0.0401064
8     1.36092   0.0577521
8     1.38399    0.101201
8     1.40705     0.17816
8     1.43012    0.290064
8     1.45319    0.439255
8     1.47625    0.610014
8     1.49932    0.773914
8     1.52238    0.895502
8     1.54545    0.942638
8     1.56852    0.903177
8     1.59158    0.786108
8     1.61465    0.623516
8     1.63772    0.451826
8     1.66078    0.308116
8     1.68385    0.212364
8     1.70692    0.185394
8     1.72998    0.246081
8     1.75305    0.420715
8     1.77612    0.726939
8     1.79918     1.16416
8     1.82225     1.68268
8     1.84531     2.18252
8     1.86838      2.5373
8     1.89145     2.65662
8     1.91451     2.50295
8     1.93758     2.13322
8     1.96065     1.65105
8     1.98371     1.16949
8     2.00678    0.780992
8     2.02985    0.527303
8     2.05291    0.421295
8     2.07598    0.448965
8     2.09905    0.573308
8     2.12211    0.741328
8     2.14518    0.897321
8     2.16824     0.99581
8     2.19131     1.00387
8     2.21438    0.902398
8     2.23744    0.765352
8     2.26051    0.638786
8     2.28358    0.558318
8     2.30664    0.559789
9   0.0230664           0
9   0.0461329           0
9   0.0691993           0
9   0.0922657           0
9    0.115332           0
9    0.138399           0
9    0.161465           0
9    0.184531           0
9    0.207598           0
9    0.230664           0
9    0.253731           0
9    0.276797           0
9    0.299864           0
9     0.32293           0
9    0.345996           0
9    0.369063           0
9    0.392129           0
9    0.415196           0
9    0.438262           0
9    0.461329           0
9    0.484395           0
9    0.507461           0
9    0.530528           0
9    0.553594           0
9    0.576661           0
9    0.599727           0
9    0.622794           0
9     0.64586           0
9    0.668926           0
9    0.691993           0
9    0.715059           0
9    0.738126           0
9    0.761192           0
9    0.784259           0
9    0.807325           0
9    0.830391           0
9    0.853458           0
9    0.876524           0
9    0.899591 9.94976e-05
9    0.922657  0.00336434
9    0.945724    0.045147
9     0.96879    0.277843
9    0.991856    0.956987
9     1.01492     2.13582
9     1.03799     3.46519
9     1.06106     4.42455
9     1.08412     4.69632
9     1.10719     4.31759
9     1.13026     3.51609
9     1.15332     2.59207
9     1.17639     1.74582
9     1.19945     1.08861
9     1.22252    0.626443
9     1.24559    0.338365
9     1.26865    0.171929
9     1.29172   0.0842845
9     1.31479   0.0467094
9     1.33785   0.0399441
9     1.36092   0.0577828
9     1.38399    0.101295
9     1.40705    0.178159
9     1.43012    0.289689
9     1.45319    0.439125
9     1.47625    0.609981
9     1.49932    0.773427
9     1.52238    0.896023
9     1.54545    0.942914
9     1.56852    0.903819
9     1.59158    0.786308
9     1.61465    0.623235
9     1.63772    0.451913
9     1.66078    0.307701
9     1.68385    0.212373
9     1.70692    0.185426
9     1.72998    0.245855
9     1.75305    0.420277
9     1.77612    0.727025
9     1.79918     1.16433
9     1.82225     1.68265
9     1.84531     2.18311
9     1.86838     2.53798
9     1.89145     2.65622
9     1.91451     2.50219
9     1.93758      2.1341
9     1.96065     1.65048
9     1.98371     1.16948
9     2.00678    0.780851
9     2.02985    0.527376
9     2.05291    0.421464
9     2.07598    0.448574
9     2.09905    0.573356
9     2.12211    0.741209
9     2.14518    0.897443
9     2.16824    0.996006
9     2.19131     1.00394
9     2.21438    0.902374
9     2.23744    0.764837
9     2.26051    0.639063
9     2.28358    0.558165
9     2.30664    0.559997
10   0.0230664           0
10   0.0461329           0
10   0.0691993           0
10   0.0922657           0
10    0.115332           0
10    0.138399           0
10    0.161465           0
10    0.184531           0
10    0.207598           0
10    0.230664           0
10    0.253731           0
10    0.276797           0
10    0.299864           0
10     0.32293           0
10    0.345996           0
10    0.369063           0
10    0.392129           0
10    0.415196           0
10    0.438262           0
10    0.461329           0
10    0.484395           0
10    0.507461           0
10    0.530528           0
10    0.553594           0
10    0.576661           0
10    0.599727           0
10    0.622794           0
10     0.64586           0
10    0.668926           0
10    0.691993           0
10    0.715059           0
10    0.738126           0
10    0.761192           0
10    0.784259           0
10    0.807325           0
10    0.830391           0
10    0.853458           0
10    0.876524           0
10    0.899591 9.65438e-05
10    0.922657  0.00332337
10    0.945724   0.0453489
10     0.96879     0.27857
10    0.991856    0.957707
10     1.01492     2.13591
10     1.03799     3.46561
10     1.06106     4.42415
10     1.08412     4.69377
10     1.10719     4.31687
10     1.13026     3.51581
10     1.15332     2.59351
10     1.17639      1.7463
10     1.19945     1.08831
10     1.22252    0.626541
10     1.24559    0.338534
10     1.26865    0.171806
10     1.29172    0.084101
10     1.31479   0.0466864
10     1.33785   0.0399303
10     1.36092   0.0576667
10     1.38399    0.101255
10     1.40705    0.177873
10     1.43012    0.289731
10     1.45319    0.439329
10     1.47625    0.609875
10     1.49932    0.774201
10     1.52238    0.896133
10     1.54545     0.94308
10     1.56852    0.903539
10     1.59158    0.786271
10     1.61465    0.623283
10     1.63772    0.452051
10     1.66078    0.307926
10     1.68385     0.21242
10     1.70692    0.185192
10     1.72998     0.24576
10     1.75305    0.420347
10     1.77612    0.727087
10     1.79918     1.16456
10     1.82225     1.68279
10     1.84531     2.18268
10     1.86838     2.53755
10     1.89145     2.65567
10     1.91451     2.50224
10     1.93758     2.13475
10     1.96065      1.6511
10     1.98371     1.16948
10     2.00678     0.78062
10     2.02985    0.526989
10     2.05291    0.421629
10     2.07598    0.448451
10     2.09905     0.57319
10     2.12211    0.741389
10     2.14518    0.897256
10     2.16824    0.995992
10     2.19131     1.00403
10     2.21438    0.902062
10     2.23744     0.76473
10     2.26051    0.639345
10     2.28358    0.557738
10     2.30664    0.559873
11   0.0230664           0
11   0.0461329           0
11   0.0691993           0
11   0.0922657           0
11    0.115332           0
11    0.138399           0
11    0.161465           0
11    0.184531           0
11    0.207598           0
11    0.230664           0
11    0.253731           0
11    0.276797           0
11    0.299864           0
11     0.32293           0
11    0.345996           0
11    0.369063           0
11    0.392129           0
11    0.415196           0
11    0.438262           0
11    0.461329           0
11    0.484395           0
11    0.507461           0
11    0.530528           0
11    0.553594           0
11    0.576661           0
11    0.599727           0
11    0.622794           0
11     0.64586           0
11    0.668926           0
11    0.691993           0
11    0.715059           0
11    0.738126           0
11    0.761192           0
11    0.784259           0
11    0.807325           0
11    0.830391           0
11    0.853458           0
11    0.876524           0
11    0.899591 8.90391e-05
11    0.922657  0.00332858
11    0.945724   0.0455084
11     0.96879    0.279314
11    0.991856    0.959557
11     1.01492     2.13725
11     1.03799     3.46742
11     1.06106     4.42456
11     1.08412     4.69077
11     1.10719     4.31285
11     1.13026      3.5133
11     1.15332     2.59313
11     1.17639     1.74564
11     1.19945     1.08881
11     1.22252    0.628081
11     1.24559    0.339186
11     1.26865    0.172521
11     1.29172   0.0846615
11     1.31479   0.0470301
11     1.33785   0.0401192
11     1.36092       0.058
11     1.38399    0.101618
11     1.40705    0.178168
11     1.43012     0.29013
11     1.45319    0.439349
11     1.47625    0.609462
11     1.49932    0.773865
11     1.52238    0.895628
11     1.54545     0.94266
11     1.56852    0.902869
11     1.59158    0.785928
11     1.61465    0.622962
11     1.63772    0.452295
11     1.66078    0.308271
11     1.68385    0.212975
11     1.70692    0.185751
11     1.72998    0.246473
11     1.75305    0.421428
11     1.77612     0.72817
11     1.79918     1.16569
11     1.82225     1.68303
11     1.84531      2.1808
11     1.86838     2.53626
11     1.89145      2.6536
11     1.91451     2.50057
11     1.93758     2.13413
11     1.96065     1.65072
11     1.98371      1.1704
11     2.00678    0.781416
11     2.02985    0.528137
11     2.05291    0.422621
11     2.07598    0.448933
11     2.09905    0.573715
11     2.12211    0.741124
11     2.14518    0.897392
11     2.16824    0.995255
11     2.19131     1.00297
11     2.21438     0.90122
11     2.23744    0.764953
11     2.26051    0.639917
11     2.28358    0.558446
11     2.30664    0.560734
12   0.0230664           0
12   0.0461329           0
12   0.0691993           0
12   0.0922657           0
12    0.115332           0
12    0.138399           0
12    0.161465           0
12    0.184531           0
12    0.207598           0
12    0.230664           0
12    0.253731           0
12    0.276797           0
12    0.299864           0
12     0.32293           0
12    0.345996           0
12    0.369063           0
12    0.392129           0
12    0.415196           0
12    0.438262           0
12    0.461329           0
12    0.484395           0
12    0.507461           0
12    0.530528           0
12    0.553594           0
12    0.576661           0
12    0.599727           0
12    0.622794           0
12     0.64586           0
12    0.668926           0
12    0.691993           0
12    0.715059           0
12    0.738126           0
12    0.761192           0
12    0.784259           0
12    0.807325           0
12    0.830391           0
12    0.853458           0
12    0.876524           0
12    0.899591 8.97811e-05
12    0.922657  0.00329964
12    0.945724   0.0453023
12     0.96879     0.27892
12    0.991856    0.958622
12     1.01492     2.13753
12     1.03799     3.46714
12     1.06106     4.42412
12     1.08412     4.69249
12     1.10719     4.31215
12     1.13026     3.51431
12     1.15332     2.59472
12     1.17639     1.74559
12     1.19945     1.08846
12     1.22252    0.628074
12     1.24559    0.338801
12     1.26865    0.172025
12     1.29172   0.0846624
12     1.31479    0.046928
12     1.33785   0.0400756
12     1.36092   0.0579484
12     1.38399    0.101434
12     1.40705    0.177897
12     1.43012    0.289964
12     1.45319    0.438926
12     1.47625    0.609455
12     1.49932    0.774395
12     1.52238    0.895615
12     1.54545    0.943104
12     1.56852    0.902898
12     1.59158    0.786108
12     1.61465    0.623267
12     1.63772    0.452444
12     1.66078    0.307943
12     1.68385    0.212602
12     1.70692    0.185462
12     1.72998    0.246139
12     1.75305    0.420949
12     1.77612    0.728145
12     1.79918      1.1655
12     1.82225     1.68312
12     1.84531     2.18086
12     1.86838     2.53647
12     1.89145     2.65416
12     1.91451     2.50146
12     1.93758     2.13454
12     1.96065     1.65041
12     1.98371     1.17095
12     2.00678    0.781281
12     2.02985    0.527523
12     2.05291    0.422366
12     2.07598    0.448595
12     2.09905    0.573565
12     2.12211    0.741334
12     2.14518     0.89741
12     2.16824    0.995278
12     2.19131     1.00331
12     2.21438     0.90136
12     2.23744     0.76509
12     2.26051    0.639565
12     2.28358    0.558476
12     2.30664    0.560256
13   0.0230664           0
13   0.0461329           0
13   0.0691993           0
13   0.0922657           0
13    0.115332           0
13    0.138399           0
13    0.161465           0
13    0.184531           0
13    0.207598           0
13    0.230664           0
13    0.253731           0
13    0.276797           0
13    0.299864           0
13     0.32293           0
13    0.345996           0
13    0.369063           0
13    0.392129           0
13    0.415196           0
13    0.438262           0
13    0.461329           0
13    0.484395           0
13    0.507461           0
13    0.530528           0
13    0.553594           0
13    0.576661           0
13    0.599727           0
13    0.622794           0
13     0.64586           0
13    0.668926           0
13    0.691993           0
13    0.715059           0
13    0.738126           0
13    0.761192           0
13    0.784259           0
13    0.807325           0
13    0.830391           0
13    0.853458           0
13    0.876524           0
13    0.899591 9.14852e-05
13    0.922657  0.00330279
13    0.945724   0.0451795
13     0.96879    0.278787
13    0.991856    0.958725
13     1.01492     2.13793
13     1.03799     3.46867
13     1.06106     4.42387
13     1.08412     4.69219
13     1.10719     4.31163
13     1.13026     3.51402
13     1.15332     2.59349
13     1.17639     1.74571
13     1.19945     1.08837
13     1.22252    0.628292
13     1.24559    0.339099
13     1.26865    0.172236
13     1.29172   0.0847657
13     1.31479   0.0468595
13     1.33785    0.039994
13     1.36092   0.0579038
13     1.38399     0.10146
13     1.40705    0.177759
13     1.43012    0.290184
13     1.45319    0.438615
13     1.47625    0.609275
13     1.49932    0.774164
13     1.52238    0.895796
13     1.54545     0.94316
13     1.56852    0.903586
13     1.59158    0.786361
13     1.61465    0.623438
13     1.63772    0.452254
13     1.66078    0.307817
13     1.68385    0.212522
13     1.70692    0.185486
13     1.72998      0.2462
13     1.75305      0.4213
13     1.77612    0.728345
13     1.79918     1.16552
13     1.82225     1.68308
13     1.84531     2.18104
13     1.86838     2.53608
13     1.89145      2.6537
13     1.91451     2.50096
13     1.93758     2.13348
13     1.96065      1.6506
13     1.98371     1.17143
13     2.00678    0.781373
13     2.02985    0.527966
13     2.05291    0.422716
13     2.07598    0.448785
13     2.09905    0.573662
13     2.12211    0.741414
13     2.14518    0.897323
13     2.16824    0.995197
13     2.19131     1.00316
13     2.21438    0.901075
13     2.23744    0.764646
13     2.26051    0.639526
13     2.28358    0.558471
13     2.30664    0.560377
14   0.0230664           0
14   0.0461329           0
14   0.0691993           0
14   0.0922657           0
14    0.115332           0
14    0.138399           0
14    0.161465           0
14    0.184531           0
14    0.207598           0
14    0.230664           0
14    0.253731           0
14    0.276797           0
14    0.299864           0
14     0.32293           0
14    0.345996           0
14    0.369063           0
14    0.392129           0
14    0.415196           0
14    0.438262           0
14    0.461329           0
14    0.484395           0
14    0.507461           0
14    0.530528           0
14    0.553594           0
14    0.576661           0
14    0.599727           0
14    0.622794           0
14     0.64586           0
14    0.668926           0
14    0.691993           0
14    0.715059           0
14    0.738126           0
14    0.761192           0
14    0.784259           0
14    0.807325           0
14    0.830391           0
14    0.853458           0
14    0.876524           0
14    0.899591 9.19465e-05
14    0.922657  0.00331311
14    0.945724   0.0452173
14     0.96879    0.278481
14    0.991856    0.958882
14     1.01492     2.13777
14     1.03799     3.46873
14     1.06106     4.42425
14     1.08412     4.69353
14     1.10719     4.31148
14     1.13026     3.51294
14     1.15332       2.593
14     1.17639     1.74527
14     1.19945     1.08847
14     1.22252    0.628311
14     1.24559    0.339621
14     1.26865    0.172219
14     1.29172   0.0847571
14     1.31479   0.0468521
14     1.33785    0.039956
14     1.36092   0.0577788
14     1.38399     0.10158
14     1.40705    0.177958
14     1.43012    0.290557
14     1.45319    0.438624
14     1.47625    0.609124
14     1.49932    0.774104
14     1.52238    0.895955
14     1.54545    0.942958
14     1.56852    0.903777
14     1.59158    0.786367
14     1.61465    0.623092
14     1.63772     0.45173
14     1.66078     0.30777
14     1.68385    0.212628
14     1.70692    0.185615
14     1.72998    0.246407
14     1.75305    0.421249
14     1.77612    0.728097
14     1.79918     1.16596
14     1.82225     1.68361
14     1.84531       2.181
14     1.86838     2.53604
14     1.89145     2.65341
14     1.91451     2.50076
14     1.93758     2.13326
14     1.96065     1.65084
14     1.98371     1.17141
14     2.00678    0.781348
14     2.02985    0.527952
14     2.05291    0.422697
14     2.07598     0.44898
14     2.09905    0.573495
14     2.12211    0.741633
14     2.14518     0.89715
14     2.16824    0.994978
14     2.19131     1.00291
14     2.21438    0.901325
14     2.23744    0.764533
14     2.26051    0.639893
14     2.28358    0.558581
14     2.30664    0.560442
15   0.0230664           0
15   0.0461329           0
15   0.0691993           0
15   0.0922657           0
15    0.115332           0
15    0.138399           0
15    0.161465           0
15    0.184531           0
15    0.207598           0
15    0.230664           0
15    0.253731           0
15    0.276797           0
15    0.299864           0
15     0.32293           0
15    0.345996           0
15    0.369063           0
15    0.392129           0
15    0.415196           0
15    0.438262           0
15    0.461329           0
15    0.484395           0
15    0.507461           0
15    0.530528           0
15    0.553594           0
15    0.576661           0
15    0.599727           0
15    0.622794           0
15     0.64586           0
15    0.668926           0
15    0.691993           0
15    0.715059           0
15    0.738126           0
15    0.761192           0
15    0.784259           0
15    0.807325           0
15    0.830391           0
15    0.853458           0
15    0.876524           0
15    0.899591 8.95479e-05
15    0.922657  0.00330607
15    0.945724   0.0453211
15     0.96879    0.278777
15    0.991856    0.959856
15     1.01492     2.13743
15     1.03799     3.46892
15     1.06106     4.42403
15     1.08412     4.69285
15     1.10719     4.31131
15     1.13026     3.51314
15     1.15332     2.59166
15     1.17639     1.74527
15     1.19945     1.08887
15     1.22252    0.628339
15     1.24559    0.339759
15     1.26865    0.172593
15     1.29172   0.0848307
15     1.31479   0.0468875
15     1.33785   0.0399159
15     1.36092   0.0578903
15     1.38399    0.101493
15     1.40705    0.177902
15     1.43012    0.290764
15     1.45319    0.438983
15     1.47625    0.608937
15     1.49932    0.774024
15     1.52238    0.895321
15     1.54545    0.943085
15     1.56852    0.903859
15     1.59158    0.786141
15     1.61465    0.623281
15     1.63772    0.451961
15     1.66078    0.307698
15     1.68385     0.21275
15     1.70692    0.185594
15     1.72998    0.246686
15     1.75305     0.42124
15     1.77612      0.7281
15     1.79918      1.1661
15     1.82225     1.68424
15     1.84531     2.18078
15     1.86838     2.53594
15     1.89145     2.65318
15     1.91451     2.49994
15     1.93758      2.1326
15     1.96065     1.65073
15     1.98371     1.17157
15     2.00678    0.781905
15     2.02985    0.528279
15     2.05291    0.422818
15     2.07598     0.44923
15     2.09905    0.573767
15     2.12211    0.741804
15     2.14518    0.897136
15     2.16824    0.994442
15     2.19131     1.00265
15     2.21438     0.90091
15     2.23744    0.764429
15     2.26051    0.639874
15     2.28358     0.55868
15     2.30664    0.560811
16   0.0230664           0
16   0.0461329           0
16   0.0691993           0
16   0.0922657           0
16    0.115332           0
16    0.138399           0
16    0.161465           0
16    0.184531           0
16    0.207598           0
16    0.230664           0
16    0.253731           0
16    0.276797           0
16    0.299864           0
16     0.32293           0
16    0.345996           0
16    0.369063           0
16    0.392129           0
16    0.415196           0
16    0.438262           0
16    0.461329           0
16    0.484395           0
16    0.507461           0
16    0.530528           0
16    0.553594           0
16    0.576661           0
16    0.599727           0
16    0.622794           0
16     0.64586           0
16    0.668926           0
16    0.691993           0
16    0.715059           0
16    0.738126           0
16    0.761192           0
16    0.784259           0
16    0.807325           0
16    0.830391           0
16    0.853458           0
16    0.876524           0
16    0.899591 8.48256e-05
16    0.922657  0.00331822
16    0.945724   0.0452423
16     0.96879      0.2792
16    0.991856    0.960706
16     1.01492     2.13862
16     1.03799     3.46798
16     1.06106      4.4247
16     1.08412      4.6917
16     1.10719     4.30994
16     1.13026     3.51249
16     1.15332     2.59098
16     1.17639     1.74539
16     1.19945     1.08934
16     1.22252    0.628684
16     1.24559     0.33991
16     1.26865    0.172905
16     1.29172   0.0849691
16     1.31479   0.0469879
16     1.33785    0.040094
16     1.36092   0.0580284
16     1.38399    0.101555
16     1.40705    0.177882
16     1.43012     0.29103
16     1.45319    0.438871
16     1.47625    0.608772
16     1.49932    0.774006
16     1.52238     0.89526
16     1.54545    0.943022
16     1.56852    0.903774
16     1.59158    0.785779
16     1.61465    0.623268
16     1.63772    0.451881
16     1.66078    0.307726
16     1.68385    0.212989
16     1.70692    0.185898
16     1.72998    0.247142
16     1.75305    0.421855
16     1.77612    0.728669
16     1.79918     1.16627
16     1.82225     1.68398
16     1.84531     2.18017
16     1.86838     2.53551
16     1.89145     2.65185
16     1.91451     2.49952
16     1.93758     2.13185
16     1.96065     1.65086
16     1.98371     1.17223
16     2.00678    0.782252
16     2.02985    0.528547
16     2.05291    0.423284
16     2.07598    0.449588
16     2.09905    0.574035
16     2.12211    0.741895
16     2.14518    0.897099
16     2.16824    0.994036
16     2.19131     1.00225
16     2.21438    0.900542
16     2.23744    0.764454
16     2.26051    0.640141
16     2.28358    0.558954
16     2.30664    0.561142
17   0.0230664           0
17   0.0461329           0
17   0.0691993           0
17   0.0922657           0
17    0.115332           0
17    0.138399           0
17    0.161465           0
17    0.184531           0
17    0.207598           0
17    0.230664           0
17    0.253731           0
17    0.276797           0
17    0.299864           0
17     0.32293           0
17    0.345996           0
17    0.369063           0
17    0.392129           0
17    0.415196           0
17    0.438262           0
17    0.461329           0
17    0.484395           0
17    0.507461           0
17    0.530528           0
17    0.553594           0
17    0.576661           0
17    0.599727           0
17    0.622794           0
17     0.64586           0
17    0.668926           0
17    0.691993           0
17    0.715059           0
17    0.738126           0
17    0.761192           0
17    0.784259           0
17    0.807325           0
17    0.830391           0
17    0.853458           0
17    0.876524           0
17    0.899591 8.39511e-05
17    0.922657  0.00331484
17    0.945724   0.0452101
17     0.96879    0.279377
17    0.991856     0.96096
17     1.01492     2.13905
17     1.03799     3.46899
17     1.06106     4.42496
17     1.08412     4.69136
17     1.10719     4.30817
17     1.13026     3.51146
17     1.15332     2.59014
17     1.17639     1.74577
17     1.19945     1.08947
17     1.22252    0.629063
17     1.24559    0.340193
17     1.26865    0.173146
17     1.29172     0.08529
17     1.31479   0.0470838
17     1.33785   0.0402081
17     1.36092   0.0581996
17     1.38399     0.10191
17     1.40705    0.178083
17     1.43012    0.291183
17     1.45319    0.438883
17     1.47625    0.609033
17     1.49932    0.773624
17     1.52238    0.894998
17     1.54545    0.942321
17     1.56852    0.903274
17     1.59158     0.78564
17     1.61465    0.623066
17     1.63772    0.452047
17     1.66078    0.308066
17     1.68385    0.213202
17     1.70692    0.186175
17     1.72998    0.247426
17     1.75305    0.422314
17     1.77612    0.729407
17     1.79918     1.16667
17     1.82225      1.6837
17     1.84531     2.17972
17     1.86838     2.53494
17     1.89145     2.65096
17     1.91451     2.49872
17     1.93758     2.13122
17     1.96065     1.65067
17     1.98371     1.17277
17     2.00678    0.782754
17     2.02985    0.529192
17     2.05291    0.423708
17     2.07598    0.449951
17     2.09905    0.574226
17     2.12211     0.74178
17     2.14518    0.897018
17     2.16824    0.993791
17     2.19131     1.00177
17     2.21438    0.900451
17     2.23744    0.764427
17     2.26051    0.640362
17     2.28358    0.559277
17     2.30664    0.561506
18   0.0230664           0
18   0.0461329           0
18   0.0691993           0
18   0.0922657           0
18    0.115332           0
18    0.138399           0
18    0.161465           0
18    0.184531           0
18    0.207598           0
18    0.230664           0
18    0.253731           0
18    0.276797           0
18    0.299864           0
18     0.32293           0
18    0.345996           0
18    0.369063           0
18    0.392129           0
18    0.415196           0
18    0.438262           0
18    0.461329           0
18    0.484395           0
18    0.507461           0
18    0.530528           0
18    0.553594           0
18    0.576661           0
18    0.599727           0
18    0.622794           0
18     0.64586           0
18    0.668926           0
18    0.691993           0
18    0.715059           0
18    0.738126           0
18    0.761192           0
18    0.784259           0
18    0.807325           0
18    0.830391           0
18    0.853458           0
18    0.876524           0
18    0.899591 8.47284e-05
18    0.922657  0.00330888
18    0.945724    0.045197
18     0.96879    0.279399
18    0.991856    0.960651
18     1.01492     2.13973
18     1.03799     3.46945
18     1.06106     4.42483
18     1.08412     4.69057
18     1.10719     4.30784
18     1.13026     3.51159
18     1.15332     2.58949
18     1.17639     1.74619
18     1.19945     1.09007
18     1.22252    0.629189
18     1.24559    0.340062
18     1.26865    0.173045
18     1.29172   0.0853233
18     1.31479   0.0470377
18     1.33785   0.0402028
18     1.36092   0.0583278
18     1.38399    0.101959
18     1.40705    0.178052
18     1.43012    0.291109
18     1.45319    0.438895
18     1.47625    0.609213
18     1.49932    0.773543
18     1.52238    0.894827
18     1.54545    0.942352
18     1.56852    0.903133
18     1.59158    0.785446
18     1.61465    0.623183
18     1.63772    0.452217
18     1.66078    0.308167
18     1.68385    0.213297
18     1.70692    0.186211
18     1.72998    0.247601
18     1.75305    0.422346
18     1.77612    0.729704
18     1.79918     1.16645
18     1.82225     1.68384
18     1.84531     2.17956
18     1.86838     2.53426
18     1.89145     2.65053
18     1.91451     2.49884
18     1.93758      2.1311
18     1.96065      1.6511
18     1.98371      1.1727
18     2.00678    0.782897
18     2.02985    0.529428
18     2.05291    0.423797
18     2.07598    0.450051
18     2.09905    0.574135
18     2.12211     0.74174
18     2.14518    0.896904
18     2.16824    0.993752
18     2.19131     1.00176
18     2.21438    0.900254
18     2.23744    0.764579
18     2.26051    0.640501
18     2.28358     0.55938
18     2.30664    0.561419
19   0.0230664           0
19   0.0461329           0
19   0.0691993           0
19   0.0922657           0
19    0.115332           0
19    0.138399           0
19    0.161465           0
19    0.184531           0
19    0.207598           0
19    0.230664           0
19    0.253731           0
19    0.276797           0
19    0.299864           0
19     0.32293           0
19    0.345996           0
19    0.369063           0
19    0.392129           0
19    0.415196           0
19    0.438262           0
19    0.461329           0
19    0.484395           0
19    0.507461           0
19    0.530528           0
19    0.553594           0
19    0.576661           0
19    0.599727           0
19    0.622794           0
19     0.64586           0
19    0.668926           0
19    0.691993           0
19    0.715059           0
19    0.738126           0
19    0.761192           0
19    0.784259           0
19    0.807325           0
19    0.830391           0
19    0.853458           0
19    0.876524           0
19    0.899591 8.32147e-05
19    0.922657  0.00332106
19    0.945724   0.0452413
19     0.96879    0.279954
19    0.991856    0.961263
19     1.01492     2.13978
19     1.03799       3.469
19     1.06106     4.42472
19     1.08412     4.68979
19     1.10719     4.30779
19     1.13026     3.51092
19     1.15332     2.58922
19     1.17639     1.74586
19     1.19945     1.09004
19     1.22252    0.629376
19     1.24559    0.340454
19     1.26865     0.17347
19     1.29172   0.0855262
19     1.31479   0.0471873
19     1.33785   0.0403434
19     1.36092   0.0585568
19     1.38399    0.102182
19     1.40705    0.178134
19     1.43012    0.291239
19     1.45319    0.439306
19     1.47625    0.609095
19     1.49932    0.773311
19     1.52238      0.8944
19     1.54545    0.942002
19     1.56852    0.902551
19     1.59158    0.785147
19     1.61465    0.623047
19     1.63772    0.452226
19     1.66078     0.30824
19     1.68385    0.213609
19     1.70692    0.186577
19     1.72998    0.248106
19     1.75305    0.422921
19     1.77612    0.730052
19     1.79918      1.1666
19     1.82225     1.68401
19     1.84531     2.17963
19     1.86838     2.53359
19     1.89145     2.64991
19     1.91451     2.49749
19     1.93758     2.13039
19     1.96065     1.65093
19     1.98371     1.17283
19     2.00678     0.78332
19     2.02985    0.530072
19     2.05291    0.424294
19     2.07598    0.450524
19     2.09905    0.574366
19     2.12211    0.741768
19     2.14518    0.896936
19     2.16824    0.993438
19     2.19131     1.00125
19     2.21438     0.90014
19     2.23744    0.764483
19     2.26051    0.640845
19     2.28358     0.55991
19     2.30664    0.562035
20   0.0230664           0
20   0.0461329           0
20   0.0691993           0
20   0.0922657           0
20    0.115332           0
20    0.138399           0
20    0.161465           0
20    0.184531           0
20    0.207598           0
20    0.230664           0
20    0.253731           0
20    0.276797           0
20    0.299864           0
20     0.32293           0
20    0.345996           0
20    0.369063           0
20    0.392129           0
20    0.415196           0
20    0.438262           0
20    0.461329           0
20    0.484395           0
20    0.507461           0
20    0.530528           0
20    0.553594           0
20    0.576661           0
20    0.599727           0
20    0.622794           0
20     0.64586           0
20    0.668926           0
20    0.691993           0
20    0.715059           0
20    0.738126           0
20    0.761192           0
20    0.784259           0
20    0.807325           0
20    0.830391           0
20    0.853458           0
20    0.876524           0
20    0.899591 8.18523e-05
20    0.922657  0.00329409
20    0.945724   0.0452406
20     0.96879    0.279796
20    0.991856    0.960846
20     1.01492     2.13884
20     1.03799     3.46886
20     1.06106     4.42509
20     1.08412     4.69079
20     1.10719     4.30814
20     1.13026     3.51229
20     1.15332     2.58886
20     1.17639     1.74573
20     1.19945     1.08937
20     1.22252    0.629218
20     1.24559    0.340391
20     1.26865    0.173405
20     1.29172   0.0855341
20     1.31479   0.0471974
20     1.33785    0.040367
20     1.36092   0.0584721
20     1.38399     0.10214
20     1.40705    0.177989
20     1.43012    0.291235
20     1.45319    0.439307
20     1.47625    0.609078
20     1.49932    0.773292
20     1.52238    0.894355
20     1.54545    0.942224
20     1.56852    0.902849
20     1.59158     0.78526
20     1.61465    0.623056
20     1.63772    0.452056
20     1.66078    0.308022
20     1.68385    0.213556
20     1.70692    0.186515
20     1.72998    0.248094
20     1.75305    0.422886
20     1.77612     0.73001
20     1.79918     1.16654
20     1.82225     1.68404
20     1.84531     2.17933
20     1.86838     2.53407
20     1.89145     2.64996
20     1.91451     2.49796
20     1.93758     2.13023
20     1.96065     1.65093
20     1.98371     1.17281
20     2.00678     0.78327
20     2.02985    0.529869
20     2.05291    0.424139
20     2.07598    0.450434
20     2.09905    0.574234
20     2.12211    0.741942
20     2.14518    0.896965
20     2.16824    0.993582
20     2.19131     1.00151
20     2.21438    0.900251
20     2.23744    0.764518
20     2.26051    0.640701
20     2.28358     0.55977
20     2.30664     0.56177
