1     7.59568     7.59568           0
2     7.55514     7.57541   0.0202738
3     7.59743     7.58275    0.013817
4      7.5667     7.57874   0.0105616
5     7.56159     7.57531  0.00887126
6     7.58151     7.57634  0.00731661
7     7.56883     7.57527  0.00627612
8       7.595     7.57774  0.00596891
9     7.58248     7.57826  0.00529047
10     7.60918     7.58135  0.00565235
11     7.65977     7.58848  0.00877237
12     7.55253     7.58549  0.00855001
13     7.59828     7.58647  0.00792621
14     7.58537     7.58639  0.00733867
15     7.61853     7.58854  0.00716005
16     7.63276      7.5913  0.00724558
17     7.62426     7.59324  0.00707688
18     7.59722     7.59346  0.00667581
19     7.63018     7.59539  0.00660383
20     7.55918     7.59358  0.00652136
