11.0922
10.4241
10.4119
9.53103
9.18779
8.90055
8.78136
8.65035
8.39792
7.73742
7.39598
7.39598
7.38775
7.35648
7.06428
7.06428
6.89554
6.76994
6.47858
6.26816
6.02514
6.00421
5.83547
5.82438
5.63463
5.43163
5.27854
5.22733
5.22733
5.19926
5.13176
5.13176
5.13176
5.0616
5.01548
5.01548
5.00869
4.96256
4.96256
4.96256
4.92826
4.92826
4.92826
4.8944
4.8944
4.87795
4.87795
4.87312
4.87312
4.70367
4.70367
4.70367
4.70367
4.64149
4.64149
4.64149
4.63666
4.63666
4.63666
4.63666
4.63666
4.63666
4.63666
4.63666
4.63666
4.63666
4.63666
4.63666
4.63666
4.63666
4.63666
4.63666
4.63666
4.63666
4.63666
4.63666
4.63666
4.63666
4.63666
4.63666
4.63666
4.63666
4.63666
4.63666
4.63666
4.63666
4.63666
4.63666
4.63666
4.63666
4.63666
4.63666
4.63666
4.63666
4.63666
4.63666
4.63666
4.63666
4.63666
4.63666
