15.4363
14.1056
12.5668
11.5014
10.9421
10.4759
9.9766
9.47573
9.16277
8.96408
8.75091
8.47055
8.18478
7.9253
7.76929
7.63245
7.53151
7.44646
7.32122
7.14891
6.91766
6.76337
6.63709
6.50525
6.39221
6.23766
6.04566
5.83878
5.69083
5.55855
5.45152
5.36992
5.33205
5.32795
5.29439
5.22071
5.1071
5.06163
5.02249
4.99992
4.98253
4.96495
4.95562
4.94405
4.93114
4.92213
4.90964
4.89438
4.88676
4.88099
4.8677
4.8424
4.80761
4.75507
4.70918
4.69501
4.67609
4.6535
4.64065
4.63916
4.63731
4.63666
4.63666
4.63666
4.63666
4.63666
4.63666
4.63666
4.63666
4.63666
4.63666
4.63666
4.63666
4.63666
4.63666
4.63666
4.63666
4.63666
4.63666
4.63666
4.63666
4.63666
4.63666
4.63666
4.63666
4.63666
4.63666
4.63666
4.63666
4.63666
4.63666
4.63666
4.63666
4.63666
4.63666
4.63666
4.63666
4.63666
4.63666
4.63666
