11.2355
10.9577
10.7126
9.53051
9.42845
9.42845
9.15048
8.67246
8.43398
8.24213
7.82794
7.78101
7.42317
7.37624
6.99283
6.92288
6.73195
6.73195
6.67605
6.07736
5.83336
5.83336
5.5605
5.5605
5.54227
5.48219
5.42547
5.34063
5.34063
5.28054
5.24573
5.04752
5.04752
5.04752
5.03652
4.99184
4.99184
4.98107
4.94095
4.88527
4.88527
4.88527
4.88527
4.88527
4.85141
4.85141
4.85141
4.85141
4.85141
4.69884
4.69884
4.69884
4.69884
4.69884
4.69884
4.69884
4.69884
4.69884
4.69884
4.69884
4.69884
4.69884
4.69884
4.69884
4.69884
4.69884
4.69884
4.69884
4.69884
4.69884
4.69884
4.69884
4.69884
4.69884
4.69884
4.69884
4.69884
4.69884
4.69884
4.63666
4.63666
4.63666
4.63666
4.63666
4.63666
4.63666
4.63666
4.63666
4.63666
4.63666
4.63666
4.63666
4.63666
4.63666
4.63666
4.63666
4.63666
4.63666
4.63666
4.63666
