15.4752
14.3183
13.1714
12.3076
11.6214
11.0368
10.4122
9.9292
9.54774
9.23101
8.9819
8.76126
8.48615
8.20087
7.9337
7.66292
7.43591
7.20321
7.02132
6.86796
6.7792
6.6759
6.52262
6.29378
6.00753
5.76421
5.64472
5.57687
5.53217
5.50494
5.49019
5.45503
5.40384
5.35479
5.3042
5.24189
5.19893
5.14329
5.06047
5.01697
5.02326
5.00814
5.00856
4.97685
4.99171
4.99918
4.96554
4.87999
4.86204
4.85096
4.83988
4.81882
4.79354
4.77486
4.72447
4.69884
4.69884
4.69884
4.69884
4.69884
4.69884
4.69884
4.69884
4.69884
4.69884
4.69884
4.69884
4.69884
4.69884
4.69884
4.69884
4.69884
4.69884
4.69884
4.69884
4.69884
4.69884
4.69884
4.69884
4.69791
4.68945
4.66868
4.64427
4.63666
4.63666
4.63666
4.63666
4.63666
4.63666
4.63666
4.63666
4.63666
4.63666
4.63666
4.63666
4.63666
4.63666
4.63666
4.63666
4.63666
