11.3511
10.2532
10.1566
9.48541
9.19609
8.83358
8.33275
8.04743
7.73742
7.6243
7.40029
7.25415
7.21346
7.0831
6.89822
6.83317
6.83317
6.65791
6.50147
6.46196
6.32621
6.32621
6.2867
6.11878
5.77946
5.61025
5.61025
5.4023
5.4023
5.34063
5.28311
5.03082
5.03082
5.03082
5.03082
5.03082
4.92425
4.92425
4.8441
4.92241
4.73753
4.73753
4.73753
4.70367
4.70367
4.70367
4.70367
4.69884
4.69884
4.69884
4.69884
4.69884
4.69884
4.69884
4.69884
4.69884
4.69884
4.69884
4.69884
4.63666
4.63666
4.63666
4.63666
4.63666
4.63666
4.63666
4.63666
4.63666
4.63666
4.63666
4.63666
4.63666
4.63666
4.63666
4.63666
4.63666
4.63666
4.63666
4.63666
4.63666
4.63666
4.63666
4.63666
4.63666
4.63666
4.63666
4.63666
4.63666
4.63666
4.63666
4.63666
4.63666
4.63666
4.63666
4.63666
4.63666
4.63666
4.63666
4.63666
4.63666
