15.4545
14.267
12.9785
11.9765
11.0957
10.5054
9.95901
9.55413
9.06135
8.60531
8.21535
7.96893
7.80051
7.62959
7.48224
7.37716
7.28421
7.1855
7.08392
6.95996
6.82684
6.7451
6.66486
6.57875
6.48471
6.37538
6.27555
6.15756
6.004
5.77994
5.62892
5.56671
5.50207
5.41359
5.32143
5.21697
5.1074
5.03735
5.02341
5.01034
4.99049
4.96736
4.92632
4.85906
4.79418
4.74878
4.72527
4.71389
4.70372
4.70302
4.70157
4.69972
4.69884
4.69884
4.69884
4.69884
4.69884
4.69884
4.69884
4.69793
4.68897
4.66909
4.64597
4.63666
4.63666
4.63666
4.63666
4.63666
4.63666
4.63666
4.63666
4.63666
4.63666
4.63666
4.63666
4.63666
4.63666
4.63666
4.63666
4.63666
4.63666
4.63666
4.63666
4.63666
4.63666
4.63666
4.63666
4.63666
4.63666
4.63666
4.63666
4.63666
4.63666
4.63666
4.63666
4.63666
4.63666
4.63666
4.63666
4.63666
