11.4416
11.0157
10.7712
10.5562
10.1728
9.90989
9.424
9.13413
8.62843
8.43398
7.99862
7.77715
7.72719
7.66691
7.52814
7.07671
7.07306
6.80364
6.3259
6.29821
6.02835
6.01665
5.73139
5.66086
5.52423
5.4537
5.40795
5.40247
5.25776
5.19679
5.19679
5.17187
5.16612
5.07823
5.04756
5.04756
5.01548
5.01548
5.00976
4.8441
4.8441
4.8331
4.82767
4.82767
4.73753
4.73753
4.73181
4.73181
4.70367
4.72247
4.71675
4.71675
4.71675
4.71675
4.71116
4.71116
4.71116
4.71116
4.71116
4.71116
4.71116
4.71116
4.71116
4.71116
4.71116
4.71116
4.71116
4.71116
4.71116
4.63666
4.63666
4.63666
4.63666
4.63666
4.63666
4.63666
4.63666
4.63666
4.63666
4.63666
4.63666
4.63666
4.63666
4.63666
4.63666
4.63666
4.63666
4.63666
4.63666
4.63666
4.63666
4.63666
4.63666
4.63666
4.63666
4.63666
4.63666
4.63666
4.63666
4.63666
