15.4978
14.4043
13.3462
12.5322
11.9148
11.396
10.9989
10.6871
10.3946
10.0713
9.70466
9.33773
8.98755
8.53467
8.10432
7.88421
7.76372
7.60065
7.36239
7.12227
6.95319
6.84048
6.70673
6.55602
6.32897
6.06965
5.80423
5.61402
5.51975
5.44726
5.40196
5.3573
5.29725
5.23794
5.19131
5.17086
5.15317
5.1384
5.1467
5.14875
5.15816
5.16512
5.14454
5.10049
5.0822
5.03383
4.9585
4.85124
4.77392
4.74831
4.73327
4.72909
4.72493
4.72009
4.71785
4.71664
4.71578
4.71401
4.71187
4.71116
4.71116
4.71116
4.71116
4.71116
4.71116
4.71116
4.71116
4.71116
4.71116
4.70985
4.69871
4.67343
4.64529
4.63666
4.63666
4.63666
4.63666
4.63666
4.63666
4.63666
4.63666
4.63666
4.63666
4.63666
4.63666
4.63666
4.63666
4.63666
4.63666
4.63666
4.63666
4.63666
4.63666
4.63666
4.63666
4.63666
4.63666
4.63666
4.63666
4.63666
