37.583
35.3742
32.8873
30.8728
29.0837
27.3228
25.6837
24.0536
22.8947
21.9784
21.0757
19.9163
18.5845
17.5716
16.9001
16.4399
15.9767
15.5056
14.9301
14.2802
13.6389
13.2573
12.9037
12.4946
11.8596
11.1884
10.6363
10.2186
9.8701
9.56496
9.32196
9.1595
9.02821
9.01678
8.94812
8.67236
8.21421
8.05416
7.95163
7.83784
7.7014
7.44138
7.06672
6.8441
6.71623
6.60871
6.50938
6.45607
6.43126
6.38946
6.34064
6.31475
6.3067
6.28938
6.27047
6.263
6.26166
6.25971
6.25414
6.24639
6.24139
6.2403
6.2403
6.2403
6.2403
6.2403
6.2403
6.2403
6.2403
6.2403
6.2403
6.2403
6.2403
6.2403
6.2403
6.2403
6.2403
6.2403
6.2403
6.2403
6.2403
6.2403
6.2403
6.2403
6.2403
6.2403
6.2403
6.2403
6.2403
6.2403
6.2403
6.2403
6.2403
6.2403
6.2403
6.2403
6.2403
6.2403
6.2403
6.2403
