10.8354
9.9301
9.79073
9.38946
8.83229
8.44089
8.3466
8.3007
7.95636
7.95178
7.54987
7.24884
6.94749
6.7977
6.62657
6.48245
6.48245
6.47298
6.32886
6.21984
6.19798
6.07251
6.04388
5.99943
5.82346
5.65819
5.65819
5.58292
5.52383
5.44856
5.44856
5.29341
5.29341
5.29341
5.21766
5.20614
5.18791
5.1304
5.08345
5.06522
5.06522
5.06522
5.0455
5.0455
5.03375
5.02294
4.95402
4.95298
4.88407
4.88021
4.87364
4.87364
4.86979
4.86979
4.86979
4.86979
4.86979
4.86979
4.86889
4.86889
4.86889
4.86889
4.86889
4.86889
4.86889
4.86889
4.86889
4.86889
4.86889
4.86889
4.86889
4.86889
4.86889
4.86889
4.86889
4.86889
4.86889
4.86889
4.86889
4.86889
4.86889
4.86889
4.86889
4.86889
4.86889
4.86889
4.86889
4.86889
4.86889
4.86889
4.86889
4.86889
4.86889
4.86889
4.86889
4.86889
4.86889
4.86889
4.86889
4.86889
