1.38823
1.34832
1.28183
1.19068
1.0783
0.950365
0.81517
0.683422
0.566963
0.476361
0.418331
0.394076
0.399412
0.426507
0.466156
0.509725
0.550343
0.583335
0.606167
0.618129
0.619916
0.613255
0.600519
0.584377
0.567539
0.552462
0.541265
0.535731
0.537292
0.546956
0.565142
0.591449
0.62443
0.661611
0.699835
0.735805
0.766688
0.790459
0.806124
0.813751
0.814418
0.809919
0.802364
0.793852
0.785957
0.77952
0.774618
0.770781
0.76729
0.763509
0.758975
0.753431
0.746776
0.739081
0.730606
0.721787
0.713358
0.706295
0.701715
0.700572
0.70341
0.709976
0.719241
0.729741
0.74009
0.749464
0.757688
0.764987
0.771597
0.777394
0.781987
0.784867
0.785752
0.784635
0.781805
0.777623
0.772421
0.76628
0.759067
0.750696
0.741508
0.732379
0.724593
0.719411
0.717294
0.717514
0.718429
0.718081
0.714871
0.707937
0.697293
0.68383
0.66915
0.655226
0.643915
0.63658
0.63396
0.636147
0.642724
0.652904
0.665509
0.679003
0.691489
0.701005
0.705853
0.704935
0.698048
0.68596
0.670323
0.653465
0.638056
0.626833
0.622127
0.625415
0.637194
0.656819
0.682717
0.712615
0.743915
0.773991
0.800502
0.821673
0.836422
0.84447
0.846325
0.843124
0.836417
0.827943
0.819147
0.810797
0.802779
0.79429
0.784457
0.772919
0.760102
0.746951
0.734341
0.722645
0.711848
0.701885
0.692788
0.684634
0.677431
0.671164
0.665828
0.661752
0.659566
0.660076
0.663883
0.671108
0.681281
0.693542
0.706919
0.720577
0.733873
0.746216
0.756967
0.765208
0.769756
0.769412
0.763383
0.751879
0.736455
0.719823
0.705108
0.69457
0.688601
0.685838
0.684452
0.683454
0.683106
0.684415
0.688347
0.69515
0.704212
0.714394
0.724593
0.733957
0.741938
0.748097
0.752102
0.753858
0.753625
0.752015
0.750024
0.748709
0.748892
0.750833
0.754168
0.757984
0.761208
0.762984
0.762885
0.761018
0.75779
0.753523
0.748462
0.742895
0.737288
0.732208
0.728226
0.725647
0.72454
0.724682
0.725578
0.726563
0.727075
0.726799
0.725777
0.72429
0.722809
0.721981
0.722282
0.723865
0.726582
0.729917
0.733201
0.735883
0.737727
0.738829
0.739603
0.740427
0.741209
0.741275
0.739516
0.734981
0.727414
0.717377
0.706337
0.69625
0.68899
0.685801
0.68695
0.691673
0.69842
0.705335
0.710593
0.712887
0.711523
0.706499
0.69841
0.688328
0.677712
0.668266
0.661891
0.660333
0.664782
0.675473
0.691479
0.710967
0.731642
0.751326
0.768362
0.781733
0.790943
0.795987
0.797175
0.794947
0.789845
0.782532
0.773656
0.763946
0.754034
0.744482
0.735541
0.727218
0.71943
0.712265
0.706286
0.702642
0.702688
0.707363
0.716439
0.728263
0.74014
0.749264
0.753668
0.752831
0.74779
0.740719
0.73412
0.729847
0.728664
0.730027
0.732568
0.734748
0.735432
0.734252
0.731622
0.728374
0.725317
0.722784
0.720548
0.718094
0.715068
0.71164
0.708602
0.707148
0.708334
0.712454
0.71861
0.725078
0.730054
0.732202
0.730948
0.726469
0.719509
0.711025
0.701925
0.692901
0.684457
0.677017
0.671038
0.666999
0.665377
0.66664
0.67106
0.678522
0.688568
0.700527
0.713636
0.727118
0.74004
0.751338
0.759775
0.764201
0.76399
0.759414
0.751813
0.743124
0.735207
0.729316
0.725875
0.724813
0.72582
0.728484
0.732385
0.737099
0.742172
0.747056
0.751128
0.753616
0.753672
0.750489
0.743708
0.733586
0.721138
0.707986
0.695966
0.686671
0.681112
0.679499
0.681288
0.685339
0.690234
0.694638
0.697779
0.699658
0.70075
0.701621
0.70257
0.703636
0.704917
0.706832
0.710058
0.715152
0.722236
0.730755
0.739532
0.747175
0.752542
0.754977
0.75433
0.7508
0.744742
0.73674
0.727965
0.720382
0.716182
0.716525
0.720844
0.727365
0.734314
0.740695
0.746274
0.751313
0.756208
0.761319
0.76662
0.771568
0.775287
0.776826
0.775543
0.771169
0.763564
0.75273
0.738901
0.722782
0.705766
0.689794
0.676902
0.668696
0.665937
0.668622
0.676201
0.687646
0.701694
0.716707
0.730745
0.741936
0.749043
0.751863
0.751191
0.748235
0.74388
0.738475
0.732092
0.724989
0.717659
0.710774
0.705001
0.70088
0.698801
0.699034
0.701613
0.7062
0.712073
0.718234
0.72361
0.727301
0.728873
0.728299
0.725955
0.722522
0.718699
0.714875
0.711225
0.707687
0.704196
0.700791
0.697691
0.695195
0.693563
0.692991
0.693512
0.695052
0.697531
0.700864
0.70502
0.710025
0.715946
0.722783
0.73037
0.738155
0.745203
0.75027
0.752104
0.749638
0.742352
0.730549
0.715363
0.698806
0.683385
0.671677
0.665822
0.667083
0.675485
0.689842
0.708117
0.727914
0.747123
0.76436
0.779124
0.791519
0.801732
0.809693
0.815015
0.817109
0.815623
0.810596
0.802363
0.791447
0.778519
0.764238
0.749287
0.734268
0.719808
0.706446
0.694629
0.684884
0.677944
0.674865
0.676775
0.684152
0.696197
0.710568
0.724058
0.733625
0.737335
0.734705
0.789548
0.773252
0.754223
0.735457
0.719773
0.709523
0.706332
0.710673
0.721636
0.736908
0.753332
0.767521
0.776602
0.7789
0.77444
0.765258
0.755003
0.747472
0.744667
0.746076
0.750005
0.755024
0.760406
0.765867
0.771074
0.775536
0.778807
0.780727
0.781022
0.779173
0.774466
0.766615
0.756497
0.746355
0.739179
0.73755
0.742596
0.753538
0.767999
0.782863
0.795253
0.80294
0.804657
0.800024
0.789543
0.774621
0.757558
0.74136
0.729171
0.723482
0.725211
0.733417
0.745857
0.759969
0.773583
0.785361
0.794654
0.801386
0.80592
0.808899
0.810903
0.812201
0.812554
0.811431
0.808283
0.802801
0.794926
0.784803
0.772609
0.758538
0.743058
0.727294
0.713243
0.703464
0.700145
0.703983
0.713723
0.726614
0.73939
0.749161
0.753849
0.752392
0.744873
0.732634
0.718212
0.704861
0.695705
0.692881
0.697091
0.707721
0.723422
0.742646
0.763777
0.785181
0.805185
0.822157
0.834674
0.841814
0.843282
0.839498
0.831576
0.820972
0.809193
0.797491
0.786794
0.777627
0.770085
0.763716
0.75765
0.75082
0.742384
0.73215
0.720701
0.709385
0.699909
0.693808
0.692005
0.694641
0.701297
0.71131
0.724162
0.739327
0.756043
0.773062
0.788639
0.80079
0.807721
0.808194
0.801896
0.789426
0.772297
0.752556
0.732537
0.714501
0.700434
0.691769
0.689238
0.692773
0.701621
0.714604
0.730419
0.747939
0.766249
0.78459
0.802112
0.817793
0.830523
0.83937
0.84386
0.844192
0.841188
0.836092
0.830274
0.824842
0.820224
0.815821
0.810244
0.801816
0.789199
0.771838
0.750246
0.725972
0.701489
0.67989
0.664133
0.656202
0.656506
0.663851
0.676081
0.690869
0.706381
0.721528
0.736007
0.750123
0.76433
0.778795
0.793007
0.805703
0.815362
0.820748
0.821324
0.817483
0.810286
0.801242
0.791806
0.78321
0.776406
0.772108
0.770661
0.772254
0.776894
0.784153
0.792898
0.801209
0.806981
0.808574
0.805161
0.796947
0.785004
0.771053
0.75714
0.745172
0.736686
0.732625
0.733137
0.737657
0.74504
0.753743
0.7621
0.768591
0.772075
0.771831
0.767606
0.759525
0.747987
0.733835
0.718673
0.704851
0.695064
0.691328
0.69425
0.702912
0.715344
0.729209
0.742338
0.753158
0.76082
0.76513
0.766518
0.765739
0.763675
0.76116
0.758821
0.757197
0.756901
0.758546
0.762431
0.768167
0.774614
0.780087
0.782936
0.782078
0.77733
0.769399
0.759686
0.750009
0.742323
0.738388
0.739342
0.745428
0.75578
0.768451
0.780883
0.790617
0.795821
0.795862
0.791117
0.782676
0.771715
0.759246
0.746348
0.734629
0.726273
0.723639
0.728464
0.741096
0.760216
0.783101
0.806382
0.826806
0.841702
0.849244
0.848443
0.83913
0.821927
0.798314
0.770332
0.740398
0.71107
0.685066
0.665134
0.653628
0.651843
0.659521
0.675013
0.695641
0.718259
0.739854
0.75793
0.770836
0.777975
0.779835
0.777769
0.773681
0.769771
0.767991
0.769545
0.774572
0.782306
0.791592
0.801442
0.811148
0.820312
0.828724
0.83615
0.842286
0.846739
0.848957
0.84828
0.84412
0.836165
0.824525
0.809891
0.793561
0.777181
0.762382
0.750224
0.740735
0.732983
0.725761
0.718329
0.710866
0.704349
0.700211
0.699688
0.703217
0.710054
0.718415
0.726161
0.731571
0.73382
0.733042
0.729981
0.72559
0.720602
0.715411
0.71024
0.705313
0.701168
0.698645
0.698708
0.702078
0.708984
0.719122
0.731839
0.746289
0.761399
0.776077
0.789473
0.801073
0.810585
0.817854
0.822854
0.825657
0.826433
0.825402
0.822832
0.818933
0.813836
0.807658
0.80042
0.792204
0.783119
0.773228
0.762503
0.750828
0.738193
0.724954
0.711991
0.700558
0.692045
0.687704
0.688634
0.695658
0.709088
0.728378
0.75201
0.777581
0.802196
0.822868
0.837298
0.844371
0.844442
0.839144
0.830587
0.820308
0.80909
0.797545
0.78659
0.777317
0.770525
0.766618
0.76581
0.76817
0.773148
0.779169
0.784001
0.785664
0.783134
0.776617
0.767356
0.757167
0.747873
0.740588
0.735593
0.732559
0.730873
0.729791
0.728544
0.726725
0.724763
0.724141
0.726938
0.734736
0.747521
0.763278
0.778709
0.790539
0.796426
0.795528
0.788616
0.777698
0.765474
0.754658
0.747157
0.74388
0.744898
0.749663
0.757214
0.766182
0.775002
0.782045
0.785924
0.785749
0.781436
0.773681
0.763828
0.753493
0.744228
0.737263
0.733381
0.732852
0.735449
0.740417
0.746725
0.753321
0.759379
0.764542
0.76889
0.772809
0.77661
0.780363
0.783731
0.786042
0.786556
0.784638
0.779803
0.771871
0.760822
0.746901
0.73065
0.713179
0.696145
0.681604
0.671453
0.667029
0.668765
0.676132
0.68783
0.702072
0.716916
0.730439
0.740911
0.747002
0.74803
0.744297
0.737402
0.730081
0.72571
0.727284
0.736282
0.752292
0.773331
0.796601
0.819052
0.838024
0.851524
0.858438
0.858548
0.852558
0.841761
0.827805
0.812337
0.796901
0.782909
0.771502
0.763315
0.75842
0.756219
0.755554
0.797906
0.793638
0.786913
0.77795
0.767441
0.756387
0.746034
0.737686
0.732624
0.732055
0.737075
0.748369
0.765765
0.787999
0.812844
0.837551
0.859495
0.876438
0.886513
0.888396
0.881696
0.867347
0.847519
0.825236
0.803542
0.784719
0.76995
0.759366
0.752365
0.748035
0.745373
0.743512
0.741924
0.74054
0.73957
0.739333
0.740038
0.741652
0.744117
0.747827
0.753667
0.762544
0.774438
0.788072
0.801373
0.812237
0.818882
0.820117
0.815563
0.805763
0.792241
0.77735
0.763802
0.754082
0.749984
0.752093
0.759533
0.770303
0.781816
0.791705
0.798427
0.801763
0.802809
0.803187
0.804082
0.805715
0.807571
0.808926
0.80911
0.807541
0.80386
0.79803
0.790432
0.781887
0.773577
0.766567
0.76135
0.757716
0.755047
0.753007
0.75202
0.753267
0.758034
0.766976
0.779662
0.794586
0.809593
0.822339
0.830738
0.833392
0.830102
0.821929
0.810829
0.799025
0.788376
0.779984
0.774147
0.770542
0.768531
0.767421
0.766562
0.765443
0.763754
0.761391
0.758455
0.755071
0.751532
0.748324
0.746227
0.746167
0.748934
0.754784
0.763255
0.773286
0.783638
0.79347
0.802603
0.811344
0.820005
0.828312
0.83518
0.83895
0.838272
0.83311
0.825631
0.81969
0.818032
0.819664
0.820741
0.817724
0.809262
0.795965
0.779458
0.761681
0.744379
0.728861
0.715709
0.704908
0.696287
0.689897
0.686204
0.686091
0.690592
0.700512
0.716068
0.736564
0.760419
0.785696
0.810485
0.83314
0.852424
0.867504
0.877764
0.882915
0.882867
0.877742
0.867917
0.854391
0.83871
0.822846
0.808759
0.797996
0.791498
0.789349
0.790785
0.79437
0.798364
0.801202
0.801785
0.799562
0.794565
0.78724
0.778233
0.768098
0.757108
0.745192
0.732166
0.718197
0.704158
0.691707
0.683045
0.680306
0.684724
0.696261
0.713567
0.734469
0.756403
0.776922
0.793992
0.806324
0.813634
0.81649
0.816138
0.814039
0.81141
0.808855
0.806172
0.802455
0.796495
0.787353
0.774981
0.76092
0.748131
0.739672
0.736739
0.737948
0.74075
0.742983
0.74359
0.742541
0.740625
0.739254
0.739972
0.743809
0.750823
0.760088
0.770191
0.779891
0.788595
0.796377
0.803597
0.810497
0.816905
0.822405
0.826759
0.82999
0.832081
0.832931
0.832395
0.830293
0.826633
0.821496
0.81499
0.807217
0.798366
0.788946
0.779885
0.772338
0.767283
0.764992
0.764925
0.765938
0.766788
0.766559
0.765024
0.762583
0.760012
0.758086
0.75712
0.75685
0.756509
0.75519
0.752177
0.7471
0.740187
0.732416
0.725734
0.722929
0.726828
0.739096
0.759254
0.784637
0.81155
0.836666
0.857775
0.873885
0.884471
0.888795
0.886179
0.876853
0.862583
0.846463
0.832122
0.822464
0.818524
0.81914
0.821625
0.822929
0.820573
0.813028
0.799871
0.781766
0.760236
0.737442
0.715793
0.697579
0.684489
0.677228
0.675591
0.678747
0.685844
0.696442
0.71061
0.728437
0.749709
0.773842
0.799902
0.826462
0.851479
0.872688
0.888226
0.897166
0.899777
0.897287
0.891134
0.882213
0.870544
0.855733
0.83773
0.817216
0.795522
0.774313
0.755022
0.738395
0.724403
0.712491
0.702082
0.692956
0.685418
0.680015
0.677194
0.677126
0.679822
0.685309
0.693646
0.704801
0.718358
0.733555
0.74933
0.764593
0.778549
0.790785
0.801076
0.809064
0.81429
0.816473
0.816093
0.814568
0.813962
0.816205
0.822307
0.831813
0.842871
0.853036
0.860119
0.86283
0.861048
0.855492
0.847437
0.838154
0.828502
0.818806
0.808945
0.798797
0.788673
0.779454
0.772338
0.768292
0.767438
0.76913
0.772198
0.775549
0.778571
0.781128
0.78329
0.785092
0.786547
0.787753
0.788988
0.79058
0.792743
0.795354
0.797991
0.800011
0.800835
0.8001
0.797713
0.793647
0.78771
0.779589
0.768969
0.755812
0.740619
0.724564
0.709233
0.696365
0.687346
0.682906
0.683142
0.687757
0.696347
0.708499
0.723611
0.7406
0.75784
0.773362
0.785307
0.792404
0.794132
0.790755
0.78313
0.772513
0.760398
0.748456
0.738416
0.731917
0.730222
0.734097
0.743776
0.758947
0.778746
0.801706
0.825823
0.848834
0.868572
0.88337
0.892275
0.895148
0.892553
0.885722
0.876259
0.865758
0.8554
0.845503
0.835585
0.824614
0.811597
0.796075
0.778385
0.759833
0.74262
0.729511
0.723147
0.725305
0.736143
0.753865
0.775325
0.796873
0.815266
0.82817
0.834564
0.834667
0.829664
0.821214
0.811041
0.800653
0.791134
0.783113
0.77674
0.771791
0.767567
0.763128
0.757531
0.750114
0.74074
0.729888
0.718662
0.708854
0.702644
0.702058
0.708309
0.721082
0.738319
0.756873
0.773593
0.786537
0.795255
0.80041
0.803046
0.803842
0.803068
0.800747
0.797002
0.792278
0.78739
0.783197
0.780229
0.778698
0.778708
0.780579
0.784756
0.791436
0.800438
0.81131
0.823434
0.836161
0.848875
0.86094
0.871549
0.87962
0.883557
0.881611
0.872262
0.854821
0.829879
0.799514
0.767192
0.737209
0.713826
0.700326
0.698305
0.70748
0.725953
0.750718
0.778168
0.804636
0.826868
0.842362
0.849614
0.848246
0.839006
0.82371
0.804973
0.785655
0.768208
0.754073
0.74337
0.735253
0.728398
0.7215
0.713629
0.704402
0.693896
0.682682
0.671861
0.66301
0.657949
0.658265
0.664763
0.677023
0.693512
0.711967
0.729931
0.745358
0.757152
0.765491
0.771644
0.777537
0.785095
0.795727
0.809965
0.827363
0.846511
0.865326
0.881386
0.892399
0.896604
0.893327
0.883426
0.86931
0.8543
0.841577
0.832889
0.827939
0.824835
0.821153
0.814997
0.805904
0.795086
0.784831
0.777423
0.773972
0.774
0.776131
0.779072
0.78207
0.784565
0.785655
0.784178
0.779638
0.772981
0.766569
0.763174
0.764416
0.770042
0.778085
0.786013
0.79179
0.794538
0.794579
0.793129
0.791398
0.789902
0.788397
0.786273
0.783338
0.779996
0.776991
0.775018
0.774139
0.773511
0.771562
0.76673
0.758517
0.748083
0.738151
0.731785
0.730967
0.735916
0.745251
0.756547
0.767097
0.774681
0.778297
0.778394
0.776598
0.774941
0.775013
0.777326
0.781321
0.785863
0.789767
0.792378
0.79361
0.793645
0.79275
0.791312
0.789867
0.789007
0.789245
0.790982
0.794468
0.79975
0.806664
0.814735
0.823272
0.831418
0.838338
0.843313
0.845719
0.844992
0.840722
0.832696
0.821065
0.806341
0.789558
0.772261
0.756335
0.743809
0.736378
0.734966
0.739419
0.748557
0.760576
0.773524
0.785702
0.795672
0.802298
0.804741
0.802623
0.79622
0.786404
0.774378
0.761425
0.748603
0.736695
0.726376
0.718472
0.714151
0.71475
0.721251
0.733865
0.751714
0.772964
0.795171
0.815772
0.83269
0.844706
0.851558
0.853636
0.851375
0.844991
0.834569
0.820429
0.803482
0.785291
0.767844
0.753063
0.742393
0.736497
0.735296
0.738089
0.743767
0.750928
0.758059
0.763606
0.766273
0.765517
0.761901
0.757132
0.753446
0.752597
0.75505
0.760014
0.766163
0.772177
0.77719
0.781046
0.784234
0.787661
0.792314
0.79867
0.806282
0.813858
0.819824
0.822978
0.82303
0.820688
0.817238
0.814016
0.811806
0.810716
0.810283
0.809788
0.808515
0.80608
0.802653
0.798724
0.79483
0.791151
0.78749
0.783348
0.778105
0.771327
0.762918
0.753441
0.743979
0.736026
0.730909
0.7294
0.731525
0.736871
0.745112
0.756143
0.769878
0.785676
0.801889
0.816283
0.826666
0.831474
0.83019
0.823546
0.813249
0.80165
0.791157
0.783632
0.779982
0.780045
0.782683
0.786258
0.789176
0.790267
0.789006
0.785473
0.780197
0.773962
0.767745
0.762503
0.759196
0.758791
0.762086
0.769482
0.780709
0.794777
0.810148
0.825143
0.838241
0.848185
0.854086
0.855458
0.852357
0.845409
0.835645
0.824177
0.811902
0.799398
0.787104
0.775539
0.765448
0.75784
0.753608
0.753266
0.756966
0.764542
0.775559
0.789226
0.804253
0.818757
0.830583
0.837679
0.838517
0.832519
0.820308
0.803767
0.785687
0.769118
0.756437
0.748532
0.744879
0.744251
0.745554
0.748125
0.751571
0.755329
0.75845
0.759658
0.757849
0.752673
0.744783
0.736024
0.729077
0.726679
0.730688
0.741238
0.756674
0.774184
0.791019
0.805382
0.816584
0.824625
0.829799
0.832475
0.832998
0.831683
0.828996
0.825368
0.821075
0.815948
0.809469
0.801036
0.79041
0.778008
0.76504
0.753439
0.7453
0.74221
0.744722
0.752081
0.762494
0.773695
0.783491
0.790204
0.792861
0.791416
0.786648
0.780096
0.773568
0.768722
0.766537
0.767171
0.770122
0.774587
0.779855
0.785315
0.790513
0.795063
0.798511
0.800466
0.800773
0.799594
0.797317
0.794296
0.790643
0.786201
0.780593
0.773589
0.765417
0.756814
0.749003
0.743298
0.740688
0.741491
0.745411
0.75187
0.760468
0.771121
0.783846
0.79838
0.813783
0.828241
0.839364
0.84487
0.843281
0.834487
0.819786
0.801503
0.782545
0.76575
0.75339
0.746858
0.746502
0.751549
0.760085
0.769483
0.777161
0.781317
0.781319
0.777536
0.770964
0.762781
0.754
0.745338
0.737261
0.730069
0.723986
0.719218
0.716039
0.714773
0.715608
0.718446
0.722915
0.72857
0.735028
0.742109
0.749793
0.75808
0.766829
0.775632
0.783734
0.790271
0.794565
0.796438
0.796323
0.795224
0.794437
0.795135
0.798042
0.803287
0.810335
0.818146
0.825527
0.831301
0.834733
0.835603
0.834189
0.83102
0.826591
0.82117
0.814932
0.808024
0.800785
0.793765
0.787653
0.783033
0.780298
0.779529
0.780371
0.782106
0.783822
0.784577
0.783696
0.780835
0.775961
0.769163
0.760837
0.75176
0.743124
0.736234
0.732161
0.731538
0.734603
0.741171
0.750613
0.761742
0.772966
0.782831
0.790285
0.794978
0.797202
0.797692
0.797319
0.796801
0.796662
0.797157
0.798277
0.799666
0.800644
0.800433
0.798601
0.795507
0.792368
0.790633
0.79091
0.792637
0.794577
0.795672
0.795454
0.794053
0.791869
0.789324
0.786837
0.785009
0.784553
0.78627
0.790729
0.798081
0.807892
0.819277
0.831069
0.841933
