0.850545
0.855631
0.856323
0.852409
0.844491
0.833869
0.822193
0.810856
0.800605
0.791186
0.781633
0.770667
0.757291
0.741262
0.723373
0.705354
0.689392
0.677539
0.671032
0.669983
0.673602
0.68053
0.689352
0.699166
0.709815
0.721806
0.735931
0.752706
0.772004
0.792956
0.81422
0.834242
0.85155
0.864849
0.87313
0.875719
0.872313
0.863132
0.84893
0.831071
0.811599
0.793045
0.777873
0.767734
0.762685
0.761309
0.76158
0.761734
0.760973
0.759549
0.758516
0.759359
0.763253
0.770251
0.778933
0.786809
0.791259
0.790467
0.78391
0.772343
0.757536
0.741747
0.727332
0.71632
0.710234
0.709843
0.715175
0.725517
0.739537
0.755546
0.771763
0.786616
0.798867
0.807849
0.813555
0.816713
0.818668
0.821146
0.825624
0.832803
0.842092
0.851894
0.860107
0.86485
0.864894
0.859716
0.849403
0.834579
0.816221
0.79562
0.774166
0.753392
0.734916
0.720266
0.710664
0.70681
0.708704
0.715705
0.726593
0.739903
0.754277
0.768655
0.782297
0.794745
0.805926
0.816008
0.825153
0.833265
0.839878
0.844121
0.845138
0.84235
0.835825
0.826379
0.815299
0.804124
0.794146
0.785943
0.77926
0.772973
0.765516
0.755382
0.741714
0.724724
0.705745
0.686908
0.67056
0.658762
0.65307
0.654559
0.663788
0.680478
0.703307
0.730101
0.758304
0.785613
0.810445
0.831963
0.849931
0.864463
0.875679
0.883694
0.888501
0.889949
0.887857
0.881967
0.872233
0.858984
0.843124
0.826374
0.811137
0.799998
0.794757
0.795646
0.801153
0.808742
0.815794
0.820245
0.820678
0.816314
0.806904
0.792976
0.775928
0.758129
0.742446
0.731422
0.726466
0.727623
0.733998
0.74405
0.755877
0.767402
0.776754
0.782648
0.78452
0.782517
0.777484
0.770477
0.762516
0.754299
0.746232
0.738505
0.731423
0.725673
0.722261
0.722187
0.725866
0.732906
0.742262
0.752593
0.762613
0.771434
0.778772
0.784958
0.790857
0.797558
0.806105
0.816988
0.829676
0.842581
0.853452
0.859994
0.860431
0.853806
0.83999
0.819656
0.794283
0.766273
0.738871
0.716009
0.701723
0.699059
0.708508
0.727267
0.750411
0.773053
0.791902
0.805367
0.813253
0.816129
0.81496
0.810963
0.805517
0.799822
0.794653
0.790028
0.785392
0.780335
0.775139
0.770771
0.768434
0.769184
0.77332
0.780365
0.789107
0.798034
0.805851
0.811751
0.815323
0.816492
0.815446
0.812505
0.808108
0.802695
0.796735
0.790705
0.785074
0.78004
0.775502
0.771099
0.766597
0.762066
0.757786
0.754114
0.75142
0.75006
0.75029
0.752317
0.75605
0.761078
0.766709
0.7721
0.776419
0.77902
0.779451
0.777457
0.773011
0.766481
0.758911
0.752182
0.748643
0.750216
0.757521
0.769602
0.784593
0.800668
0.816475
0.831146
0.84417
0.855117
0.863533
0.868943
0.870773
0.868474
0.861879
0.851322
0.837433
0.820884
0.802199
0.781807
0.760523
0.739576
0.720505
0.704691
0.69291
0.68526
0.681445
0.681104
0.68405
0.690286
0.699954
0.713038
0.729247
0.74783
0.767542
0.786816
0.803973
0.817606
0.82681
0.831389
0.831902
0.829543
0.82594
0.822482
0.819931
0.818164
0.816519
0.814219
0.810977
0.807055
0.803067
0.799599
0.796739
0.794151
0.791552
0.789254
0.788537
0.79096
0.796939
0.804829
0.811465
0.813704
0.809759
0.79951
0.784125
0.765565
0.746376
0.729807
0.719527
0.718602
0.727996
0.745538
0.76677
0.786976
0.802914
0.813208
0.817904
0.817806
0.813965
0.807512
0.799618
0.791442
0.784115
0.778535
0.775014
0.773093
0.771578
0.769212
0.765392
0.760584
0.756423
0.755013
0.757965
0.765835
0.777963
0.792802
0.808225
0.822007
0.832314
0.837809
0.83782
0.832359
0.822117
0.808434
0.793267
0.778835
0.767125
0.759292
0.755329
0.754257
0.754624
0.755009
0.754417
0.752615
0.750137
0.748139
0.747828
0.750146
0.755555
0.763914
0.774517
0.786134
0.797265
0.806486
0.812753
0.815554
0.815078
0.812103
0.807732
0.803096
0.799014
0.795904
0.793818
0.792521
0.79172
0.791218
0.790921
0.790814
0.790981
0.7915
0.792436
0.793706
0.795095
0.79632
0.796947
0.796425
0.794103
0.789305
0.781587
0.770929
0.75811
0.745034
0.734648
0.730079
0.733116
0.743012
0.756889
0.771403
0.784122
0.793906
0.800651
0.804512
0.805588
0.803924
0.799635
0.793125
0.785016
0.776091
0.767376
0.760068
0.755277
0.753396
0.753545
0.753774
0.752004
0.74703
0.739124
0.729819
0.721436
0.716151
0.715417
0.71968
0.728447
0.740661
0.75505
0.770295
0.785221
0.798961
0.811168
0.822132
0.83268
0.843721
0.85579
0.868721
0.881657
0.893316
0.902394
0.907648
0.908019
0.902736
0.891462
0.874451
0.85261
0.827563
0.801446
0.776561
0.754826
0.737289
0.723979
0.714114
0.70669
0.700889
0.696382
0.693255
0.691802
0.692296
0.694804
0.699074
0.70459
0.710673
0.716793
0.722695
0.728621
0.735378
0.744089
0.75567
0.770224
0.786755
0.803533
0.818632
0.830508
0.838321
0.842036
0.842121
0.839381
0.83471
0.828937
0.822612
0.815914
0.808543
0.79989
0.789409
0.777064
0.763652
0.750472
0.738997
0.730359
0.725128
0.723377
0.724783
0.729012
0.735842
0.74504
0.756058
0.76772
0.778671
0.788095
0.796081
0.803596
0.811941
0.822078
0.834268
0.847842
0.861188
0.872167
0.878653
0.878948
0.872189
0.858426
0.838561
0.814218
0.787505
0.760922
0.736904
0.717446
0.703752
0.696241
0.69477
0.698833
0.707757
0.720745
0.736802
0.754832
0.773539
0.791551
0.807231
0.818816
0.824572
0.823302
0.814723
0.799758
0.780527
0.759998
0.741289
0.726847
0.717697
0.713344
0.712339
0.713269
0.71545
0.71909
0.724791
0.733144
0.744347
0.758122
0.77382
0.790509
0.807086
0.822119
0.833873
0.840624
0.841208
0.835606
0.8253
0.813082
0.80214
0.794941
0.792578
0.794762
0.800443
0.808637
0.818518
0.829307
0.840186
0.850209
0.858397
0.863732
0.865181
0.861849
0.85314
0.839196
0.820993
0.800221
0.778878
0.758809
0.741425
0.727648
0.717953
0.712514
0.711092
0.713041
0.717505
0.723733
0.731344
0.740353
0.75078
0.762342
0.774262
0.785406
0.794553
0.800845
0.803866
0.803575
0.800271
0.79435
0.786426
0.77716
0.76753
0.758881
0.753033
0.752053
0.757403
0.768979
0.784895
0.802537
0.819713
0.835081
0.847578
0.855922
0.858553
0.854328
0.843746
0.829574
0.815675
0.804586
0.79651
0.790461
0.785891
0.782783
0.78088
0.779167
0.77621
0.770858
0.763058
0.754123
0.746522
0.74285
0.744672
0.75168
0.761777
0.77228
0.781214
0.788012
0.793289
0.798195
0.803638
0.809871
0.816647
0.823471
0.829989
0.836227
0.842331
0.848156
0.853031
0.856
0.856212
0.853171
0.846663
0.836651
0.823275
0.806712
0.787315
0.765622
0.742564
0.719799
0.699749
0.685387
0.67958
0.68411
0.698982
0.722248
0.750145
0.777763
0.800101
0.813419
0.816222
0.80975
0.797768
0.784985
0.774879
0.768475
0.765334
0.764914
0.766988
0.77122
0.776798
0.782703
0.788067
0.792496
0.795975
0.798525
0.799857
0.799187
0.795479
0.788107
0.777723
0.766616
0.758254
0.755859
0.760708
0.771515
0.785401
0.799377
0.811049
0.818538
0.820544
0.816905
0.808913
0.798919
0.789431
0.782401
0.778888
0.779111
0.782829
0.789673
0.799123
0.810216
0.821365
0.830545
0.835824
0.835895
0.830503
0.820529
0.807662
0.793936
0.781177
0.770374
0.761329
0.752874
0.743563
0.732687
0.720901
0.710115
0.702543
0.699671
0.701751
0.70799
0.71702
0.72727
0.737325
0.746359
0.75447
0.762702
0.772334
0.783834
0.796115
0.806837
0.813518
0.814772
0.810899
0.803814
0.796318
0.791279
0.790821
0.795999
0.806814
0.822373
0.840898
0.859876
0.876348
0.887439
0.890864
0.885337
0.870586
0.847353
0.817336
0.783212
0.748567
0.717348
0.692951
0.677422
0.671032
0.67268
0.680784
0.694011
0.711499
0.732424
0.755427
0.778412
0.798772
0.81409
0.822854
0.824931
0.82164
0.815252
0.808081
0.801749
0.797277
0.795652
0.798161
0.805753
0.818149
0.833489
0.848848
0.861259
0.868558
0.869701
0.864866
0.85521
0.842408
0.828339
0.814551
0.802097
0.791503
0.78291
0.776297
0.771774
0.769536
0.769734
0.77191
0.774874
0.776917
0.776468
0.772575
0.765345
0.755861
0.745768
0.736607
0.729205
0.723728
0.719997
0.717861
0.717447
0.718997
0.722668
0.728545
0.736687
0.747154
0.759643
0.773253
0.786585
0.798125
0.806908
0.812868
0.816546
0.81846
0.818575
0.816565
0.812239
0.805789
0.79757
0.788033
0.777705
0.76731
0.757786
0.750153
0.745023
0.742379
0.741689
0.742151
0.742993
0.743642
0.743904
0.744034
0.744601
0.746229
0.749373
0.754183
0.760634
0.76865
0.778036
0.788476
0.799299
0.809638
0.818856
0.826836
0.833962
0.84088
0.848065
0.855508
0.86259
0.868234
0.871236
0.870644
0.865951
0.85724
0.844954
0.829697
0.812098
0.79296
0.773394
0.754716
0.737939
0.723686
0.712261
0.704038
0.699564
0.699269
0.703007
0.709809
0.718193
0.726653
0.733992
0.739488
0.74286
0.744234
0.744253
0.744176
0.745851
0.75126
0.761674
0.776891
0.795211
0.81424
0.831839
0.846505
0.857215
0.86325
0.864217
0.860461
0.853193
0.844129
0.834998
0.826926
0.820139
0.814065
0.807748
0.800336
0.7915
0.781434
0.770729
0.760324
0.751588
0.746066
0.744856
0.747754
0.7529
0.757371
0.758381
0.754615
0.74693
0.738322
0.73294
0.734445
0.744371
0.761604
0.78293
0.804303
0.822135
0.834178
0.839833
0.839985
0.836335
0.830837
0.824945
0.819351
0.814059
0.808708
0.802942
0.796811
0.790911
0.786135
0.783171
0.781971
0.78175
0.781323
0.77971
0.7767
0.772894
0.769303
0.766814
0.765711
0.765518
0.765381
0.764549
0.762778
0.760249
0.757632
0.755611
0.754593
0.754498
0.754875
0.755197
0.755243
0.755395
0.756377
0.758897
0.763595
0.771136
0.782314
