-6.78306
-6.79199
-6.79432
-6.7878
-6.77625
-6.75999
-6.73988
-6.7232
-6.70847
-6.6924
-6.67743
-6.66066
-6.64124
-6.6159
-6.58777
-6.56171
-6.53842
-6.52161
-6.51217
-6.51157
-6.51797
-6.52869
-6.54289
-6.55923
-6.5765
-6.59675
-6.61664
-6.63921
-6.66848
-6.70056
-6.73213
-6.76282
-6.78716
-6.80711
-6.81791
-6.82212
-6.81636
-6.80259
-6.78225
-6.75644
-6.72593
-6.6981
-6.67631
-6.66272
-6.65288
-6.65146
-6.65155
-6.65243
-6.65096
-6.65044
-6.64857
-6.64692
-6.65049
-6.66034
-6.67499
-6.68616
-6.69381
-6.6923
-6.68343
-6.66576
-6.64225
-6.61986
-6.59856
-6.58107
-6.57162
-6.57038
-6.57773
-6.59325
-6.61395
-6.63894
-6.66327
-6.6862
-6.7036
-6.71837
-6.72758
-6.73425
-6.73686
-6.74025
-6.74826
-6.76001
-6.77459
-6.78606
-6.79676
-6.80323
-6.80394
-6.79747
-6.78297
-6.75976
-6.73352
-6.70294
-6.66979
-6.63765
-6.61253
-6.59023
-6.5755
-6.57102
-6.57321
-6.5821
-6.5981
-6.61807
-6.63834
-6.65958
-6.68069
-6.69904
-6.71678
-6.73255
-6.74724
-6.76071
-6.76966
-6.777
-6.77852
-6.77564
-6.76585
-6.75071
-6.7357
-6.7183
-6.70236
-6.68908
-6.67971
-6.66963
-6.65942
-6.64357
-6.62209
-6.59337
-6.56587
-6.53503
-6.51083
-6.49054
-6.4807
-6.48261
-6.49646
-6.52214
-6.55801
-6.5982
-6.64213
-6.68309
-6.72164
-6.75262
-6.78281
-6.80817
-6.82531
-6.83798
-6.84293
-6.84477
-6.84261
-6.83345
-6.8182
-6.7967
-6.77323
-6.74746
-6.72492
-6.70854
-6.70035
-6.70039
-6.70898
-6.72166
-6.73062
-6.73794
-6.7373
-6.72849
-6.7147
-6.69639
-6.67147
-6.64671
-6.62286
-6.6073
-6.59986
-6.60063
-6.61084
-6.62592
-6.64334
-6.66127
-6.67401
-6.68317
-6.68565
-6.68427
-6.67445
-6.66232
-6.64843
-6.63578
-6.62466
-6.61339
-6.60277
-6.59252
-6.58708
-6.58567
-6.59054
-6.60207
-6.61902
-6.63355
-6.65182
-6.66667
-6.67864
-6.68857
-6.69677
-6.70423
-6.71738
-6.73467
-6.75436
-6.77533
-6.79197
-6.80437
-6.80633
-6.79639
-6.77729
-6.74452
-6.70484
-6.66379
-6.62204
-6.58644
-6.56436
-6.5594
-6.57131
-6.59783
-6.63482
-6.66846
-6.69706
-6.71823
-6.72973
-6.73469
-6.73294
-6.72759
-6.71682
-6.70796
-6.70279
-6.69553
-6.6889
-6.68099
-6.67547
-6.66762
-6.6612
-6.66232
-6.66918
-6.67943
-6.69319
-6.70852
-6.7209
-6.72748
-6.73187
-6.73459
-6.73335
-6.72732
-6.72299
-6.71195
-6.70496
-6.69332
-6.68455
-6.67797
-6.6689
-6.66294
-6.65457
-6.64809
-6.64135
-6.63843
-6.6331
-6.63138
-6.63205
-6.63315
-6.63907
-6.64758
-6.65927
-6.66671
-6.67383
-6.67806
-6.67935
-6.67572
-6.66678
-6.65536
-6.6466
-6.63747
-6.62958
-6.63355
-6.64645
-6.66587
-6.68771
-6.71053
-6.73489
-6.75819
-6.77773
-6.79382
-6.80451
-6.81295
-6.81634
-6.81192
-6.80041
-6.78813
-6.76762
-6.74183
-6.71347
-6.68062
-6.64772
-6.61824
-6.58866
-6.56364
-6.54759
-6.53353
-6.52781
-6.52729
-6.53398
-6.54268
-6.55913
-6.58167
-6.60242
-6.629
-6.66181
-6.6904
-6.71646
-6.73691
-6.75071
-6.7579
-6.75706
-6.75416
-6.74973
-6.74292
-6.73942
-6.73677
-6.7343
-6.73118
-6.72534
-6.72043
-6.71412
-6.70698
-6.70204
-6.6959
-6.69232
-6.68887
-6.68877
-6.69143
-6.70202
-6.71547
-6.72381
-6.72782
-6.72061
-6.70491
-6.68086
-6.65334
-6.62617
-6.60099
-6.58621
-6.5858
-6.59892
-6.62718
-6.66162
-6.69161
-6.71584
-6.72999
-6.73509
-6.73623
-6.7308
-6.72014
-6.70766
-6.69539
-6.68537
-6.67506
-6.6701
-6.66722
-6.66495
-6.66011
-6.6547
-6.64749
-6.64319
-6.64172
-6.6455
-6.65601
-6.67291
-6.69452
-6.7183
-6.73833
-6.75541
-6.76527
-6.76399
-6.75871
-6.7427
-6.72283
-6.69943
-6.67713
-6.65827
-6.6449
-6.63701
-6.63379
-6.6324
-6.63168
-6.63176
-6.62971
-6.62728
-6.62526
-6.62415
-6.62698
-6.63541
-6.6486
-6.66677
-6.68517
-6.70154
-6.71764
-6.72866
-6.73351
-6.73247
-6.72704
-6.72048
-6.71093
-6.70384
-6.6995
-6.69637
-6.69637
-6.69743
-6.69538
-6.693
-6.69413
-6.69341
-6.69419
-6.69721
-6.70009
-6.70152
-6.70206
-6.703
-6.7019
-6.69906
-6.69413
-6.68353
-6.66851
-6.64799
-6.62805
-6.61311
-6.60561
-6.61049
-6.62566
-6.64615
-6.66533
-6.68409
-6.69876
-6.70694
-6.71467
-6.71596
-6.71509
-6.70671
-6.69791
-6.68543
-6.67171
-6.65702
-6.64574
-6.63693
-6.63282
-6.63239
-6.63468
-6.633
-6.62456
-6.61529
-6.60295
-6.59264
-6.58471
-6.58297
-6.58936
-6.60187
-6.61857
-6.63918
-6.66076
-6.68476
-6.70829
-6.72887
-6.74499
-6.76016
-6.77478
-6.79191
-6.81293
-6.83363
-6.85079
-6.86506
-6.87132
-6.87285
-6.86266
-6.84543
-6.81797
-6.78359
-6.74731
-6.70943
-6.6708
-6.63723
-6.6093
-6.58902
-6.57293
-6.56244
-6.55341
-6.54536
-6.54229
-6.54075
-6.54052
-6.54461
-6.55166
-6.55929
-6.56809
-6.57986
-6.58742
-6.59437
-6.60547
-6.61886
-6.63721
-6.66033
-6.68675
-6.7116
-6.73457
-6.75303
-6.76507
-6.77064
-6.77304
-6.76796
-6.76192
-6.75294
-6.74151
-6.73308
-6.72008
-6.7071
-6.69106
-6.67157
-6.65274
-6.6333
-6.61609
-6.60507
-6.5969
-6.59427
-6.59606
-6.60079
-6.61168
-6.62418
-6.63877
-6.65691
-6.67398
-6.68844
-6.70074
-6.71137
-6.72485
-6.74006
-6.76126
-6.78356
-6.80164
-6.81811
-6.82817
-6.82829
-6.8175
-6.79556
-6.76673
-6.73087
-6.68918
-6.64833
-6.61424
-6.5857
-6.56645
-6.55519
-6.55233
-6.55843
-6.57246
-6.59033
-6.61603
-6.6434
-6.66984
-6.69589
-6.71941
-6.73614
-6.74446
-6.74223
-6.73065
-6.70691
-6.67968
-6.64726
-6.61887
-6.59592
-6.58316
-6.57761
-6.57707
-6.57814
-6.58368
-6.58817
-6.59769
-6.60925
-6.62702
-6.64574
-6.66961
-6.69497
-6.72049
-6.74563
-6.76488
-6.77468
-6.77265
-6.76392
-6.74781
-6.72915
-6.71242
-6.70064
-6.69386
-6.69681
-6.70502
-6.71763
-6.73375
-6.75025
-6.76916
-6.7842
-6.79778
-6.80319
-6.80601
-6.80231
-6.79054
-6.77059
-6.74491
-6.71213
-6.67947
-6.64645
-6.61875
-6.60003
-6.58484
-6.57635
-6.5726
-6.57391
-6.58514
-6.59286
-6.6046
-6.61876
-6.63699
-6.65272
-6.66963
-6.68796
-6.7033
-6.71112
-6.71436
-6.71263
-6.70897
-6.70106
-6.68917
-6.673
-6.65629
-6.64202
-6.63486
-6.63145
-6.63883
-6.65555
-6.68104
-6.70945
-6.73845
-6.76118
-6.77993
-6.79309
-6.79801
-6.79232
-6.77709
-6.75356
-6.73336
-6.71705
-6.70396
-6.69521
-6.69063
-6.68434
-6.68084
-6.67665
-6.67416
-6.66581
-6.65443
-6.63941
-6.62639
-6.62314
-6.62426
-6.63477
-6.65024
-6.66729
-6.68037
-6.69186
-6.7001
-6.7081
-6.71756
-6.72723
-6.73642
-6.74731
-6.75708
-6.76838
-6.77721
-6.78433
-6.79003
-6.79513
-6.79512
-6.78992
-6.78016
-6.76384
-6.74249
-6.72023
-6.69049
-6.65665
-6.62239
-6.58953
-6.55816
-6.53694
-6.52693
-6.53534
-6.55636
-6.58899
-6.63149
-6.67389
-6.70999
-6.72933
-6.73288
-6.72091
-6.70228
-6.68343
-6.66762
-6.65931
-6.65687
-6.65688
-6.66161
-6.66634
-6.67342
-6.68163
-6.69097
-6.70085
-6.70575
-6.70892
-6.71222
-6.71056
-6.70306
-6.69297
-6.67448
-6.65814
-6.64689
-6.64394
-6.64992
-6.66452
-6.68567
-6.70761
-6.72609
-6.73571
-6.73904
-6.73132
-6.71771
-6.70239
-6.6888
-6.67729
-6.67234
-6.6717
-6.67793
-6.68916
-6.70302
-6.71836
-6.73574
-6.74918
-6.75646
-6.75883
-6.75301
-6.73675
-6.71777
-6.69718
-6.67772
-6.66054
-6.6473
-6.63397
-6.6213
-6.60499
-6.58731
-6.56821
-6.5575
-6.55351
-6.55696
-6.56729
-6.57922
-6.59557
-6.6113
-6.6255
-6.63637
-6.64806
-6.66186
-6.68041
-6.69916
-6.71719
-6.72527
-6.72877
-6.72231
-6.7133
-6.70399
-6.69644
-6.69639
-6.70416
-6.71812
-6.74146
-6.7699
-6.79902
-6.8247
-6.84036
-6.8455
-6.84013
-6.81638
-6.78121
-6.73683
-6.6879
-6.63334
-6.58683
-6.54732
-6.52209
-6.51347
-6.5166
-6.52875
-6.54762
-6.57321
-6.60557
-6.64104
-6.6752
-6.70574
-6.7284
-6.74316
-6.7479
-6.7449
-6.73532
-6.72489
-6.71733
-6.71127
-6.70656
-6.71098
-6.72204
-6.73772
-6.76041
-6.78378
-6.80045
-6.81075
-6.81117
-6.80424
-6.79008
-6.77444
-6.75398
-6.732
-6.71332
-6.6942
-6.68292
-6.67171
-6.66331
-6.66286
-6.66187
-6.66448
-6.66796
-6.67103
-6.67262
-6.66549
-6.654
-6.63944
-6.62398
-6.61153
-6.6014
-6.59448
-6.58824
-6.58568
-6.58344
-6.58576
-6.58998
-6.59814
-6.61101
-6.62671
-6.64641
-6.6678
-6.6865
-6.70576
-6.71958
-6.72787
-6.73436
-6.73755
-6.73675
-6.73471
-6.72725
-6.71693
-6.70363
-6.689
-6.67448
-6.65953
-6.64557
-6.63412
-6.6261
-6.6202
-6.62143
-6.62309
-6.62468
-6.6263
-6.62572
-6.62365
-6.62515
-6.62921
-6.63425
-6.64081
-6.65114
-6.66349
-6.67627
-6.69193
-6.70881
-6.7227
-6.73686
-6.74818
-6.75822
-6.77022
-6.7797
-6.79054
-6.79922
-6.80672
-6.81219
-6.81066
-6.80265
-6.79087
-6.77115
-6.75021
-6.72316
-6.69445
-6.66608
-6.63871
-6.61354
-6.59151
-6.5734
-6.56301
-6.5563
-6.55748
-6.56341
-6.57491
-6.58717
-6.60083
-6.61313
-6.61911
-6.6232
-6.62299
-6.62205
-6.62258
-6.62412
-6.63385
-6.65012
-6.67424
-6.70108
-6.72995
-6.75732
-6.78061
-6.79603
-6.80378
-6.80458
-6.79895
-6.78934
-6.77477
-6.7627
-6.74929
-6.73943
-6.73065
-6.71923
-6.70649
-6.69227
-6.67717
-6.66111
-6.64582
-6.63207
-6.62605
-6.6223
-6.62567
-6.63372
-6.64172
-6.6455
-6.63727
-6.62379
-6.61055
-6.6041
-6.60538
-6.62221
-6.64936
-6.68168
-6.71439
-6.74081
-6.76017
-6.76865
-6.77017
-6.76632
-6.75871
-6.74955
-6.73954
-6.73063
-6.72164
-6.71072
-6.70088
-6.69203
-6.68195
-6.67783
-6.677
-6.67537
-6.67635
-6.67264
-6.67071
-6.665
-6.65896
-6.65653
-6.65617
-6.65685
-6.65568
-6.65249
-6.64789
-6.64441
-6.64081
-6.63616
-6.63625
-6.63741
-6.63798
-6.63749
-6.63788
-6.63907
-6.64087
-6.64368
-6.65461
-6.66624
-6.68431
