9.5904
9.54966
9.54414
9.57942
9.64429
9.732
9.83328
9.92574
10.0092
10.0914
10.1714
10.2608
10.3658
10.4947
10.6374
10.7762
10.9002
10.9925
11.0458
11.056
11.0301
10.9792
10.9108
10.8313
10.7439
10.642
10.5296
10.3981
10.2395
10.0667
9.89311
9.72722
9.58831
9.47873
9.41411
9.39234
9.42204
9.49774
9.61234
9.75657
9.91883
10.0712
10.1948
10.2775
10.3281
10.342
10.3427
10.3394
10.3424
10.3441
10.3456
10.3379
10.306
10.2482
10.1743
10.1136
10.0773
10.0857
10.1368
10.2303
10.3515
10.4745
10.5885
10.6778
10.7262
10.7293
10.6861
10.6007
10.4858
10.3514
10.2167
10.0909
9.98895
9.90772
9.85379
9.81737
9.7958
9.77111
9.72853
9.66723
9.59162
9.52181
9.46199
9.42831
9.43002
9.47304
9.55899
9.6866
9.83866
10.0117
10.1948
10.3721
10.5225
10.6477
10.7312
10.7642
10.7541
10.7041
10.6189
10.5121
10.3982
10.2809
10.1666
10.0633
9.96716
9.88103
9.80255
9.73259
9.68045
9.64329
9.63392
9.65152
9.70115
9.77613
9.85892
9.94876
10.0321
10.1039
10.1631
10.2242
10.2926
10.3861
10.5076
10.6591
10.8154
10.9765
11.1095
11.2104
11.2574
11.2425
11.1628
11.0202
10.8248
10.5998
10.3586
10.1272
9.91283
9.73163
9.5711
9.44053
9.34701
9.28205
9.2526
9.24869
9.27255
9.33053
9.41961
9.53744
9.66949
9.80821
9.93066
10.0194
10.0626
10.0598
10.0175
9.9569
9.90704
9.87327
9.87617
9.91999
9.99854
10.108
10.2458
10.386
10.5137
10.601
10.6419
10.6355
10.583
10.5014
10.4052
10.3079
10.2309
10.1769
10.1562
10.1625
10.2028
10.2596
10.3274
10.3964
10.464
10.532
10.5966
10.6542
10.6901
10.701
10.68
10.6276
10.5507
10.4723
10.3845
10.3069
10.2399
10.1806
10.1253
10.0676
9.98986
9.89425
9.7878
9.68044
9.59482
9.541
9.5404
9.60014
9.71413
9.88795
10.0987
10.3222
10.5414
10.7231
10.8336
10.8524
10.7787
10.6298
10.4366
10.251
10.0927
9.97508
9.90506
9.87412
9.87859
9.90631
9.95514
10.0034
10.0435
10.0875
10.1308
10.1783
10.2202
10.262
10.2896
10.2851
10.2508
10.1941
10.1202
10.0404
9.97098
9.92276
9.89054
9.87412
9.87824
9.90357
9.93427
9.98655
10.0345
10.0943
10.147
10.1927
10.2415
10.2819
10.3267
10.3661
10.4037
10.4291
10.4546
10.4654
10.4631
10.4514
10.421
10.3789
10.3272
10.2862
10.2512
10.2309
10.2273
10.2457
10.2864
10.3408
10.3923
10.4388
10.4668
10.4446
10.3763
10.2712
10.1462
10.0127
9.87605
9.74634
9.63265
9.53683
9.46574
9.41537
9.39506
9.4135
9.47017
9.55003
9.66651
9.80981
9.97089
10.1508
10.3352
10.5101
10.6759
10.8157
10.916
10.9911
11.0279
11.0344
11.0068
10.9563
10.8702
10.7523
10.6217
10.4656
10.2897
10.1244
9.9744
9.85342
9.7684
9.72068
9.71124
9.72182
9.74455
9.775
9.7973
9.81675
9.83714
9.86287
9.89925
9.93693
9.978
10.0185
10.0508
10.083
10.1076
10.128
10.1316
10.1138
10.0622
9.99545
9.94501
9.92296
9.95269
10.0294
10.1479
10.2885
10.4309
10.5566
10.6307
10.6313
10.556
10.4107
10.2339
10.0695
9.93559
9.84896
9.80858
9.8008
9.82702
9.87922
9.9447
10.0135
10.0757
10.1328
10.1707
10.1982
10.2226
10.2556
10.2946
10.3394
10.3725
10.385
10.3644
10.3049
10.2103
10.0913
9.96321
9.84935
9.75697
9.702
9.69657
9.72554
9.80086
9.90171
10.0188
10.1324
10.2285
10.2978
10.3398
10.36
10.3704
10.3791
10.3898
10.4095
10.4316
10.4494
10.4561
10.4407
10.3973
10.3282
10.2363
10.1373
10.0432
9.95693
9.89423
9.86013
9.85371
9.86892
9.8943
9.92945
9.95898
9.98027
9.99623
10.0032
10.0066
10.0158
10.0248
10.0249
10.0272
10.0241
10.0141
10.003
9.995
9.99101
9.99073
10.0025
10.0286
10.0727
10.1439
10.2382
10.3533
10.4663
10.5537
10.5966
10.5764
10.501
10.3937
10.284
10.1813
10.0998
10.0465
10.0081
9.99712
10.004
10.0393
10.0853
10.1461
10.2125
10.2795
10.3327
10.37
10.3856
10.3858
10.3809
10.3941
10.4365
10.4938
10.5642
10.6267
10.6708
10.6815
10.6523
10.5892
10.5006
10.3924
10.2769
10.1561
10.04
9.9356
9.84475
9.75646
9.66612
9.56504
9.45127
9.33814
9.23889
9.15894
9.11589
9.10809
9.15475
9.24742
9.39185
9.57624
9.78168
9.99715
10.2097
10.3975
10.5539
10.6736
10.767
10.835
10.8901
10.9349
10.9607
10.9737
10.9735
10.9532
10.917
10.8721
10.8198
10.7584
10.7046
10.6493
10.5792
10.494
10.3848
10.2527
10.1055
9.96215
9.83208
9.72825
9.65891
9.62478
9.6166
9.64006
9.67673
9.72707
9.78717
9.84422
9.91585
9.99457
10.0892
10.2004
10.3158
10.432
10.5359
10.613
10.667
10.6907
10.6869
10.6598
10.6031
10.528
10.4366
10.3313
10.2285
10.136
10.053
9.97554
9.88916
9.79317
9.67808
9.55839
9.45332
9.36693
9.31936
9.32551
9.39092
9.51527
9.68442
9.89041
10.1197
10.3454
10.5428
10.7049
10.8174
10.8807
10.8945
10.86
10.7831
10.6773
10.539
10.3878
10.2359
10.0895
9.96114
9.8684
9.82238
9.83271
9.89742
10.0179
10.1653
10.33
10.4778
10.5949
10.6664
10.7007
10.7087
10.7039
10.6831
10.6577
10.6116
10.5485
10.4582
10.353
10.2267
10.0916
9.95625
9.82909
9.73045
9.67617
9.67675
9.72075
9.8027
9.89958
9.98737
10.0479
10.0756
10.0606
10.0164
9.94939
9.8655
9.77562
9.67992
9.59704
9.52679
9.489
9.47673
9.50299
9.57352
9.68752
9.83476
10.01
10.1879
10.3602
10.5072
10.616
10.6954
10.7378
10.7485
10.7298
10.6755
10.619
10.5464
10.4625
10.3647
10.2696
10.1733
10.0808
10.007
9.9653
9.95106
9.9648
9.99821
10.0537
10.1272
10.2152
10.3043
10.381
10.4264
10.4388
10.3967
10.304
10.1703
10.02
9.86884
9.73901
9.63126
9.55534
9.52411
9.54755
9.62118
9.73111
9.83633
9.92465
9.99566
10.0497
10.0887
10.1252
10.1503
10.1753
10.2007
10.2475
10.3098
10.3834
10.4458
10.4692
10.459
10.4057
10.3275
10.2432
10.173
10.1147
10.0696
10.0267
9.97839
9.92604
9.87217
9.81428
9.76019
9.70461
9.65619
9.61445
9.58185
9.56075
9.5647
9.59615
9.65452
9.74402
9.86052
9.99356
10.1553
10.3351
10.5198
10.6977
10.8577
10.9674
11.0124
10.9696
10.852
10.6708
10.4466
10.2231
10.0359
9.92464
9.89422
9.93927
10.0249
10.1173
10.1942
10.2403
10.2597
10.2618
10.2428
10.2146
10.1757
10.1332
10.0909
10.052
10.0288
10.0141
10.0051
10.0157
10.0518
10.1081
10.1938
10.2759
10.3335
10.3467
10.3091
10.2274
10.1187
10.009
9.91846
9.86735
9.85552
9.89351
9.96369
10.046
10.1214
10.1799
10.2062
10.2038
10.1683
10.1058
10.0251
9.93416
9.83976
9.76458
9.72249
9.71639
9.75432
9.8371
9.94011
10.0516
10.1573
10.2498
10.3258
10.3987
10.4726
10.5597
10.6523
10.7428
10.8006
10.8231
10.8073
10.7576
10.691
10.6082
10.5261
10.4504
10.3847
10.3162
10.2375
10.1417
10.0438
9.9558
9.9082
9.89492
9.92593
9.97637
10.0285
10.0648
10.0627
10.0165
9.92955
9.79942
9.64421
9.48585
9.34764
9.25779
9.22838
9.26579
9.3885
9.57784
9.82061
10.0936
10.3821
10.6378
10.8467
10.983
11.0394
11.0306
10.9694
10.8672
10.7286
10.5584
10.3714
10.1877
10.0242
9.90137
9.82633
9.8047
9.82592
9.87745
9.93605
9.98524
10.022
10.041
10.019
9.95738
9.86247
9.73791
9.61114
9.51231
9.45145
9.44168
9.47739
9.55367
9.65028
9.76574
9.88497
9.99155
10.0902
10.1611
10.2206
10.2621
10.2734
10.2734
10.2554
10.2315
10.2124
10.2078
10.2379
10.2928
10.365
10.4429
10.5112
10.5673
10.6079
10.6391
10.6546
10.6614
10.649
10.6223
10.5763
10.5087
10.4236
10.3198
10.2064
10.0996
9.99905
9.92277
9.87215
9.83754
9.82053
9.82265
9.83892
9.87873
9.93535
10.0069
10.0872
10.1704
10.254
10.3306
10.3925
10.4351
10.4613
10.4628
10.4579
10.4513
10.4456
10.4465
10.4516
10.4473
10.4328
10.4094
10.3747
10.3238
10.2607
10.1894
10.1065
10.0185
9.9384
9.86189
9.79642
9.73716
9.6747
9.6172
9.55666
9.50358
9.46066
9.43527
9.44289
9.48479
9.55494
9.66043
9.78354
9.93136
10.0898
10.2487
10.4006
10.5377
10.6546
10.7479
10.8076
10.8404
10.8361
10.803
10.7439
10.6763
10.6057
10.5438
10.5047
10.4798
10.4734
10.474
10.4709
10.4564
10.4063
10.319
10.1929
10.0466
9.89232
9.74765
9.62562
9.53969
9.49307
9.48587
9.51541
9.57121
9.64794
9.72179
9.79587
9.858
9.91547
9.97981
10.051
10.1304
10.2152
10.3027
10.3846
10.4533
10.4889
10.4994
10.4758
10.4317
10.3902
10.372
10.3998
10.455
10.513
10.5419
10.5244
10.4371
10.2964
10.1273
9.9578
9.81828
9.72059
9.67592
9.67218
9.69835
9.74234
9.79258
9.84391
9.89165
9.93978
9.99367
10.0466
10.0961
10.1434
10.17
10.1815
10.1897
10.1919
10.2077
10.2238
10.2503
10.2753
10.2868
10.2873
10.2812
10.2788
10.2837
10.2964
10.3108
10.3272
10.3449
10.3497
10.3496
10.35
10.3537
10.3568
10.3572
10.3516
10.335
10.2883
10.224
10.1261
