1.27582
1.28345
1.28448
1.27861
1.26674
1.2508
1.23329
1.21628
1.20091
1.18678
1.17245
1.156
1.13594
1.11189
1.08506
1.05803
1.03409
1.01631
1.00655
1.00497
1.0104
1.0208
1.03403
1.04875
1.06472
1.08271
1.1039
1.12906
1.15801
1.18943
1.22133
1.25136
1.27732
1.29727
1.30969
1.31358
1.30847
1.2947
1.27339
1.24661
1.2174
1.18957
1.16681
1.1516
1.14403
1.14196
1.14237
1.1426
1.14146
1.13932
1.13777
1.13904
1.14488
1.15538
1.1684
1.18021
1.18689
1.1857
1.17587
1.15851
1.1363
1.11262
1.091
1.07448
1.06535
1.06476
1.07276
1.08828
1.10931
1.13332
1.15764
1.17992
1.1983
1.21177
1.22033
1.22507
1.228
1.23172
1.23844
1.2492
1.26314
1.27784
1.29016
1.29728
1.29734
1.28957
1.2741
1.25187
1.22433
1.19343
1.16125
1.13009
1.10237
1.0804
1.066
1.06021
1.06306
1.07356
1.08989
1.10985
1.13142
1.15298
1.17344
1.19212
1.20889
1.22401
1.23773
1.2499
1.25982
1.26618
1.26771
1.26352
1.25374
1.23957
1.22295
1.20619
1.19122
1.17892
1.16889
1.15946
1.14827
1.13307
1.11257
1.08709
1.05862
1.03036
1.00584
0.988142
0.979606
0.981838
0.995682
1.02072
1.05496
1.09515
1.13746
1.17842
1.21567
1.24794
1.2749
1.29669
1.31352
1.32554
1.33275
1.33492
1.33179
1.32295
1.30835
1.28848
1.26469
1.23956
1.21671
1.2
1.19214
1.19347
1.20173
1.21311
1.22369
1.23037
1.23102
1.22447
1.21036
1.18946
1.16389
1.13719
1.11367
1.09713
1.0897
1.09144
1.101
1.11608
1.13382
1.1511
1.16513
1.17397
1.17678
1.17378
1.16623
1.15572
1.14377
1.13145
1.11935
1.10776
1.09713
1.08851
1.08339
1.08328
1.0888
1.09936
1.11339
1.12889
1.14392
1.15715
1.16816
1.17744
1.18629
1.19634
1.20916
1.22548
1.24451
1.26387
1.28018
1.28999
1.29065
1.28071
1.25999
1.22948
1.19142
1.14941
1.10831
1.07401
1.05258
1.04859
1.06276
1.0909
1.12562
1.15958
1.18785
1.20805
1.21988
1.22419
1.22244
1.21644
1.20827
1.19973
1.19198
1.18504
1.17809
1.1705
1.16271
1.15616
1.15265
1.15378
1.15998
1.17055
1.18366
1.19705
1.20878
1.21763
1.22298
1.22474
1.22317
1.21876
1.21216
1.20404
1.1951
1.18606
1.17761
1.17006
1.16325
1.15665
1.1499
1.1431
1.13668
1.13117
1.12713
1.12509
1.12543
1.12847
1.13408
1.14162
1.15006
1.15815
1.16463
1.16853
1.16918
1.16619
1.15952
1.14972
1.13837
1.12827
1.12297
1.12532
1.13628
1.1544
1.17689
1.201
1.22471
1.24672
1.26625
1.28268
1.2953
1.30341
1.30616
1.30271
1.29282
1.27698
1.25615
1.23133
1.2033
1.17271
1.14078
1.10936
1.08076
1.05704
1.03937
1.02789
1.02217
1.02166
1.02608
1.03543
1.04993
1.06956
1.09387
1.12175
1.15131
1.18022
1.20596
1.22641
1.24022
1.24708
1.24785
1.24431
1.23891
1.23372
1.2299
1.22725
1.22478
1.22133
1.21647
1.21058
1.2046
1.1994
1.19511
1.19123
1.18733
1.18388
1.18281
1.18644
1.19541
1.20724
1.2172
1.22056
1.21464
1.19927
1.17619
1.14835
1.11956
1.09471
1.07929
1.0779
1.09199
1.11831
1.15016
1.18046
1.20437
1.21981
1.22686
1.22671
1.22095
1.21127
1.19943
1.18716
1.17617
1.1678
1.16252
1.15964
1.15737
1.15382
1.14809
1.14088
1.13463
1.13252
1.13695
1.14875
1.16695
1.1892
1.21234
1.23301
1.24847
1.25671
1.25673
1.24854
1.23318
1.21265
1.1899
1.16825
1.15069
1.13894
1.13299
1.13139
1.13194
1.13251
1.13163
1.12892
1.12521
1.12221
1.12174
1.12522
1.13333
1.14587
1.16178
1.1792
1.1959
1.20973
1.21913
1.22333
1.22262
1.21815
1.2116
1.20464
1.19852
1.19386
1.19073
1.18878
1.18758
1.18683
1.18638
1.18622
1.18647
1.18725
1.18865
1.19056
1.19264
1.19448
1.19542
1.19464
1.19115
1.18396
1.17238
1.15639
1.13717
1.11755
1.10197
1.09512
1.09967
1.11452
1.13533
1.1571
1.17618
1.19086
1.20098
1.20677
1.20838
1.20589
1.19945
1.18969
1.17752
1.16414
1.15106
1.1401
1.13292
1.13009
1.13032
1.13066
1.12801
1.12054
1.10869
1.09473
1.08215
1.07423
1.07313
1.07952
1.09267
1.11099
1.13258
1.15544
1.17783
1.19844
1.21675
1.2332
1.24902
1.26558
1.28369
1.30308
1.32249
1.33997
1.35359
1.36147
1.36203
1.3541
1.33719
1.31168
1.27892
1.24134
1.20217
1.16484
1.13224
1.10593
1.08597
1.07117
1.06004
1.05133
1.04457
1.03988
1.0377
1.03844
1.04221
1.04861
1.05688
1.06601
1.07519
1.08404
1.09293
1.10307
1.11613
1.1335
1.15534
1.18013
1.2053
1.22795
1.24576
1.25748
1.26305
1.26318
1.25907
1.25207
1.24341
1.23392
1.22387
1.21281
1.19983
1.18411
1.1656
1.14548
1.12571
1.1085
1.09554
1.08769
1.08506
1.08717
1.09352
1.10376
1.11756
1.13409
1.15158
1.16801
1.18214
1.19412
1.20539
1.21791
1.23312
1.2514
1.27176
1.29178
1.30825
1.31798
1.31842
1.30828
1.28764
1.25784
1.22133
1.18126
1.14138
1.10536
1.07617
1.05563
1.04436
1.04216
1.04825
1.06164
1.08112
1.1052
1.13225
1.16031
1.18733
1.21085
1.22822
1.23686
1.23495
1.22208
1.19964
1.17079
1.14
1.11193
1.09027
1.07655
1.07002
1.06851
1.0699
1.07318
1.07863
1.08719
1.09972
1.11652
1.13718
1.16073
1.18576
1.21063
1.23318
1.25081
1.26094
1.26181
1.25341
1.23795
1.21962
1.20321
1.19241
1.18887
1.19214
1.20067
1.21296
1.22778
1.24396
1.26028
1.27531
1.2876
1.2956
1.29777
1.29277
1.27971
1.25879
1.23149
1.20033
1.16832
1.13821
1.11214
1.09147
1.07693
1.06877
1.06664
1.06956
1.07626
1.0856
1.09702
1.11053
1.12617
1.14351
1.16139
1.17811
1.19183
1.20127
1.2058
1.20536
1.20041
1.19152
1.17964
1.16574
1.1513
1.13832
1.12955
1.12808
1.1361
1.15347
1.17734
1.20381
1.22957
1.25262
1.27137
1.28388
1.28783
1.28149
1.26562
1.24436
1.22351
1.20688
1.19476
1.18569
1.17884
1.17417
1.17132
1.16875
1.16431
1.15629
1.14459
1.13118
1.11978
1.11427
1.11701
1.12752
1.14267
1.15842
1.17182
1.18202
1.18993
1.19729
1.20546
1.21481
1.22497
1.23521
1.24498
1.25434
1.2635
1.27223
1.27955
1.284
1.28432
1.27976
1.26999
1.25498
1.23491
1.21007
1.18097
1.14843
1.11385
1.0797
1.04962
1.02808
1.01937
1.02617
1.04847
1.08337
1.12522
1.16665
1.20015
1.22013
1.22433
1.21463
1.19665
1.17748
1.16232
1.15271
1.148
1.14737
1.15048
1.15683
1.1652
1.17405
1.1821
1.18874
1.19396
1.19779
1.19979
1.19878
1.19322
1.18216
1.16658
1.14992
1.13738
1.13379
1.14106
1.15727
1.1781
1.19907
1.21657
1.22781
1.23082
1.22536
1.21337
1.19838
1.18415
1.1736
1.16833
1.16867
1.17424
1.18451
1.19868
1.21532
1.23205
1.24582
1.25374
1.25384
1.24575
1.23079
1.21149
1.1909
1.17176
1.15556
1.14199
1.12931
1.11535
1.09903
1.08135
1.06517
1.05382
1.04951
1.05263
1.06199
1.07553
1.09091
1.10599
1.11954
1.1317
1.14405
1.1585
1.17575
1.19417
1.21026
1.22028
1.22216
1.21635
1.20572
1.19448
1.18692
1.18623
1.194
1.21022
1.23356
1.26135
1.28981
1.31452
1.33116
1.3363
1.328
1.30588
1.27103
1.226
1.17482
1.12285
1.07602
1.03943
1.01613
1.00655
1.00902
1.02118
1.04102
1.06725
1.09864
1.13314
1.16762
1.19816
1.22114
1.23428
1.2374
1.23246
1.22288
1.21212
1.20262
1.19591
1.19348
1.19724
1.20863
1.22722
1.25023
1.27327
1.29189
1.30284
1.30455
1.2973
1.28282
1.26361
1.24251
1.22183
1.20315
1.18725
1.17436
1.16445
1.15766
1.1543
1.1546
1.15786
1.16231
1.16538
1.1647
1.15886
1.14802
1.13379
1.11865
1.10491
1.09381
1.08559
1.08
1.07679
1.07617
1.07849
1.084
1.09282
1.10503
1.12073
1.13946
1.15988
1.17988
1.19719
1.21036
1.2193
1.22482
1.22769
1.22786
1.22485
1.21836
1.20868
1.19636
1.18205
1.16656
1.15097
1.13668
1.12523
1.11753
1.11357
1.11253
1.11323
1.11449
1.11546
1.11586
1.11605
1.1169
1.11934
1.12406
1.13127
1.14095
1.15297
1.16705
1.18271
1.19895
1.21446
1.22828
1.24025
1.25094
1.26132
1.2721
1.28326
1.29389
1.30235
1.30685
1.30597
1.29893
1.28586
1.26743
1.24455
1.21815
1.18944
1.16009
1.13207
1.10691
1.08553
1.06839
1.05606
1.04935
1.0489
1.05451
1.06471
1.07729
1.08998
1.10099
1.10923
1.11429
1.11635
1.11638
1.11626
1.11878
1.12689
1.14251
1.16534
1.19282
1.22136
1.24776
1.26976
1.28582
1.29487
1.29633
1.29069
1.27979
1.26619
1.2525
1.24039
1.23021
1.2211
1.21162
1.2005
1.18725
1.17215
1.15609
1.14049
1.12738
1.1191
1.11728
1.12163
1.12935
1.13606
1.13757
1.13192
1.12039
1.10748
1.09941
1.10167
1.11656
1.14241
1.17439
1.20645
1.2332
1.25127
1.25975
1.25998
1.2545
1.24625
1.23742
1.22903
1.22109
1.21306
1.20441
1.19522
1.18637
1.1792
1.17476
1.17296
1.17263
1.17198
1.16956
1.16505
1.15934
1.15395
1.15022
1.14857
1.14828
1.14807
1.14682
1.14417
1.14037
1.13645
1.13342
1.13189
1.13175
1.13231
1.1328
1.13286
1.13309
1.13456
1.13835
1.14539
1.1567
1.17347
