-5.50724
-5.50854
-5.50983
-5.50919
-5.50951
-5.50918
-5.50659
-5.50692
-5.50757
-5.50562
-5.50498
-5.50466
-5.50531
-5.50401
-5.50271
-5.50368
-5.50433
-5.5053
-5.50562
-5.5066
-5.50757
-5.50789
-5.50886
-5.51048
-5.51178
-5.51404
-5.51274
-5.51015
-5.51048
-5.51113
-5.5108
-5.51145
-5.50983
-5.50983
-5.50821
-5.50854
-5.50789
-5.50789
-5.50886
-5.50983
-5.50853
-5.50853
-5.5095
-5.51112
-5.50885
-5.5095
-5.50918
-5.50983
-5.5095
-5.51112
-5.51079
-5.50788
-5.50561
-5.50497
-5.50659
-5.50595
-5.50692
-5.5066
-5.50757
-5.50724
-5.50594
-5.50724
-5.50756
-5.50659
-5.50626
-5.50562
-5.50497
-5.50497
-5.50465
-5.50562
-5.50562
-5.50627
-5.5053
-5.5066
-5.50724
-5.50919
-5.50886
-5.50853
-5.50983
-5.5108
-5.51145
-5.50822
-5.5066
-5.50595
-5.5066
-5.50789
-5.50887
-5.50789
-5.50919
-5.50951
-5.50854
-5.50757
-5.51015
-5.50983
-5.50951
-5.5108
-5.51016
-5.50854
-5.50822
-5.50822
-5.50692
-5.5066
-5.50725
-5.50692
-5.50789
-5.50854
-5.50951
-5.51081
-5.50984
-5.51081
-5.51081
-5.51211
-5.51211
-5.51114
-5.51276
-5.51211
-5.51114
-5.51017
-5.51082
-5.51017
-5.51114
-5.51049
-5.50952
-5.50629
-5.50725
-5.50466
-5.50499
-5.50239
-5.5011
-5.50077
-5.50078
-5.50142
-5.50305
-5.50305
-5.50467
-5.50467
-5.50597
-5.50467
-5.50791
-5.51147
-5.5118
-5.51244
-5.51017
-5.50985
-5.51082
-5.5105
-5.50985
-5.50823
-5.50855
-5.5079
-5.50822
-5.50854
-5.50822
-5.50692
-5.50725
-5.50855
-5.50693
-5.50758
-5.50628
-5.50402
-5.50434
-5.50693
-5.50758
-5.50952
-5.50919
-5.51016
-5.51016
-5.50919
-5.50984
-5.50984
-5.50952
-5.51017
-5.50887
-5.5092
-5.50887
-5.51049
-5.50822
-5.5066
-5.50466
-5.50434
-5.50531
-5.50563
-5.50563
-5.50401
-5.50369
-5.50239
-5.50174
-5.50271
-5.50563
-5.50466
-5.5079
-5.50952
-5.51049
-5.51113
-5.51049
-5.5079
-5.50822
-5.50919
-5.50984
-5.51146
-5.51179
-5.51438
-5.51568
-5.51568
-5.5173
-5.51503
-5.51341
-5.51438
-5.51373
-5.51243
-5.51178
-5.51081
-5.50854
-5.50693
-5.5092
-5.50888
-5.50921
-5.51018
-5.50985
-5.5105
-5.5105
-5.51114
-5.50855
-5.50823
-5.51082
-5.51049
-5.51082
-5.51049
-5.51276
-5.51146
-5.50855
-5.50855
-5.5092
-5.50888
-5.50953
-5.51147
-5.51212
-5.50985
-5.50888
-5.50985
-5.51018
-5.50856
-5.51083
-5.50791
-5.50985
-5.50726
-5.50694
-5.50791
-5.50565
-5.50629
-5.50467
-5.505
-5.50467
-5.50726
-5.50597
-5.50629
-5.50661
-5.50467
-5.50499
-5.50597
-5.5092
-5.50856
-5.50921
-5.50953
-5.51018
-5.50953
-5.50726
-5.50564
-5.50823
-5.5092
-5.50661
-5.50823
-5.51017
-5.51147
-5.51082
-5.50953
-5.51018
-5.51147
-5.51147
-5.51115
-5.50921
-5.50953
-5.51018
-5.50921
-5.50759
-5.51115
-5.51147
-5.5105
-5.51018
-5.50791
-5.50694
-5.50887
-5.5079
-5.50661
-5.50823
-5.50564
-5.50564
-5.50564
-5.5079
-5.50726
-5.5092
-5.51211
-5.50855
-5.50726
-5.5105
-5.51017
-5.5105
-5.5105
-5.5105
-5.51082
-5.5092
-5.50985
-5.51082
-5.5092
-5.50952
-5.50952
-5.50952
-5.50985
-5.50888
-5.50985
-5.50952
-5.50758
-5.50693
-5.50467
-5.50499
-5.50499
-5.50596
-5.50499
-5.50661
-5.50823
-5.50661
-5.50726
-5.50597
-5.50564
-5.50467
-5.50499
-5.50661
-5.50628
-5.50692
-5.50789
-5.50692
-5.50887
-5.51147
-5.51115
-5.51147
-5.51018
-5.50823
-5.50953
-5.50985
-5.50888
-5.50823
-5.50823
-5.5092
-5.50726
-5.50758
-5.50758
-5.50758
-5.50629
-5.50661
-5.50661
-5.50855
-5.5092
-5.50855
-5.50726
-5.50596
-5.50532
-5.50597
-5.50532
-5.50694
-5.50856
-5.50726
-5.51018
-5.50953
-5.51017
-5.50952
-5.50888
-5.50758
-5.50596
-5.50402
-5.5024
-5.50046
-5.49917
-5.50014
-5.50079
-5.50208
-5.50305
-5.5024
-5.50176
-5.50208
-5.50273
-5.50499
-5.50597
-5.50564
-5.50791
-5.50953
-5.51018
-5.50985
-5.50888
-5.50888
-5.50629
-5.50532
-5.50564
-5.50564
-5.50758
-5.50985
-5.50856
-5.50661
-5.50791
-5.50694
-5.50694
-5.50856
-5.50953
-5.50888
-5.50758
-5.50758
-5.50726
-5.50791
-5.51018
-5.51115
-5.51212
-5.51082
-5.5105
-5.51114
-5.51049
-5.51081
-5.51114
-5.51082
-5.50823
-5.5079
-5.5079
-5.50596
-5.5079
-5.50758
-5.5092
-5.50726
-5.50823
-5.5079
-5.50758
-5.50596
-5.50563
-5.50402
-5.50272
-5.50208
-5.50402
-5.50499
-5.50402
-5.50661
-5.50822
-5.51049
-5.51049
-5.50984
-5.50984
-5.50919
-5.50758
-5.50661
-5.50531
-5.50693
-5.50985
-5.51211
-5.51179
-5.51114
-5.5092
-5.50823
-5.50985
-5.51114
-5.51082
-5.51147
-5.50985
-5.51082
-5.50856
-5.50823
-5.50629
-5.50467
-5.50596
-5.50726
-5.50596
-5.50499
-5.50337
-5.50305
-5.50176
-5.5024
-5.50208
-5.50079
-5.5024
-5.50305
-5.50208
-5.5024
-5.50305
-5.50241
-5.50208
-5.50468
-5.50338
-5.50144
-5.50241
-5.50273
-5.5037
-5.505
-5.50662
-5.5063
-5.50662
-5.50727
-5.50759
-5.50759
-5.50986
-5.50888
-5.50986
-5.50953
-5.50759
-5.50921
-5.50727
-5.50727
-5.50694
-5.50597
-5.50727
-5.50759
-5.50759
-5.50953
-5.50921
-5.50921
-5.50889
-5.50727
-5.50792
-5.50662
-5.50468
-5.50533
-5.50598
-5.5063
-5.50662
-5.50597
-5.50694
-5.50694
-5.50986
-5.5118
-5.50986
-5.50986
-5.51019
-5.50987
-5.50922
-5.50792
-5.50889
-5.50954
-5.50792
-5.50695
-5.50889
-5.50953
-5.51082
-5.51083
-5.51018
-5.51018
-5.51083
-5.50921
-5.51083
-5.51115
-5.50954
-5.50857
-5.50857
-5.50792
-5.5076
-5.50728
-5.50857
-5.50727
-5.50889
-5.50726
-5.50694
-5.50564
-5.50662
-5.50759
-5.50856
-5.50824
-5.5105
-5.50953
-5.5105
-5.50953
-5.5105
-5.50856
-5.50888
-5.50921
-5.50986
-5.51245
-5.51407
-5.51375
-5.51083
-5.51051
-5.50986
-5.50953
-5.50921
-5.50823
-5.50499
-5.50467
-5.50435
-5.50468
-5.50597
-5.50629
-5.50889
-5.50889
-5.51018
-5.50759
-5.50824
-5.50954
-5.51083
-5.5118
-5.51342
-5.5118
-5.51115
-5.50823
-5.50661
-5.50856
-5.50791
-5.50758
-5.50597
-5.50435
-5.50888
-5.50726
-5.50759
-5.50823
-5.51082
-5.50921
-5.50824
-5.50986
-5.51148
-5.50986
-5.50856
-5.50727
-5.50856
-5.50953
-5.50953
-5.50726
-5.50499
-5.5037
-5.50531
-5.50337
-5.50272
-5.50208
-5.5037
-5.50564
-5.50888
-5.50856
-5.50856
-5.50921
-5.51018
-5.51083
-5.51147
-5.5092
-5.50985
-5.51017
-5.5092
-5.50952
-5.51179
-5.51017
-5.50952
-5.5079
-5.50985
-5.50952
-5.50985
-5.50822
-5.5066
-5.50887
-5.50725
-5.50725
-5.50758
-5.50887
-5.50855
-5.50984
-5.51016
-5.51081
-5.5121
-5.51242
-5.51145
-5.5121
-5.5121
-5.51404
-5.51372
-5.5121
-5.51048
-5.51113
-5.51081
-5.51016
-5.51016
-5.50887
-5.50757
-5.51016
-5.50951
-5.50822
-5.50854
-5.50983
-5.50853
-5.50886
-5.50756
-5.50918
-5.50788
-5.50562
-5.50627
-5.50725
-5.50984
-5.5092
-5.50855
-5.50628
-5.50563
-5.50595
-5.5053
-5.5066
-5.50886
-5.50951
-5.51113
-5.50951
-5.50822
-5.50757
-5.50887
-5.51211
-5.51178
-5.51114
-5.51243
-5.51178
-5.50984
-5.51081
-5.5079
-5.50822
-5.50951
-5.51016
-5.50886
-5.50725
-5.50757
-5.50855
-5.50952
-5.5079
-5.50822
-5.50596
-5.50434
-5.50401
-5.50466
-5.50368
-5.50401
-5.50304
-5.50368
-5.50465
-5.50433
-5.50304
-5.50369
-5.50337
-5.50272
-5.50499
-5.50725
-5.50596
-5.50628
-5.50628
-5.50595
-5.50498
-5.50531
-5.50466
-5.50596
-5.50596
-5.50595
-5.50304
-5.50368
-5.50401
-5.50433
-5.5053
-5.50369
-5.50466
-5.50531
-5.50596
-5.50466
-5.50401
-5.50336
-5.50466
-5.50499
-5.50693
-5.50499
-5.50661
-5.50596
-5.50758
-5.50952
-5.50952
-5.51016
-5.51016
-5.5079
-5.5079
-5.50855
-5.5092
-5.51017
-5.50921
-5.50921
-5.51212
-5.5105
-5.51018
-5.51082
-5.51308
-5.51049
-5.51081
-5.5079
-5.50595
-5.50692
-5.50757
-5.50758
-5.5066
-5.50596
-5.50693
-5.5079
-5.50758
-5.50759
-5.50726
-5.50888
-5.5105
-5.51244
-5.51244
-5.51277
-5.51471
-5.51536
-5.51309
-5.51373
-5.51341
-5.5105
-5.51018
-5.5105
-5.50856
-5.50792
-5.50662
-5.50694
-5.50727
-5.51083
-5.51147
-5.51018
-5.51018
-5.50694
-5.50856
-5.50727
-5.50565
-5.50856
-5.50726
-5.50662
-5.50565
-5.50565
-5.50792
-5.50663
-5.50598
-5.50565
-5.50533
-5.50662
-5.50759
-5.50889
-5.50824
-5.50889
-5.50727
-5.50727
-5.50597
-5.50533
-5.50597
-5.50597
-5.50695
-5.50792
-5.50663
-5.50857
-5.50922
-5.50857
-5.50954
-5.50986
-5.50889
-5.50986
-5.50889
-5.50825
-5.50727
-5.50695
-5.50792
-5.50857
-5.50889
-5.50889
-5.50857
-5.50663
-5.5089
-5.50987
-5.51019
-5.51084
-5.50987
-5.5076
-5.50825
-5.50986
-5.51019
-5.50954
-5.51019
-5.51051
-5.50922
-5.50922
-5.50986
-5.50825
-5.50857
-5.50792
-5.50728
-5.5089
-5.5076
-5.50728
-5.50534
-5.50437
-5.50534
-5.50469
-5.50372
-5.50501
-5.50372
-5.50566
-5.50502
-5.50501
-5.50599
-5.50663
-5.50663
-5.50599
-5.50501
-5.50696
-5.50696
-5.50857
-5.5089
-5.5102
-5.50988
-5.51085
-5.51215
-5.50988
-5.50891
-5.50664
-5.50567
-5.50632
-5.50534
-5.50696
-5.50761
-5.50891
-5.50826
-5.50859
-5.50956
-5.51085
-5.5102
-5.50891
-5.50826
-5.50826
-5.50955
-5.50858
-5.5102
-5.5089
-5.50923
-5.50955
-5.50761
-5.50599
-5.50502
-5.50502
-5.50501
-5.50534
-5.50469
-5.50695
-5.50501
-5.50404
-5.50437
-5.50567
-5.50793
-5.50534
-5.5034
-5.50307
-5.50469
-5.50371
-5.50566
-5.50695
-5.50728
-5.50793
-5.50761
-5.5089
-5.5089
-5.5102
-5.51181
-5.51246
-5.51213
-5.51052
-5.50954
-5.50857
-5.50631
-5.50566
-5.50566
-5.50275
-5.50307
-5.50405
-5.50275
-5.50437
-5.50307
-5.50566
-5.50566
-5.50501
-5.50631
-5.5076
-5.50857
-5.5076
-5.50566
-5.50372
-5.50404
-5.50437
-5.50275
-5.50436
-5.50566
-5.50566
-5.50469
-5.50501
-5.50598
-5.50631
-5.50533
-5.50922
-5.50954
-5.51083
