1   0.0490614   0.0490614           0
2   0.0488128   0.0489371  0.00012432
3   0.0491607   0.0490116 0.000103477
4   0.0489835   0.0490046 7.35054e-05
5   0.0490791   0.0490195  5.8856e-05
6   0.0488812   0.0489964 5.32998e-05
7   0.0488841   0.0489804 4.78181e-05
8   0.0493244   0.0490234 5.96956e-05
9   0.0489606   0.0490164 5.31071e-05
10   0.0488758   0.0490024 4.95374e-05
11   0.0491367   0.0490146 4.64432e-05
12   0.0490056   0.0490138 4.24032e-05
13   0.0489294   0.0490073 3.95418e-05
14   0.0490866    0.049013 3.70436e-05
15    0.049036   0.0490145 3.45198e-05
16   0.0492641   0.0490301 3.58611e-05
17   0.0490346   0.0490304 3.36867e-05
18   0.0486566   0.0490096 3.79459e-05
19   0.0489168   0.0490047 3.62239e-05
20   0.0490681   0.0490079 3.45109e-05
