1    0.064633           0
1    0.129266           0
1    0.193899           0
1    0.258532           0
1    0.323165           0
1    0.387798           0
1    0.452431           0
1    0.517064           0
1    0.581697           0
1     0.64633           0
1    0.710963           0
1    0.775596           0
1     0.84023           0
1    0.904863 0.000622782
1    0.969496    0.131355
1     1.03413    0.946123
1     1.09876     1.82555
1     1.16339      2.0657
1     1.22803     1.86264
1     1.29266      1.6669
1     1.35729     1.47141
1     1.42193     1.33656
1     1.48656     1.19612
1     1.55119     1.14256
1     1.61583     1.07633
1     1.68046     1.05968
1     1.74509     1.02966
1     1.80973     1.02434
1     1.87436     1.01773
1     1.93899     1.00262
1     2.00362     0.99511
1     2.06826    0.990974
1     2.13289     1.00761
1     2.19752    0.996414
1     2.26216    0.980688
1     2.32679    0.983421
1     2.39142    0.984441
1     2.45606    0.975074
1     2.52069    0.973077
1     2.58532     0.96439
1     2.64995    0.969876
1     2.71459    0.965263
1     2.77922    0.971951
1     2.84385    0.960555
1     2.90849    0.962033
1     2.97312    0.958499
1     3.03775    0.963996
1     3.10239    0.963338
1     3.16702    0.955129
1     3.23165    0.958186
1     3.29629    0.951077
1     3.36092    0.961353
1     3.42555    0.957619
1     3.49018    0.959102
1     3.55482    0.959843
1     3.61945    0.961436
1     3.68408    0.953378
1     3.74872    0.962547
1     3.81335     0.96096
1     3.87798     0.95326
1     3.94262      0.9598
1     4.00725    0.959529
1     4.07188    0.954885
1     4.13651    0.960209
1     4.20115    0.958297
1     4.26578    0.958406
1     4.33041    0.959165
1     4.39505    0.957574
1     4.45968    0.957882
1     4.52431    0.962905
1     4.58895    0.961679
1     4.65358    0.960861
1     4.71821    0.961201
1     4.78285    0.958361
1     4.84748    0.960435
1     4.91211    0.962804
1     4.97674    0.959797
1     5.04138    0.958613
1     5.10601    0.965536
1     5.17064    0.958623
1     5.23528    0.963562
1     5.29991    0.964424
1     5.36454    0.964746
1     5.42918     0.96701
1     5.49381    0.957423
1     5.55844    0.964616
1     5.62307    0.958311
1     5.68771    0.964624
1     5.75234    0.966835
1     5.81697    0.967532
1     5.88161    0.962359
1     5.94624    0.962967
1     6.01087    0.964483
1     6.07551    0.963301
1     6.14014    0.968166
1     6.20477    0.964679
1      6.2694    0.967062
1     6.33404    0.966855
1     6.39867    0.971317
1      6.4633     0.96435
2    0.064633           0
2    0.129266           0
2    0.193899           0
2    0.258532           0
2    0.323165           0
2    0.387798           0
2    0.452431           0
2    0.517064           0
2    0.581697           0
2     0.64633           0
2    0.710963           0
2    0.775596           0
2     0.84023           0
2    0.904863 0.000622782
2    0.969496    0.131037
2     1.03413    0.930169
2     1.09876     1.81186
2     1.16339     2.05904
2     1.22803     1.85541
2     1.29266      1.6723
2     1.35729      1.4742
2     1.42193     1.32218
2     1.48656     1.21225
2     1.55119     1.15323
2     1.61583     1.08288
2     1.68046     1.06293
2     1.74509     1.02598
2     1.80973     1.01622
2     1.87436     1.00754
2     1.93899    0.999721
2     2.00362     0.99588
2     2.06826    0.990075
2     2.13289    0.997689
2     2.19752     0.99181
2     2.26216    0.983425
2     2.32679    0.986911
2     2.39142    0.985387
2     2.45606     0.97056
2     2.52069    0.973434
2     2.58532    0.967305
2     2.64995    0.967411
2     2.71459    0.962894
2     2.77922    0.966223
2     2.84385     0.96126
2     2.90849    0.958384
2     2.97312    0.962472
2     3.03775    0.961683
2     3.10239    0.962173
2     3.16702    0.957704
2     3.23165    0.955571
2     3.29629    0.951114
2     3.36092    0.959254
2     3.42555    0.957592
2     3.49018    0.956173
2     3.55482    0.956909
2     3.61945    0.960352
2     3.68408    0.955679
2     3.74872    0.960321
2     3.81335    0.959264
2     3.87798    0.954444
2     3.94262    0.956732
2     4.00725    0.956757
2     4.07188    0.957809
2     4.13651    0.957803
2     4.20115    0.956285
2     4.26578    0.958626
2     4.33041    0.960464
2     4.39505    0.958242
2     4.45968    0.958768
2     4.52431     0.96232
2     4.58895    0.961831
2     4.65358    0.960724
2     4.71821    0.960512
2     4.78285    0.960951
2     4.84748    0.961605
2     4.91211    0.963274
2     4.97674    0.960327
2     5.04138    0.957544
2     5.10601    0.964089
2     5.17064     0.95871
2     5.23528    0.963128
2     5.29991    0.961521
2     5.36454    0.964127
2     5.42918    0.967236
2     5.49381    0.960853
2     5.55844    0.963612
2     5.62307    0.959913
2     5.68771    0.965762
2     5.75234    0.964142
2     5.81697    0.965417
2     5.88161    0.963848
2     5.94624    0.964164
2     6.01087    0.966572
2     6.07551    0.964384
2     6.14014    0.966987
2     6.20477     0.96393
2      6.2694    0.967199
2     6.33404    0.966976
2     6.39867    0.969448
2      6.4633    0.964822
3    0.064633           0
3    0.129266           0
3    0.193899           0
3    0.258532           0
3    0.323165           0
3    0.387798           0
3    0.452431           0
3    0.517064           0
3    0.581697           0
3     0.64633           0
3    0.710963           0
3    0.775596           0
3     0.84023           0
3    0.904863 0.000761177
3    0.969496    0.130901
3     1.03413    0.937625
3     1.09876     1.81105
3     1.16339     2.04963
3     1.22803     1.86193
3     1.29266     1.66908
3     1.35729     1.47344
3     1.42193     1.32662
3     1.48656      1.2096
3     1.55119     1.15391
3     1.61583     1.08816
3     1.68046     1.05634
3     1.74509     1.02553
3     1.80973     1.01463
3     1.87436     1.00721
3     1.93899    0.999725
3     2.00362    0.994626
3     2.06826    0.992744
3     2.13289    0.996243
3     2.19752    0.993565
3     2.26216    0.982865
3     2.32679    0.987605
3     2.39142     0.98516
3     2.45606    0.974303
3     2.52069    0.973567
3     2.58532    0.968459
3     2.64995    0.970244
3     2.71459    0.962048
3     2.77922    0.965832
3     2.84385    0.958699
3     2.90849    0.958321
3     2.97312    0.959694
3     3.03775    0.962273
3     3.10239    0.961048
3     3.16702    0.958061
3     3.23165    0.955361
3     3.29629    0.956534
3     3.36092    0.959959
3     3.42555    0.958275
3     3.49018     0.95549
3     3.55482    0.955042
3     3.61945    0.958274
3     3.68408    0.956521
3     3.74872    0.958548
3     3.81335    0.957747
3     3.87798    0.953345
3     3.94262    0.957883
3     4.00725    0.957728
3     4.07188    0.957635
3     4.13651    0.958087
3     4.20115    0.957504
3     4.26578    0.958274
3     4.33041    0.960858
3     4.39505    0.958411
3     4.45968    0.958235
3     4.52431    0.961268
3     4.58895    0.960792
3     4.65358    0.959685
3     4.71821    0.960355
3     4.78285    0.959363
3     4.84748    0.960772
3     4.91211    0.961723
3     4.97674    0.961166
3     5.04138     0.95914
3     5.10601    0.963254
3     5.17064    0.958536
3     5.23528    0.962564
3     5.29991    0.962431
3     5.36454    0.962821
3     5.42918     0.96663
3     5.49381    0.962238
3     5.55844    0.961767
3     5.62307    0.958375
3     5.68771    0.963993
3     5.75234    0.964774
3     5.81697     0.96393
3     5.88161    0.963637
3     5.94624    0.964236
3     6.01087    0.966373
3     6.07551    0.963981
3     6.14014     0.96656
3     6.20477    0.965103
3      6.2694    0.965818
3     6.33404    0.968032
3     6.39867    0.969636
3      6.4633    0.965983
4    0.064633           0
4    0.129266           0
4    0.193899           0
4    0.258532           0
4    0.323165           0
4    0.387798           0
4    0.452431           0
4    0.517064           0
4    0.581697           0
4     0.64633           0
4    0.710963           0
4    0.775596           0
4     0.84023           0
4    0.904863  0.00067468
4    0.969496    0.130651
4     1.03413    0.936382
4     1.09876     1.81576
4     1.16339      2.0481
4     1.22803     1.85984
4     1.29266     1.66247
4     1.35729     1.47778
4     1.42193     1.32403
4     1.48656      1.2177
4     1.55119     1.14941
4     1.61583     1.09219
4     1.68046     1.05898
4     1.74509     1.02647
4     1.80973     1.01699
4     1.87436     1.00451
4     1.93899    0.998378
4     2.00362    0.991651
4     2.06826    0.992369
4     2.13289    0.995374
4     2.19752     0.99331
4     2.26216    0.983373
4     2.32679    0.986809
4     2.39142    0.985244
4     2.45606    0.974636
4     2.52069    0.973606
4     2.58532    0.967748
4     2.64995    0.968057
4     2.71459    0.961093
4     2.77922    0.966964
4     2.84385    0.959637
4     2.90849    0.959357
4     2.97312    0.958976
4     3.03775    0.960346
4     3.10239    0.959906
4     3.16702    0.958275
4     3.23165    0.957307
4     3.29629    0.958362
4     3.36092    0.958512
4     3.42555    0.957096
4     3.49018    0.956312
4     3.55482     0.95477
4     3.61945    0.957715
4     3.68408    0.957468
4     3.74872    0.957284
4     3.81335    0.957562
4     3.87798    0.954198
4     3.94262    0.957709
4     4.00725    0.957178
4     4.07188    0.956765
4     4.13651    0.957945
4     4.20115    0.959118
4     4.26578    0.957335
4     4.33041    0.959093
4     4.39505    0.959104
4     4.45968    0.958494
4     4.52431    0.960851
4     4.58895    0.961199
4     4.65358     0.96119
4     4.71821    0.960383
4     4.78285    0.959489
4     4.84748    0.961691
4     4.91211    0.961622
4     4.97674    0.960567
4     5.04138    0.960203
4     5.10601    0.962776
4     5.17064    0.958734
4     5.23528    0.963425
4     5.29991    0.962066
4     5.36454    0.963476
4     5.42918    0.965434
4     5.49381    0.961468
4     5.55844    0.962553
4     5.62307    0.959779
4     5.68771    0.962941
4     5.75234    0.964289
4     5.81697    0.963862
4     5.88161    0.963313
4     5.94624    0.964063
4     6.01087    0.965776
4     6.07551    0.964346
4     6.14014    0.965686
4     6.20477    0.965044
4      6.2694    0.965215
4     6.33404    0.967401
4     6.39867    0.969118
4      6.4633    0.965928
5    0.064633           0
5    0.129266           0
5    0.193899           0
5    0.258532           0
5    0.323165           0
5    0.387798           0
5    0.452431           0
5    0.517064           0
5    0.581697           0
5     0.64633           0
5    0.710963           0
5    0.775596           0
5     0.84023           0
5    0.904863   0.0006643
5    0.969496    0.131301
5     1.03413    0.937545
5     1.09876     1.82232
5     1.16339     2.04462
5     1.22803     1.87064
5     1.29266     1.66195
5     1.35729     1.47918
5     1.42193     1.32779
5     1.48656     1.22312
5     1.55119      1.1516
5     1.61583     1.09145
5     1.68046     1.06068
5     1.74509     1.02753
5     1.80973     1.01756
5     1.87436     1.00546
5     1.93899    0.996771
5     2.00362    0.993355
5     2.06826    0.990891
5     2.13289     0.99623
5     2.19752    0.993266
5     2.26216    0.984097
5     2.32679    0.988144
5     2.39142    0.987045
5     2.45606    0.975946
5     2.52069    0.973466
5     2.58532    0.969602
5     2.64995    0.968233
5     2.71459    0.962515
5     2.77922    0.964212
5     2.84385    0.959728
5     2.90849    0.959568
5     2.97312    0.959077
5     3.03775    0.960269
5     3.10239    0.959547
5     3.16702    0.957785
5     3.23165    0.959212
5     3.29629    0.958457
5     3.36092    0.959297
5     3.42555    0.956269
5     3.49018    0.956403
5     3.55482    0.956223
5     3.61945    0.958693
5     3.68408     0.95797
5     3.74872    0.958054
5     3.81335    0.956582
5     3.87798    0.955035
5     3.94262    0.958112
5     4.00725    0.957447
5     4.07188    0.958185
5     4.13651     0.95835
5     4.20115    0.958881
5     4.26578    0.957203
5     4.33041    0.959299
5     4.39505    0.958686
5     4.45968    0.959261
5     4.52431     0.96081
5     4.58895    0.960374
5     4.65358    0.961167
5     4.71821    0.960472
5     4.78285    0.960495
5     4.84748    0.961564
5     4.91211    0.961488
5     4.97674    0.960937
5     5.04138    0.960189
5     5.10601    0.962288
5     5.17064    0.958729
5     5.23528    0.963868
5     5.29991    0.961954
5     5.36454    0.964183
5     5.42918    0.965243
5     5.49381    0.962703
5     5.55844    0.962667
5     5.62307    0.960188
5     5.68771    0.962954
5     5.75234     0.96448
5     5.81697    0.965047
5     5.88161    0.964107
5     5.94624    0.963629
5     6.01087    0.965106
5     6.07551    0.964057
5     6.14014    0.965697
5     6.20477    0.965073
5      6.2694    0.965211
5     6.33404     0.96793
5     6.39867    0.968596
5      6.4633    0.965718
6    0.064633           0
6    0.129266           0
6    0.193899           0
6    0.258532           0
6    0.323165           0
6    0.387798           0
6    0.452431           0
6    0.517064           0
6    0.581697           0
6     0.64633           0
6    0.710963           0
6    0.775596           0
6     0.84023           0
6    0.904863 0.000709279
6    0.969496    0.131673
6     1.03413    0.934392
6     1.09876     1.82043
6     1.16339     2.04651
6     1.22803     1.87314
6     1.29266     1.66051
6     1.35729     1.48085
6     1.42193     1.32589
6     1.48656      1.2216
6     1.55119     1.15316
6     1.61583     1.09442
6     1.68046     1.05864
6     1.74509     1.02896
6     1.80973     1.01692
6     1.87436     1.00738
6     1.93899    0.996839
6     2.00362    0.993306
6     2.06826    0.991842
6     2.13289    0.995912
6     2.19752    0.992935
6     2.26216    0.985062
6     2.32679    0.988121
6     2.39142    0.985708
6     2.45606    0.975479
6     2.52069    0.974306
6     2.58532    0.970479
6     2.64995    0.967911
6     2.71459    0.963589
6     2.77922    0.964648
6     2.84385    0.961365
6     2.90849    0.960015
6     2.97312     0.96001
6     3.03775    0.961519
6     3.10239    0.959463
6     3.16702     0.95905
6     3.23165    0.959659
6     3.29629    0.959281
6     3.36092    0.958764
6     3.42555    0.957072
6     3.49018    0.956439
6     3.55482    0.956733
6     3.61945    0.958126
6     3.68408    0.956751
6     3.74872     0.95879
6     3.81335    0.958065
6     3.87798    0.955516
6     3.94262    0.957699
6     4.00725    0.957433
6     4.07188    0.957831
6     4.13651    0.958155
6     4.20115    0.959522
6     4.26578    0.958342
6     4.33041    0.960018
6     4.39505    0.958643
6     4.45968    0.959358
6     4.52431    0.960247
6     4.58895    0.961409
6     4.65358    0.960718
6     4.71821    0.960405
6     4.78285       0.961
6     4.84748    0.961511
6     4.91211    0.960858
6     4.97674    0.961629
6     5.04138      0.9607
6     5.10601    0.961497
6     5.17064    0.959898
6     5.23528    0.963321
6     5.29991      0.9624
6     5.36454    0.963956
6     5.42918    0.965426
6     5.49381    0.961962
6     5.55844    0.962159
6     5.62307    0.960475
6     5.68771    0.963365
6     5.75234    0.964025
6     5.81697    0.964643
6     5.88161    0.964272
6     5.94624    0.964804
6     6.01087    0.964619
6     6.07551    0.963781
6     6.14014    0.966201
6     6.20477    0.964736
6      6.2694    0.964984
6     6.33404    0.967297
6     6.39867    0.968065
6      6.4633    0.965345
7    0.064633           0
7    0.129266           0
7    0.193899           0
7    0.258532           0
7    0.323165           0
7    0.387798           0
7    0.452431           0
7    0.517064           0
7    0.581697           0
7     0.64633           0
7    0.710963           0
7    0.775596           0
7     0.84023           0
7    0.904863 0.000696922
7    0.969496    0.131498
7     1.03413    0.933468
7     1.09876      1.8226
7     1.16339     2.04427
7     1.22803     1.87281
7     1.29266     1.66122
7     1.35729      1.4781
7     1.42193     1.32904
7     1.48656     1.22338
7     1.55119     1.15387
7     1.61583     1.09555
7     1.68046     1.05804
7     1.74509     1.02786
7     1.80973     1.01719
7     1.87436     1.00924
7     1.93899    0.997835
7     2.00362    0.994023
7     2.06826    0.991786
7     2.13289    0.996594
7     2.19752    0.991889
7     2.26216    0.984806
7     2.32679    0.989599
7     2.39142    0.985862
7     2.45606    0.977281
7     2.52069    0.974782
7     2.58532    0.972038
7     2.64995    0.968183
7     2.71459    0.963512
7     2.77922    0.965338
7     2.84385    0.961712
7     2.90849    0.960802
7     2.97312    0.960746
7     3.03775    0.962372
7     3.10239    0.959962
7     3.16702    0.958919
7     3.23165    0.960183
7     3.29629     0.95941
7     3.36092    0.958905
7     3.42555    0.957442
7     3.49018    0.956927
7     3.55482     0.95715
7     3.61945    0.958518
7     3.68408    0.956938
7     3.74872     0.95889
7     3.81335    0.958461
7     3.87798    0.955715
7     3.94262     0.95756
7     4.00725    0.957469
7     4.07188    0.958429
7     4.13651    0.959737
7     4.20115    0.959325
7     4.26578    0.958134
7     4.33041    0.959693
7     4.39505    0.958856
7     4.45968    0.959874
7     4.52431    0.959782
7     4.58895    0.961119
7     4.65358    0.961611
7     4.71821    0.960343
7     4.78285    0.961672
7     4.84748     0.96134
7     4.91211    0.961062
7     4.97674     0.96142
7     5.04138    0.960831
7     5.10601    0.961622
7     5.17064    0.960229
7     5.23528    0.962884
7     5.29991    0.962246
7     5.36454    0.964148
7     5.42918     0.96574
7     5.49381    0.961572
7     5.55844    0.962023
7     5.62307    0.960819
7     5.68771    0.963633
7     5.75234    0.964087
7     5.81697    0.964438
7     5.88161    0.964529
7     5.94624    0.964944
7     6.01087    0.964677
7     6.07551    0.963744
7     6.14014    0.965586
7     6.20477    0.964875
7      6.2694    0.964737
7     6.33404    0.966971
7     6.39867    0.967765
7      6.4633    0.965084
8    0.064633           0
8    0.129266           0
8    0.193899           0
8    0.258532           0
8    0.323165           0
8    0.387798           0
8    0.452431           0
8    0.517064           0
8    0.581697           0
8     0.64633           0
8    0.710963           0
8    0.775596           0
8     0.84023           0
8    0.904863 0.000726578
8    0.969496    0.132229
8     1.03413    0.934458
8     1.09876     1.82201
8     1.16339     2.03812
8     1.22803     1.87005
8     1.29266     1.65867
8     1.35729     1.47408
8     1.42193       1.327
8     1.48656     1.22441
8     1.55119     1.15427
8     1.61583     1.09676
8     1.68046     1.05668
8     1.74509     1.02893
8     1.80973     1.01687
8     1.87436     1.00826
8     1.93899    0.997196
8     2.00362    0.993526
8     2.06826    0.992599
8     2.13289    0.995036
8     2.19752    0.991709
8     2.26216    0.985985
8     2.32679    0.988687
8     2.39142    0.985787
8     2.45606    0.978459
8     2.52069    0.974777
8     2.58532    0.972135
8     2.64995     0.96806
8     2.71459    0.962686
8     2.77922    0.964447
8     2.84385    0.962594
8     2.90849    0.960791
8     2.97312    0.961301
8     3.03775    0.961948
8     3.10239    0.960657
8     3.16702    0.958657
8     3.23165    0.960648
8     3.29629    0.959018
8     3.36092    0.958994
8     3.42555    0.957422
8     3.49018    0.957376
8     3.55482    0.957373
8     3.61945    0.959302
8     3.68408    0.957618
8     3.74872     0.95962
8     3.81335    0.958303
8     3.87798    0.956492
8     3.94262    0.957633
8     4.00725    0.957731
8     4.07188    0.958709
8     4.13651    0.959483
8     4.20115    0.959697
8     4.26578    0.958376
8     4.33041    0.959352
8     4.39505    0.959313
8     4.45968    0.959996
8     4.52431    0.960084
8     4.58895    0.960504
8     4.65358     0.96172
8     4.71821    0.960713
8     4.78285    0.961562
8     4.84748    0.961439
8     4.91211    0.961014
8     4.97674    0.961091
8     5.04138    0.961006
8     5.10601    0.961654
8     5.17064    0.960542
8     5.23528    0.962575
8     5.29991    0.962347
8     5.36454    0.964071
8     5.42918    0.965018
8     5.49381     0.96191
8     5.55844    0.961935
8     5.62307    0.961302
8     5.68771    0.963632
8     5.75234    0.964143
8     5.81697    0.964499
8     5.88161    0.964819
8     5.94624    0.964827
8     6.01087    0.965047
8     6.07551    0.963743
8     6.14014    0.965821
8     6.20477    0.965145
8      6.2694    0.964973
8     6.33404     0.96703
8     6.39867    0.967778
8      6.4633    0.965394
9    0.064633           0
9    0.129266           0
9    0.193899           0
9    0.258532           0
9    0.323165           0
9    0.387798           0
9    0.452431           0
9    0.517064           0
9    0.581697           0
9     0.64633           0
9    0.710963           0
9    0.775596           0
9     0.84023           0
9    0.904863 0.000738111
9    0.969496    0.131769
9     1.03413    0.934757
9     1.09876     1.82154
9     1.16339     2.03828
9     1.22803     1.87275
9     1.29266     1.65776
9     1.35729     1.47404
9     1.42193     1.32564
9     1.48656     1.22572
9     1.55119     1.15378
9     1.61583     1.09739
9     1.68046     1.05622
9     1.74509     1.02991
9     1.80973     1.01836
9     1.87436     1.00746
9     1.93899     0.99668
9     2.00362     0.99512
9     2.06826    0.993474
9     2.13289    0.995665
9     2.19752    0.992947
9     2.26216    0.986572
9     2.32679    0.988681
9     2.39142    0.985843
9     2.45606    0.979018
9     2.52069    0.974304
9     2.58532    0.970797
9     2.64995    0.967973
9     2.71459    0.962893
9     2.77922    0.964566
9     2.84385     0.96212
9     2.90849    0.960653
9     2.97312    0.960775
9     3.03775    0.961316
9     3.10239    0.960604
9     3.16702    0.958263
9     3.23165     0.96007
9     3.29629    0.959181
9     3.36092    0.959343
9     3.42555    0.957833
9     3.49018    0.957106
9     3.55482    0.957168
9     3.61945    0.958936
9     3.68408    0.957061
9     3.74872    0.958918
9     3.81335    0.958398
9     3.87798    0.956617
9     3.94262    0.958054
9     4.00725    0.957305
9     4.07188    0.958559
9     4.13651    0.958744
9     4.20115    0.959521
9     4.26578    0.957983
9     4.33041    0.958745
9     4.39505    0.959551
9     4.45968    0.959318
9     4.52431    0.959646
9     4.58895    0.960923
9     4.65358    0.961759
9     4.71821    0.960808
9     4.78285    0.961852
9     4.84748    0.961154
9     4.91211    0.960994
9     4.97674    0.961835
9     5.04138    0.961429
9     5.10601     0.96161
9     5.17064    0.960886
9     5.23528     0.96258
9     5.29991     0.96177
9     5.36454    0.963928
9     5.42918     0.96501
9     5.49381    0.962328
9     5.55844    0.961822
9     5.62307    0.961547
9     5.68771    0.964099
9     5.75234     0.96453
9     5.81697    0.964757
9     5.88161    0.964818
9     5.94624    0.964983
9     6.01087    0.965213
9     6.07551    0.963883
9     6.14014    0.966223
9     6.20477    0.965218
9      6.2694    0.965274
9     6.33404    0.967019
9     6.39867    0.968074
9      6.4633    0.965585
10    0.064633           0
10    0.129266           0
10    0.193899           0
10    0.258532           0
10    0.323165           0
10    0.387798           0
10    0.452431           0
10    0.517064           0
10    0.581697           0
10     0.64633           0
10    0.710963           0
10    0.775596           0
10     0.84023           0
10    0.904863  0.00068506
10    0.969496    0.131537
10     1.03413    0.934418
10     1.09876     1.82076
10     1.16339     2.03926
10     1.22803     1.87335
10     1.29266     1.65637
10     1.35729     1.47099
10     1.42193     1.32757
10     1.48656     1.22803
10     1.55119     1.15488
10     1.61583     1.09674
10     1.68046     1.05684
10     1.74509     1.03122
10     1.80973     1.01807
10     1.87436     1.00745
10     1.93899    0.996649
10     2.00362    0.995143
10     2.06826     0.99384
10     2.13289    0.994864
10     2.19752    0.992274
10     2.26216    0.987957
10     2.32679    0.988493
10     2.39142    0.985433
10     2.45606    0.979937
10     2.52069    0.974398
10     2.58532    0.971648
10     2.64995    0.968457
10     2.71459    0.962951
10     2.77922    0.964531
10     2.84385     0.96286
10     2.90849    0.960109
10     2.97312    0.960769
10     3.03775    0.960849
10     3.10239    0.960824
10     3.16702    0.958594
10     3.23165    0.960472
10     3.29629    0.959969
10     3.36092    0.959425
10     3.42555    0.957677
10     3.49018     0.95742
10     3.55482    0.957759
10     3.61945    0.958836
10     3.68408    0.957079
10     3.74872    0.958516
10     3.81335    0.958839
10     3.87798    0.957042
10     3.94262    0.958257
10     4.00725    0.957476
10     4.07188    0.958756
10     4.13651    0.958475
10     4.20115    0.959475
10     4.26578    0.957705
10     4.33041    0.958952
10     4.39505    0.959499
10     4.45968    0.959476
10     4.52431    0.959784
10     4.58895    0.960983
10     4.65358    0.961848
10     4.71821    0.960895
10     4.78285    0.961868
10     4.84748    0.960871
10     4.91211    0.960884
10     4.97674    0.961663
10     5.04138    0.960909
10     5.10601     0.96164
10     5.17064    0.961015
10     5.23528    0.962705
10     5.29991    0.961246
10     5.36454    0.963634
10     5.42918    0.964805
10     5.49381    0.962738
10     5.55844    0.961589
10     5.62307    0.962186
10     5.68771    0.964328
10     5.75234    0.963967
10     5.81697    0.964949
10     5.88161    0.964442
10     5.94624    0.964885
10     6.01087    0.965232
10     6.07551    0.963766
10     6.14014    0.966451
10     6.20477     0.96526
10      6.2694    0.965258
10     6.33404    0.967309
10     6.39867    0.967927
10      6.4633    0.965303
11    0.064633           0
11    0.129266           0
11    0.193899           0
11    0.258532           0
11    0.323165           0
11    0.387798           0
11    0.452431           0
11    0.517064           0
11    0.581697           0
11     0.64633           0
11    0.710963           0
11    0.775596           0
11     0.84023           0
11    0.904863 0.000669962
11    0.969496    0.131702
11     1.03413     0.93401
11     1.09876     1.82224
11     1.16339     2.03901
11     1.22803     1.87496
11     1.29266     1.65669
11     1.35729     1.46933
11     1.42193     1.32746
11     1.48656     1.22935
11     1.55119     1.15476
11     1.61583     1.09692
11     1.68046     1.05723
11     1.74509     1.03162
11     1.80973     1.01721
11     1.87436     1.00763
11     1.93899     0.99757
11     2.00362    0.994864
11     2.06826    0.994301
11     2.13289    0.993192
11     2.19752    0.992424
11     2.26216    0.988028
11     2.32679    0.988189
11     2.39142     0.98493
11     2.45606    0.979024
11     2.52069    0.974559
11     2.58532    0.971598
11     2.64995    0.968433
11     2.71459    0.963045
11     2.77922    0.964754
11     2.84385    0.963247
11     2.90849    0.960586
11     2.97312    0.960454
11     3.03775    0.960407
11     3.10239    0.960477
11     3.16702    0.958197
11     3.23165    0.959854
11     3.29629    0.959792
11     3.36092    0.958613
11     3.42555    0.957847
11     3.49018    0.957576
11     3.55482    0.957871
11     3.61945    0.958407
11     3.68408    0.956863
11     3.74872    0.958858
11     3.81335    0.959129
11     3.87798    0.956991
11     3.94262    0.958427
11     4.00725    0.957951
11     4.07188    0.958389
11     4.13651    0.958685
11     4.20115      0.9596
11     4.26578    0.957935
11     4.33041    0.958565
11     4.39505    0.959646
11     4.45968    0.959542
11     4.52431    0.959659
11     4.58895    0.960926
11     4.65358    0.961696
11     4.71821    0.961063
11     4.78285    0.961814
11     4.84748    0.960993
11     4.91211    0.960921
11     4.97674    0.961901
11     5.04138    0.961427
11     5.10601    0.961475
11     5.17064    0.961296
11     5.23528    0.962639
11     5.29991    0.961191
11     5.36454    0.963584
11     5.42918    0.964507
11     5.49381    0.962643
11     5.55844    0.961622
11     5.62307    0.962227
11     5.68771    0.964602
11     5.75234    0.964041
11     5.81697    0.964821
11     5.88161    0.964411
11     5.94624    0.964986
11     6.01087    0.965248
11     6.07551     0.96404
11     6.14014     0.96615
11     6.20477    0.965268
11      6.2694    0.965109
11     6.33404    0.967433
11     6.39867    0.967668
11      6.4633    0.965568
12    0.064633           0
12    0.129266           0
12    0.193899           0
12    0.258532           0
12    0.323165           0
12    0.387798           0
12    0.452431           0
12    0.517064           0
12    0.581697           0
12     0.64633           0
12    0.710963           0
12    0.775596           0
12     0.84023           0
12    0.904863 0.000769827
12    0.969496    0.131544
12     1.03413     0.93538
12     1.09876     1.81934
12     1.16339     2.03964
12     1.22803     1.87665
12     1.29266     1.65725
12     1.35729     1.46927
12     1.42193     1.32656
12     1.48656     1.22905
12     1.55119     1.15421
12     1.61583     1.09769
12     1.68046      1.0584
12     1.74509     1.03268
12     1.80973     1.01701
12     1.87436     1.00757
12     1.93899    0.997818
12     2.00362    0.994914
12     2.06826    0.994277
12     2.13289    0.992412
12     2.19752    0.993137
12     2.26216    0.988465
12     2.32679    0.988482
12     2.39142    0.983755
12     2.45606    0.978888
12     2.52069    0.974798
12     2.58532    0.971248
12     2.64995    0.968807
12     2.71459    0.962802
12     2.77922    0.965063
12     2.84385    0.962879
12     2.90849    0.960769
12     2.97312    0.960497
12     3.03775    0.960182
12     3.10239    0.960621
12     3.16702    0.958594
12     3.23165    0.959738
12     3.29629     0.95962
12     3.36092      0.9593
12     3.42555     0.95817
12     3.49018    0.957926
12     3.55482    0.957429
12     3.61945    0.958579
12     3.68408    0.956716
12     3.74872    0.958511
12     3.81335    0.959093
12     3.87798    0.956824
12     3.94262    0.958382
12     4.00725    0.957851
12     4.07188    0.958307
12     4.13651    0.958855
12     4.20115    0.959262
12     4.26578    0.958218
12     4.33041    0.958878
12     4.39505    0.959081
12     4.45968    0.959261
12     4.52431    0.960222
12     4.58895    0.960952
12     4.65358    0.961486
12     4.71821    0.960751
12     4.78285    0.961858
12     4.84748    0.961225
12     4.91211    0.961361
12     4.97674    0.961756
12     5.04138    0.961763
12     5.10601     0.96098
12     5.17064    0.961481
12     5.23528    0.962482
12     5.29991    0.961274
12     5.36454    0.963407
12     5.42918    0.964103
12     5.49381    0.962488
12     5.55844     0.96168
12     5.62307    0.962557
12     5.68771    0.964571
12     5.75234    0.963932
12     5.81697    0.965051
12     5.88161    0.964527
12     5.94624    0.965226
12     6.01087    0.965521
12     6.07551    0.963912
12     6.14014     0.96601
12     6.20477    0.965437
12      6.2694     0.96517
12     6.33404    0.967202
12     6.39867    0.967746
12      6.4633    0.965473
13    0.064633           0
13    0.129266           0
13    0.193899           0
13    0.258532           0
13    0.323165           0
13    0.387798           0
13    0.452431           0
13    0.517064           0
13    0.581697           0
13     0.64633           0
13    0.710963           0
13    0.775596           0
13     0.84023           0
13    0.904863 0.000790454
13    0.969496    0.131593
13     1.03413    0.934986
13     1.09876     1.81837
13     1.16339     2.03892
13     1.22803     1.87478
13     1.29266      1.6567
13     1.35729      1.4678
13     1.42193     1.32693
13     1.48656     1.22841
13     1.55119     1.15368
13     1.61583     1.09712
13     1.68046     1.05903
13     1.74509     1.03373
13     1.80973     1.01691
13     1.87436      1.0076
13     1.93899    0.998435
13     2.00362    0.994538
13     2.06826    0.994775
13     2.13289    0.993235
13     2.19752    0.992448
13     2.26216    0.988438
13     2.32679    0.988873
13     2.39142    0.983971
13     2.45606    0.979304
13     2.52069    0.974928
13     2.58532    0.971657
13     2.64995    0.968797
13     2.71459    0.962884
13     2.77922    0.964919
13     2.84385     0.96286
13     2.90849    0.961013
13     2.97312    0.960044
13     3.03775     0.96062
13     3.10239    0.961048
13     3.16702    0.958852
13     3.23165    0.959896
13     3.29629    0.959823
13     3.36092    0.959467
13     3.42555    0.958212
13     3.49018    0.958452
13     3.55482    0.957398
13     3.61945     0.95858
13     3.68408    0.957028
13     3.74872    0.958817
13     3.81335    0.958963
13     3.87798    0.956643
13     3.94262     0.95847
13     4.00725    0.957735
13     4.07188    0.958423
13     4.13651      0.9589
13     4.20115    0.959315
13     4.26578    0.958573
13     4.33041    0.958825
13     4.39505    0.959054
13     4.45968    0.959312
13     4.52431    0.960054
13     4.58895    0.961172
13     4.65358    0.961542
13     4.71821      0.9603
13     4.78285    0.961664
13     4.84748    0.961176
13     4.91211    0.961555
13     4.97674    0.961699
13     5.04138    0.961569
13     5.10601    0.961145
13     5.17064      0.9616
13     5.23528    0.962648
13     5.29991    0.961668
13     5.36454    0.963378
13     5.42918    0.964029
13     5.49381    0.962427
13     5.55844    0.961641
13     5.62307    0.962603
13     5.68771    0.964378
13     5.75234    0.963845
13     5.81697    0.964894
13     5.88161    0.964022
13     5.94624    0.965217
13     6.01087    0.965327
13     6.07551     0.96402
13     6.14014    0.965997
13     6.20477    0.965577
13      6.2694    0.964988
13     6.33404    0.967311
13     6.39867    0.967235
13      6.4633    0.965581
14    0.064633           0
14    0.129266           0
14    0.193899           0
14    0.258532           0
14    0.323165           0
14    0.387798           0
14    0.452431           0
14    0.517064           0
14    0.581697           0
14     0.64633           0
14    0.710963           0
14    0.775596           0
14     0.84023           0
14    0.904863 0.000785891
14    0.969496    0.131803
14     1.03413    0.935466
14     1.09876     1.82002
14     1.16339     2.03656
14     1.22803      1.8766
14     1.29266     1.65535
14     1.35729     1.46972
14     1.42193     1.32766
14     1.48656     1.22663
14     1.55119     1.15344
14     1.61583     1.09774
14     1.68046     1.05842
14     1.74509     1.03361
14     1.80973     1.01765
14     1.87436      1.0077
14     1.93899    0.997832
14     2.00362    0.994985
14     2.06826    0.994952
14     2.13289    0.993428
14     2.19752    0.992596
14     2.26216    0.988662
14     2.32679    0.989064
14     2.39142    0.983417
14     2.45606    0.979475
14     2.52069    0.975329
14     2.58532    0.971687
14     2.64995     0.96852
14     2.71459     0.96278
14     2.77922    0.965379
14     2.84385    0.962898
14     2.90849    0.961357
14     2.97312     0.96027
14     3.03775     0.96027
14     3.10239    0.961105
14     3.16702    0.958663
14     3.23165    0.959731
14     3.29629    0.959793
14     3.36092    0.959584
14     3.42555    0.958172
14     3.49018     0.95856
14     3.55482    0.957775
14     3.61945    0.958851
14     3.68408    0.956827
14     3.74872    0.958721
14     3.81335    0.959188
14     3.87798    0.956951
14     3.94262    0.958361
14     4.00725    0.957591
14     4.07188    0.958359
14     4.13651    0.958957
14     4.20115    0.959128
14     4.26578    0.958357
14     4.33041    0.958983
14     4.39505      0.9592
14     4.45968    0.959406
14     4.52431    0.960142
14     4.58895    0.961144
14     4.65358    0.961241
14     4.71821    0.960451
14     4.78285    0.961584
14     4.84748    0.961224
14     4.91211      0.9619
14     4.97674     0.96167
14     5.04138    0.961796
14     5.10601    0.960833
14     5.17064    0.961515
14     5.23528    0.962678
14     5.29991    0.961787
14     5.36454    0.963183
14     5.42918    0.964114
14     5.49381    0.962731
14     5.55844    0.961743
14     5.62307    0.962802
14     5.68771    0.964516
14     5.75234    0.963894
14     5.81697    0.964884
14     5.88161    0.964267
14     5.94624     0.96541
14     6.01087    0.965282
14     6.07551    0.964107
14     6.14014    0.966073
14     6.20477     0.96555
14      6.2694    0.965208
14     6.33404    0.967085
14     6.39867    0.967024
14      6.4633    0.965707
15    0.064633           0
15    0.129266           0
15    0.193899           0
15    0.258532           0
15    0.323165           0
15    0.387798           0
15    0.452431           0
15    0.517064           0
15    0.581697           0
15     0.64633           0
15    0.710963           0
15    0.775596           0
15     0.84023           0
15    0.904863 0.000775017
15    0.969496    0.131949
15     1.03413    0.936123
15     1.09876      1.8203
15     1.16339     2.03751
15     1.22803     1.87766
15     1.29266     1.65697
15     1.35729     1.46942
15     1.42193     1.32894
15     1.48656      1.2274
15     1.55119      1.1534
15     1.61583     1.09771
15     1.68046     1.05895
15     1.74509     1.03437
15     1.80973     1.01711
15     1.87436     1.00735
15     1.93899    0.997804
15     2.00362    0.994327
15     2.06826    0.995518
15     2.13289    0.993492
15     2.19752    0.992188
15     2.26216    0.989065
15     2.32679    0.988319
15     2.39142    0.983982
15     2.45606    0.979778
15     2.52069    0.975335
15     2.58532      0.9716
15     2.64995    0.968457
15     2.71459    0.962928
15     2.77922    0.965083
15     2.84385    0.962555
15     2.90849     0.96094
15     2.97312    0.960754
15     3.03775    0.960523
15     3.10239    0.961083
15     3.16702    0.958924
15     3.23165    0.959535
15     3.29629    0.959285
15     3.36092    0.959419
15     3.42555    0.958289
15     3.49018    0.958011
15     3.55482    0.957892
15     3.61945    0.959157
15     3.68408    0.956769
15     3.74872     0.95844
15     3.81335    0.958703
15     3.87798    0.957149
15     3.94262    0.958522
15     4.00725     0.95782
15     4.07188    0.958407
15     4.13651    0.959101
15     4.20115    0.958747
15     4.26578    0.958203
15     4.33041    0.959187
15     4.39505    0.959287
15     4.45968     0.95915
15     4.52431    0.960221
15     4.58895    0.961073
15     4.65358    0.961069
15     4.71821    0.960731
15     4.78285    0.961805
15     4.84748    0.961318
15     4.91211    0.961985
15     4.97674    0.961722
15     5.04138    0.962066
15     5.10601    0.960868
15     5.17064     0.96133
15     5.23528    0.962355
15     5.29991    0.961955
15     5.36454    0.963272
15     5.42918    0.963966
15     5.49381    0.963108
15     5.55844    0.962043
15     5.62307    0.963195
15     5.68771     0.96476
15     5.75234    0.964045
15     5.81697    0.964848
15     5.88161    0.964226
15     5.94624    0.965453
15     6.01087    0.965045
15     6.07551     0.96404
15     6.14014    0.965904
15     6.20477    0.965768
15      6.2694    0.965308
15     6.33404    0.967037
15     6.39867    0.967102
15      6.4633    0.965902
16    0.064633           0
16    0.129266           0
16    0.193899           0
16    0.258532           0
16    0.323165           0
16    0.387798           0
16    0.452431           0
16    0.517064           0
16    0.581697           0
16     0.64633           0
16    0.710963           0
16    0.775596           0
16     0.84023           0
16    0.904863 0.000765502
16    0.969496    0.132281
16     1.03413    0.936568
16     1.09876     1.81814
16     1.16339      2.0363
16     1.22803     1.87607
16     1.29266     1.65566
16     1.35729     1.46817
16     1.42193      1.3297
16     1.48656     1.22668
16     1.55119     1.15333
16     1.61583     1.09698
16     1.68046     1.05907
16     1.74509     1.03418
16     1.80973     1.01745
16     1.87436     1.00649
16     1.93899    0.996937
16     2.00362    0.994879
16     2.06826    0.995235
16     2.13289     0.99325
16     2.19752    0.992082
16     2.26216    0.989767
16     2.32679    0.988643
16     2.39142    0.983837
16     2.45606    0.980269
16     2.52069    0.974686
16     2.58532    0.971483
16     2.64995    0.968037
16     2.71459    0.963101
16     2.77922    0.965016
16     2.84385    0.962373
16     2.90849    0.961408
16     2.97312    0.960445
16     3.03775    0.960538
16     3.10239    0.960569
16     3.16702    0.959372
16     3.23165    0.959162
16     3.29629    0.959356
16     3.36092    0.959338
16     3.42555    0.958256
16     3.49018    0.957845
16     3.55482    0.957734
16     3.61945    0.959302
16     3.68408    0.956933
16     3.74872    0.958532
16     3.81335    0.958595
16     3.87798    0.957371
16     3.94262    0.958488
16     4.00725    0.958106
16     4.07188    0.958264
16     4.13651    0.958838
16     4.20115    0.958768
16     4.26578    0.958247
16     4.33041    0.959325
16     4.39505    0.959479
16     4.45968    0.959029
16     4.52431    0.960029
16     4.58895    0.960498
16     4.65358     0.96133
16     4.71821    0.960807
16     4.78285     0.96173
16     4.84748    0.961161
16     4.91211    0.961758
16     4.97674    0.961777
16     5.04138    0.962007
16     5.10601    0.960881
16     5.17064    0.961427
16     5.23528    0.962342
16     5.29991    0.961807
16     5.36454    0.963133
16     5.42918    0.964055
16     5.49381    0.962953
16     5.55844    0.962131
16     5.62307    0.963129
16     5.68771    0.964883
16     5.75234    0.964022
16     5.81697     0.96476
16     5.88161    0.964158
16     5.94624    0.965465
16     6.01087    0.965053
16     6.07551    0.964289
16     6.14014    0.966049
16     6.20477     0.96563
16      6.2694    0.965399
16     6.33404    0.967202
16     6.39867    0.966887
16      6.4633    0.965981
17    0.064633           0
17    0.129266           0
17    0.193899           0
17    0.258532           0
17    0.323165           0
17    0.387798           0
17    0.452431           0
17    0.517064           0
17    0.581697           0
17     0.64633           0
17    0.710963           0
17    0.775596           0
17     0.84023           0
17    0.904863  0.00073879
17    0.969496    0.131895
17     1.03413    0.936616
17     1.09876     1.81901
17     1.16339     2.03619
17     1.22803     1.87485
17     1.29266     1.65547
17     1.35729      1.4681
17     1.42193     1.33067
17     1.48656     1.22638
17     1.55119     1.15391
17     1.61583     1.09804
17     1.68046     1.05892
17     1.74509     1.03411
17     1.80973     1.01595
17     1.87436     1.00635
17     1.93899    0.996655
17     2.00362    0.994832
17     2.06826    0.994856
17     2.13289    0.993412
17     2.19752    0.991258
17     2.26216    0.989423
17     2.32679    0.988833
17     2.39142    0.983689
17     2.45606    0.980146
17     2.52069    0.974635
17     2.58532    0.971561
17     2.64995    0.968027
17     2.71459    0.963584
17     2.77922    0.964653
17     2.84385    0.962266
17     2.90849    0.961376
17     2.97312    0.960585
17     3.03775     0.96026
17     3.10239    0.960276
17     3.16702    0.959321
17     3.23165    0.958882
17     3.29629     0.95916
17     3.36092    0.958996
17     3.42555    0.958109
17     3.49018     0.95824
17     3.55482    0.957579
17     3.61945    0.959111
17     3.68408     0.95729
17     3.74872    0.958628
17     3.81335    0.958311
17     3.87798    0.957367
17     3.94262    0.958584
17     4.00725    0.958099
17     4.07188     0.95825
17     4.13651    0.958891
17     4.20115     0.95872
17     4.26578    0.958183
17     4.33041    0.959575
17     4.39505    0.959502
17     4.45968    0.958822
17     4.52431    0.959968
17     4.58895    0.960123
17     4.65358    0.960996
17     4.71821    0.960666
17     4.78285    0.961626
17     4.84748    0.961048
17     4.91211    0.961623
17     4.97674    0.961775
17     5.04138    0.962004
17     5.10601    0.960953
17     5.17064    0.961485
17     5.23528    0.962473
17     5.29991    0.961682
17     5.36454    0.963085
17     5.42918    0.963988
17     5.49381    0.962808
17     5.55844    0.962444
17     5.62307    0.962982
17     5.68771    0.964755
17     5.75234    0.964138
17     5.81697    0.964665
17     5.88161    0.964088
17     5.94624     0.96542
17     6.01087    0.965021
17     6.07551    0.964325
17     6.14014    0.966216
17     6.20477    0.965524
17      6.2694    0.965395
17     6.33404    0.967033
17     6.39867     0.96668
17      6.4633    0.965968
18    0.064633           0
18    0.129266           0
18    0.193899           0
18    0.258532           0
18    0.323165           0
18    0.387798           0
18    0.452431           0
18    0.517064           0
18    0.581697           0
18     0.64633           0
18    0.710963           0
18    0.775596           0
18     0.84023           0
18    0.904863 0.000738111
18    0.969496    0.131471
18     1.03413    0.935345
18     1.09876     1.81712
18     1.16339      2.0385
18     1.22803     1.87503
18     1.29266     1.65623
18     1.35729     1.46643
18     1.42193     1.32942
18     1.48656     1.22627
18     1.55119     1.15344
18     1.61583     1.09852
18     1.68046     1.05989
18     1.74509      1.0345
18     1.80973      1.0158
18     1.87436     1.00629
18     1.93899    0.996244
18     2.00362    0.994558
18     2.06826    0.994886
18     2.13289    0.992806
18     2.19752    0.991356
18     2.26216    0.990147
18     2.32679    0.988248
18     2.39142     0.98368
18     2.45606    0.979795
18     2.52069    0.974435
18     2.58532    0.971375
18     2.64995    0.968128
18     2.71459    0.963839
18     2.77922    0.965133
18     2.84385    0.962251
18     2.90849    0.961121
18     2.97312    0.960553
18     3.03775    0.959857
18     3.10239    0.960205
18     3.16702    0.959846
18     3.23165    0.958931
18     3.29629    0.959176
18     3.36092    0.958816
18     3.42555    0.958504
18     3.49018    0.958306
18     3.55482    0.957363
18     3.61945    0.959177
18     3.68408    0.957381
18     3.74872    0.958793
18     3.81335    0.958237
18     3.87798    0.957583
18     3.94262    0.958509
18     4.00725    0.958737
18     4.07188    0.958545
18     4.13651     0.95899
18     4.20115    0.958722
18     4.26578     0.95826
18     4.33041    0.959645
18     4.39505    0.959672
18     4.45968     0.95891
18     4.52431    0.959955
18     4.58895    0.959988
18     4.65358     0.96102
18     4.71821    0.960827
18     4.78285    0.961569
18     4.84748    0.961301
18     4.91211    0.961955
18     4.97674    0.961735
18     5.04138    0.961787
18     5.10601    0.960987
18     5.17064    0.961757
18     5.23528    0.962459
18     5.29991    0.961705
18     5.36454    0.962904
18     5.42918    0.964023
18     5.49381    0.962955
18     5.55844     0.96261
18     5.62307    0.962989
18     5.68771    0.964696
18     5.75234    0.964059
18     5.81697    0.964617
18     5.88161    0.964157
18     5.94624    0.965302
18     6.01087    0.964954
18     6.07551    0.964301
18     6.14014    0.966298
18     6.20477    0.965656
18      6.2694    0.965386
18     6.33404     0.96696
18     6.39867    0.966616
18      6.4633    0.965993
19    0.064633           0
19    0.129266           0
19    0.193899           0
19    0.258532           0
19    0.323165           0
19    0.387798           0
19    0.452431           0
19    0.517064           0
19    0.581697           0
19     0.64633           0
19    0.710963           0
19    0.775596           0
19     0.84023           0
19    0.904863  0.00074843
19    0.969496     0.13114
19     1.03413    0.935085
19     1.09876     1.81768
19     1.16339     2.03593
19     1.22803     1.87523
19     1.29266     1.65614
19     1.35729     1.46665
19     1.42193      1.3293
19     1.48656     1.22508
19     1.55119     1.15312
19     1.61583     1.09864
19     1.68046     1.06043
19     1.74509     1.03477
19     1.80973     1.01614
19     1.87436     1.00688
19     1.93899    0.996811
19     2.00362    0.994557
19     2.06826    0.995045
19     2.13289    0.992999
19     2.19752    0.991428
19     2.26216     0.99008
19     2.32679    0.988246
19     2.39142    0.982879
19     2.45606    0.979834
19     2.52069     0.97465
19     2.58532    0.971225
19     2.64995    0.968323
19     2.71459    0.964112
19     2.77922    0.965357
19     2.84385    0.963003
19     2.90849    0.961218
19     2.97312     0.96113
19     3.03775    0.959786
19     3.10239    0.960481
19     3.16702    0.959725
19     3.23165    0.959242
19     3.29629    0.959344
19     3.36092    0.958929
19     3.42555    0.958581
19     3.49018    0.958528
19     3.55482     0.95753
19     3.61945    0.959191
19     3.68408    0.957273
19     3.74872    0.958776
19     3.81335    0.958317
19     3.87798    0.957675
19     3.94262     0.95852
19     4.00725    0.958492
19     4.07188    0.958559
19     4.13651    0.959085
19     4.20115    0.958801
19     4.26578    0.958346
19     4.33041    0.959574
19     4.39505    0.959789
19     4.45968    0.959261
19     4.52431    0.960223
19     4.58895    0.959902
19     4.65358    0.961162
19     4.71821    0.960622
19     4.78285    0.961749
19     4.84748    0.961314
19     4.91211    0.961851
19     4.97674    0.961808
19     5.04138    0.961881
19     5.10601    0.961168
19     5.17064    0.962084
19     5.23528    0.962702
19     5.29991    0.961819
19     5.36454    0.962822
19     5.42918    0.964123
19     5.49381    0.963138
19     5.55844    0.962668
19     5.62307    0.963039
19     5.68771    0.964528
19     5.75234    0.964206
19     5.81697    0.964643
19     5.88161    0.964207
19     5.94624    0.965251
19     6.01087    0.964884
19     6.07551    0.964418
19     6.14014    0.966436
19     6.20477    0.965755
19      6.2694    0.965463
19     6.33404    0.966946
19     6.39867     0.96664
19      6.4633    0.965953
20    0.064633           0
20    0.129266           0
20    0.193899           0
20    0.258532           0
20    0.323165           0
20    0.387798           0
20    0.452431           0
20    0.517064           0
20    0.581697           0
20     0.64633           0
20    0.710963           0
20    0.775596           0
20     0.84023           0
20    0.904863 0.000762907
20    0.969496    0.130942
20     1.03413    0.936451
20     1.09876     1.81731
20     1.16339     2.03612
20     1.22803     1.87483
20     1.29266     1.65684
20     1.35729     1.46763
20     1.42193     1.32963
20     1.48656     1.22535
20     1.55119     1.15257
20     1.61583     1.09909
20     1.68046     1.06094
20     1.74509     1.03447
20     1.80973     1.01702
20     1.87436     1.00755
20     1.93899    0.996908
20     2.00362    0.994716
20     2.06826    0.994929
20     2.13289    0.993529
20     2.19752     0.99202
20     2.26216    0.990448
20     2.32679    0.988041
20     2.39142    0.982976
20     2.45606    0.980327
20     2.52069    0.974413
20     2.58532    0.971448
20     2.64995    0.968114
20     2.71459    0.963956
20     2.77922    0.965851
20     2.84385    0.963554
20     2.90849     0.96166
20     2.97312    0.961183
20     3.03775    0.959945
20     3.10239    0.960573
20     3.16702    0.959781
20     3.23165    0.959488
20     3.29629    0.959534
20     3.36092    0.959049
20     3.42555    0.958635
20     3.49018    0.958605
20     3.55482    0.957603
20     3.61945    0.959312
20     3.68408    0.957406
20     3.74872    0.958874
20     3.81335    0.958307
20     3.87798    0.957644
20     3.94262    0.958629
20     4.00725    0.958573
20     4.07188    0.958555
20     4.13651    0.959058
20     4.20115    0.958908
20     4.26578    0.958484
20     4.33041    0.959786
20     4.39505     0.95962
20     4.45968      0.9593
20     4.52431    0.960414
20     4.58895    0.959845
20     4.65358     0.96114
20     4.71821    0.960498
20     4.78285     0.96184
20     4.84748    0.961651
20     4.91211    0.961572
20     4.97674    0.961916
20     5.04138    0.961792
20     5.10601    0.961213
20     5.17064    0.962208
20     5.23528    0.962768
20     5.29991    0.961946
20     5.36454    0.962762
20     5.42918    0.964181
20     5.49381    0.963156
20     5.55844    0.962682
20     5.62307    0.963181
20     5.68771     0.96475
20     5.75234    0.964087
20     5.81697    0.964582
20     5.88161    0.964115
20     5.94624    0.965323
20     6.01087     0.96477
20     6.07551    0.964454
20     6.14014    0.966301
20     6.20477    0.965702
20      6.2694    0.965486
20     6.33404    0.966899
20     6.39867    0.966624
20      6.4633    0.966026
