1   -0.415149   -0.415149           0
2   -0.413797   -0.414473 0.000675759
3   -0.413962   -0.414303 0.000425755
4   -0.414341   -0.414312 0.000301207
5   -0.417325   -0.414915  0.00064618
6   -0.415189    -0.41496 0.000529571
7   -0.415634   -0.415057 0.000457796
8   -0.411175   -0.414571 0.000626619
9   -0.415272   -0.414649 0.000558085
10   -0.415118   -0.414696  0.00050136
11   -0.415013   -0.414725 0.000454409
12   -0.415057   -0.414753 0.000415737
13   -0.413168   -0.414631 0.000401385
14   -0.415114   -0.414665  0.00037321
15   -0.416781   -0.414806 0.000374983
16   -0.411217   -0.414582 0.000416381
17   -0.414377    -0.41457 0.000391308
18   -0.414626   -0.414573 0.000368941
19   -0.413709   -0.414527 0.000351934
20   -0.415786    -0.41459 0.000339756
