0.064633           0           0
0.129266           0           0
0.193899           0           0
0.258532           0           0
0.323165           0           0
0.387798           0           0
0.452431           0           0
0.517064           0           0
0.581697           0           0
0.64633           0           0
0.710963           0           0
0.775596           0           0
0.84023           0           0
0.904863 0.000762907 7.87169e-05
0.969496    0.130942 0.000824716
1.03413    0.936451   0.0028056
1.09876     1.81731  0.00413517
1.16339     2.03612  0.00486925
1.22803     1.87483  0.00430698
1.29266     1.65684  0.00285481
1.35729     1.46763  0.00375861
1.42193     1.32963  0.00308527
1.48656     1.22535  0.00341379
1.55119     1.15257  0.00178548
1.61583     1.09909  0.00212038
1.68046     1.06094  0.00205323
1.74509     1.03447  0.00165418
1.80973     1.01702  0.00208284
1.87436     1.00755    0.001756
1.93899    0.996908  0.00142166
2.00362    0.994716  0.00131569
2.06826    0.994929  0.00106219
2.13289    0.993529  0.00180077
2.19752     0.99202  0.00142529
2.26216    0.990448  0.00142313
2.32679    0.988041  0.00118772
2.39142    0.982976  0.00136846
2.45606    0.980327  0.00146723
2.52069    0.974413 0.000797699
2.58532    0.971448  0.00115389
2.64995    0.968114 0.000819394
2.71459    0.963956 0.000866208
2.77922    0.965851  0.00125662
2.84385    0.963554  0.00128245
2.90849     0.96166 0.000956562
2.97312    0.961183  0.00104561
3.03775    0.959945 0.000986401
3.10239    0.960573 0.000783834
3.16702    0.959781 0.000890364
3.23165    0.959488 0.000989974
3.29629    0.959534  0.00103517
3.36092    0.959049 0.000841357
3.42555    0.958635  0.00062835
3.49018    0.958605 0.000827873
3.55482    0.957603 0.000774754
3.61945    0.959312 0.000709537
3.68408    0.957406 0.000744199
3.74872    0.958874 0.000785439
3.81335    0.958307 0.000779059
3.87798    0.957644 0.000641959
3.94262    0.958629  0.00044233
4.00725    0.958573 0.000821129
4.07188    0.958555 0.000619122
4.13651    0.959058 0.000741811
4.20115    0.958908 0.000595617
4.26578    0.958484 0.000599357
4.33041    0.959786 0.000696276
4.39505     0.95962 0.000542205
4.45968      0.9593   0.0006292
4.52431    0.960414 0.000623287
4.58895    0.959845 0.000774708
4.65358     0.96114  0.00064929
4.71821    0.960498 0.000547266
4.78285     0.96184 0.000561487
4.84748    0.961651 0.000552126
4.91211    0.961572 0.000667576
4.97674    0.961916 0.000497933
5.04138    0.961792 0.000678094
5.10601    0.961213 0.000530527
5.17064    0.962208  0.00063673
5.23528    0.962768 0.000501852
5.29991    0.961946  0.00059418
5.36454    0.962762 0.000431846
5.42918    0.964181  0.00052449
5.49381    0.963156 0.000744628
5.55844    0.962682 0.000524747
5.62307    0.963181 0.000684373
5.68771     0.96475 0.000586881
5.75234    0.964087  0.00049599
5.81697    0.964582 0.000472883
5.88161    0.964115 0.000514574
5.94624    0.965323 0.000447944
6.01087     0.96477 0.000444994
6.07551    0.964454 0.000350723
6.14014    0.966301 0.000522093
6.20477    0.965702 0.000372001
6.2694    0.965486 0.000372938
6.33404    0.966899 0.000454727
6.39867    0.966624 0.000559443
6.4633    0.966026 0.000389361
